<?xml version="1.0" encoding="utf-8"?>
<COLLADA xmlns="http://www.collada.org/2005/11/COLLADASchema" version="1.4.1">
  <asset><contributor><author>Mixamo</author><authoring_tool>COLLADA Mixamo exporter</authoring_tool><comments></comments></contributor><created>2018-12-17T15:10:23Z</created><modified>2018-12-17T15:10:23Z</modified><revision></revision><title></title><unit meter="0.010000"/><up_axis>Y_UP</up_axis></asset>
  <library_animations>
    <animation id="Hips-anim" name="Hips"><source id="Hips-Matrix-animation-input"><float_array id="Hips-Matrix-animation-input-array" count="121">

0.000000 0.033333 0.066667 0.100000 0.133333 0.166667 0.200000 0.233333 0.266667 0.300000 0.333333 0.366667 0.400000 0.433333 0.466667 0.500000
0.533333 0.566667 0.600000 0.633333 0.666667 0.700000 0.733333 0.766667 0.800000 0.833333 0.866667 0.900000 0.933333 0.966667 1.000000 1.033333
1.066667 1.100000 1.133333 1.166667 1.200000 1.233333 1.266667 1.300000 1.333333 1.366667 1.400000 1.433333 1.466667 1.500000 1.533333 1.566667
1.600000 1.633333 1.666667 1.700000 1.733333 1.766667 1.800000 1.833333 1.866667 1.900000 1.933333 1.966667 2.000000 2.033333 2.066667 2.100000
2.133333 2.166667 2.200000 2.233333 2.266667 2.300000 2.333333 2.366667 2.400000 2.433333 2.466667 2.500000 2.533333 2.566667 2.600000 2.633333
2.666667 2.700000 2.733333 2.766667 2.800000 2.833333 2.866667 2.900000 2.933333 2.966667 3.000000 3.033333 3.066667 3.100000 3.133333 3.166667
3.200000 3.233333 3.266667 3.300000 3.333333 3.366667 3.400000 3.433333 3.466667 3.500000 3.533333 3.566667 3.600000 3.633333 3.666667 3.700000
3.733333 3.766667 3.800000 3.833333 3.866667 3.900000 3.933333 3.966667 4.000000</float_array><technique_common><accessor source="#Hips-Matrix-animation-input-array" count="121"><param name="TIME" type="float"/></accessor></technique_common></source><source id="Hips-Matrix-animation-output-transform"><float_array id="Hips-Matrix-animation-output-transform-array" count="1936">

0.997888 -0.030864 -0.057149 -2.411994 0.045072 0.962602 0.267145 89.032974 0.046767 -0.269157 0.961960 0.713745 0.000000 0.000000 0.000000 1.000000
0.995245 -0.014730 -0.096285 -0.767238 0.042575 0.954860 0.293989 91.107872 0.087608 -0.296690 0.950947 0.006641 0.000000 0.000000 0.000000 1.000000
0.992645 -0.000410 -0.121058 0.575970 0.037227 0.952573 0.302024 92.989525 0.115193 -0.304309 0.945583 -0.494711 0.000000 0.000000 0.000000 1.000000
0.991006 0.012650 -0.133215 1.469202 0.027377 0.955298 0.294375 94.518059 0.130984 -0.295375 0.946360 -0.825361 0.000000 0.000000 0.000000 1.000000
0.990424 0.026649 -0.135460 1.866393 0.012935 0.958965 0.283228 95.509277 0.137449 -0.282268 0.949438 -0.990236 0.000000 0.000000 0.000000 1.000000
0.990324 0.044412 -0.131479 1.854294 -0.005761 0.959750 0.280796 95.865784 0.138658 -0.277321 0.950719 -0.947701 0.000000 0.000000 0.000000 1.000000
0.989861 0.065090 -0.126248 1.521801 -0.025872 0.956578 0.290327 95.656807 0.139663 -0.284117 0.948563 -0.654941 0.000000 0.000000 0.000000 1.000000
0.988761 0.084075 -0.123623 0.856139 -0.042315 0.950458 0.307959 95.086731 0.143390 -0.299267 0.943334 -0.087582 0.000000 0.000000 0.000000 1.000000
0.987868 0.095259 -0.122649 -0.195691 -0.050224 0.943301 0.328118 94.384926 0.146951 -0.317977 0.936641 0.718755 0.000000 0.000000 0.000000 1.000000
0.988192 0.094935 -0.120268 -1.582110 -0.048087 0.937423 0.344856 93.589310 0.145481 -0.335001 0.930919 1.455464 0.000000 0.000000 0.000000 1.000000
0.989250 0.086406 -0.117976 -3.118145 -0.039592 0.934889 0.352726 92.925804 0.140772 -0.344263 0.928260 2.084109 0.000000 0.000000 0.000000 1.000000
0.989333 0.078347 -0.122811 -4.643842 -0.031038 0.937066 0.347771 92.737549 0.142328 -0.340249 0.929501 2.471552 0.000000 0.000000 0.000000 1.000000
0.987448 0.077260 -0.137761 -6.097379 -0.028147 0.944314 0.327840 93.463936 0.155419 -0.319847 0.934635 2.447926 0.000000 0.000000 0.000000 1.000000
0.984948 0.078886 -0.153798 -7.460535 -0.031161 0.956243 0.290911 95.435669 0.170017 -0.281740 0.944308 1.998895 0.000000 0.000000 0.000000 1.000000
0.984572 0.073671 -0.158718 -8.730940 -0.034462 0.970924 0.236893 98.603981 0.171556 -0.227768 0.958483 1.257479 0.000000 0.000000 0.000000 1.000000
0.986310 0.064754 -0.151655 -9.910248 -0.037861 0.984030 0.173930 102.441422 0.160496 -0.165807 0.973010 0.424305 0.000000 0.000000 0.000000 1.000000
0.988153 0.062264 -0.140271 -11.010459 -0.045698 0.991918 0.118368 106.730232 0.146508 -0.110555 0.983012 -0.271131 0.000000 0.000000 0.000000 1.000000
0.989412 0.066788 -0.128855 -12.038190 -0.055814 0.994646 0.086974 111.229904 0.133974 -0.078861 0.987842 -0.714111 0.000000 0.000000 0.000000 1.000000
0.990835 0.069450 -0.115857 -13.017139 -0.059820 0.994615 0.084627 115.621513 0.121110 -0.076921 0.989654 -0.880997 0.000000 0.000000 0.000000 1.000000
0.992554 0.064383 -0.103402 -13.974987 -0.054202 0.993667 0.098427 119.603256 0.109084 -0.092089 0.989758 -0.827036 0.000000 0.000000 0.000000 1.000000
0.994094 0.050522 -0.096042 -14.896779 -0.039820 0.993105 0.110254 122.872383 0.100950 -0.105779 0.989252 -0.622921 0.000000 0.000000 0.000000 1.000000
0.995066 0.031811 -0.093972 -15.674354 -0.020950 0.993216 0.114384 125.137650 0.096973 -0.111851 0.988982 -0.211072 0.000000 0.000000 0.000000 1.000000
0.995579 0.016951 -0.092388 -16.196257 -0.005766 0.992756 0.120011 126.272926 0.093753 -0.118948 0.988464 0.480511 0.000000 0.000000 0.000000 1.000000
0.996217 0.010064 -0.086316 -16.523520 0.001713 0.990805 0.135288 126.627968 0.086884 -0.134924 0.987039 1.308325 0.000000 0.000000 0.000000 1.000000
0.997094 0.009246 -0.075619 -16.757298 0.002390 0.988323 0.152354 127.681595 0.076145 -0.152092 0.985429 1.987824 0.000000 0.000000 0.000000 1.000000
0.997885 0.012753 -0.063735 -16.816847 -0.002761 0.987995 0.154458 130.154739 0.064940 -0.153956 0.985941 2.354466 0.000000 0.000000 0.000000 1.000000
0.998198 0.020560 -0.056371 -16.462002 -0.013048 0.991361 0.130511 133.948502 0.058567 -0.129540 0.989843 2.431757 0.000000 0.000000 0.000000 1.000000
0.997873 0.031244 -0.057204 -15.517410 -0.026275 0.995979 0.085647 138.279037 0.059650 -0.083962 0.994682 2.201871 0.000000 0.000000 0.000000 1.000000
0.996984 0.040117 -0.066429 -14.030195 -0.037418 0.998442 0.041397 142.185562 0.067986 -0.038786 0.996932 1.519613 0.000000 0.000000 0.000000 1.000000
0.995707 0.042028 -0.082466 -12.192868 -0.040341 0.998943 0.022020 145.133514 0.083305 -0.018599 0.996351 0.351767 0.000000 0.000000 0.000000 1.000000
0.994349 0.032521 -0.101058 -10.145643 -0.029189 0.998986 0.034270 147.279175 0.102070 -0.031126 0.994290 -1.111473 0.000000 0.000000 0.000000 1.000000
0.992709 0.010343 -0.120089 -8.001805 -0.003585 0.998404 0.056358 149.030914 0.120480 -0.055517 0.991162 -2.435308 0.000000 0.000000 0.000000 1.000000
0.989419 -0.010524 -0.144703 -5.897571 0.019663 0.997890 0.061874 150.665100 0.143747 -0.064064 0.987539 -3.323173 0.000000 0.000000 0.000000 1.000000
0.984628 -0.022246 -0.173244 -3.945586 0.031054 0.998350 0.048298 152.285583 0.171884 -0.052936 0.983694 -3.643225 0.000000 0.000000 0.000000 1.000000
0.979772 -0.025948 -0.198426 -2.102407 0.033249 0.998884 0.033551 153.742767 0.197334 -0.039470 0.979541 -3.528028 0.000000 0.000000 0.000000 1.000000
0.975812 -0.026806 -0.216960 -0.254773 0.033757 0.999027 0.028398 154.946960 0.215987 -0.035035 0.975767 -3.176946 0.000000 0.000000 0.000000 1.000000
0.971981 -0.028679 -0.233303 1.571053 0.035465 0.999060 0.024942 156.010864 0.232369 -0.032517 0.972084 -2.610103 0.000000 0.000000 0.000000 1.000000
0.967571 -0.033022 -0.250433 3.109787 0.037174 0.999238 0.011865 157.142639 0.249850 -0.020790 0.968061 -1.721498 0.000000 0.000000 0.000000 1.000000
0.963977 -0.039434 -0.263046 4.016575 0.037672 0.999221 -0.011741 158.455627 0.263304 0.001408 0.964712 -0.458449 0.000000 0.000000 0.000000 1.000000
0.963433 -0.046440 -0.263894 4.116368 0.037111 0.998501 -0.040229 159.942245 0.265367 0.028965 0.963712 1.098110 0.000000 0.000000 0.000000 1.000000
0.966226 -0.052572 -0.252276 3.464363 0.036046 0.996917 -0.069693 161.712646 0.255162 0.058246 0.965142 2.803531 0.000000 0.000000 0.000000 1.000000
0.970552 -0.055805 -0.234338 2.307787 0.033464 0.994599 -0.098254 164.029480 0.238555 0.087519 0.967177 4.548826 0.000000 0.000000 0.000000 1.000000
0.974407 -0.055195 -0.217911 0.993099 0.028967 0.992135 -0.121773 166.890121 0.222919 0.112344 0.968342 6.269341 0.000000 0.000000 0.000000 1.000000
0.977309 -0.055283 -0.204476 -0.248119 0.027465 0.990265 -0.136461 170.006561 0.210030 0.127749 0.969313 7.942765 0.000000 0.000000 0.000000 1.000000
0.979954 -0.059730 -0.190060 -1.417244 0.032247 0.988973 -0.144539 173.137955 0.196598 0.135513 0.971074 9.574308 0.000000 0.000000 0.000000 1.000000
0.982379 -0.070698 -0.173014 -2.606838 0.038740 0.982618 -0.181554 176.187653 0.182842 0.171652 0.968042 11.148739 0.000000 0.000000 0.000000 1.000000
0.984655 -0.088103 -0.150642 -3.842870 0.046347 0.964229 -0.260987 179.150986 0.168247 0.250000 0.953516 12.644154 0.000000 0.000000 0.000000 1.000000
0.986818 -0.104858 -0.123269 -5.096450 0.055120 0.933928 -0.353186 182.026337 0.152159 0.341736 0.927397 14.057030 0.000000 0.000000 0.000000 1.000000
0.988795 -0.115203 -0.094933 -6.346087 0.063660 0.900638 -0.429881 184.719513 0.135024 0.419021 0.897881 15.396738 0.000000 0.000000 0.000000 1.000000
0.990522 -0.118217 -0.069941 -7.591735 0.072298 0.881660 -0.466314 187.090790 0.116790 0.456837 0.881850 16.659983 0.000000 0.000000 0.000000 1.000000
0.991829 -0.118212 -0.047969 -8.836304 0.082665 0.881909 -0.464115 189.012726 0.097168 0.456357 0.884475 17.823483 0.000000 0.000000 0.000000 1.000000
0.991902 -0.124912 -0.022963 -10.065383 0.101427 0.887895 -0.448727 190.475052 0.076440 0.442764 0.893374 18.855797 0.000000 0.000000 0.000000 1.000000
0.990193 -0.139654 0.003853 -11.259542 0.127577 0.892637 -0.432346 191.558228 0.056940 0.428598 0.901699 19.774885 0.000000 0.000000 0.000000 1.000000
0.986963 -0.158188 0.029667 -12.392542 0.155622 0.890943 -0.426618 192.361313 0.041054 0.425673 0.903945 20.620338 0.000000 0.000000 0.000000 1.000000
0.983052 -0.175126 0.054221 -13.433511 0.180840 0.877773 -0.443635 192.744232 0.030098 0.445921 0.894566 21.252287 0.000000 0.000000 0.000000 1.000000
0.979779 -0.185193 0.075739 -14.361283 0.198613 0.854430 -0.480106 192.702728 0.024198 0.485440 0.873935 21.724621 0.000000 0.000000 0.000000 1.000000
0.977485 -0.188453 0.094909 -15.209854 0.209997 0.825004 -0.524662 192.611557 0.020574 0.532780 0.846004 22.176985 0.000000 0.000000 0.000000 1.000000
0.976066 -0.185482 0.113544 -16.011784 0.216958 0.794497 -0.567189 192.606339 0.014993 0.578248 0.815723 22.444664 0.000000 0.000000 0.000000 1.000000
0.976120 -0.176375 0.126809 -16.724796 0.217076 0.770050 -0.599918 192.669388 0.008161 0.613119 0.789948 22.773743 0.000000 0.000000 0.000000 1.000000
0.977811 -0.164683 0.129479 -17.299902 0.209466 0.759581 -0.615760 192.945465 0.003055 0.629218 0.777223 23.584352 0.000000 0.000000 0.000000 1.000000
0.980231 -0.155025 0.122939 -17.656197 0.197830 0.757948 -0.621593 193.693298 0.003181 0.633626 0.773633 25.184034 0.000000 0.000000 0.000000 1.000000
0.982469 -0.149646 0.111177 -17.658070 0.186145 0.754771 -0.629023 195.974640 0.010218 0.638691 0.769395 28.188902 0.000000 0.000000 0.000000 1.000000
0.984444 -0.147024 0.096198 -17.219584 0.174414 0.751690 -0.636036 200.054108 0.021201 0.642920 0.765639 32.311428 0.000000 0.000000 0.000000 1.000000
0.987066 -0.141230 0.075861 -16.441389 0.156764 0.751257 -0.641123 205.304901 0.033555 0.644723 0.763680 36.413929 0.000000 0.000000 0.000000 1.000000
0.989521 -0.133209 0.055708 -15.504688 0.137583 0.752812 -0.643696 210.063599 0.043808 0.644616 0.763251 39.345993 0.000000 0.000000 0.000000 1.000000
0.990710 -0.127995 0.045939 -14.604207 0.127278 0.753777 -0.644687 213.714340 0.047889 0.644545 0.763065 41.264320 0.000000 0.000000 0.000000 1.000000
0.992090 -0.117108 0.045192 -13.862974 0.118505 0.755082 -0.644831 217.109985 0.041391 0.645086 0.762988 43.131783 0.000000 0.000000 0.000000 1.000000
0.993914 -0.098588 0.049148 -13.230397 0.106947 0.756611 -0.645060 220.483871 0.026409 0.646390 0.762550 44.934761 0.000000 0.000000 0.000000 1.000000
0.995819 -0.075154 0.051930 -12.645263 0.090985 0.765190 -0.637343 224.057953 0.008162 0.639403 0.768829 46.821793 0.000000 0.000000 0.000000 1.000000
0.996918 -0.054699 0.056240 -12.186212 0.077727 0.785968 -0.613362 227.683395 -0.010652 0.615842 0.787797 49.074223 0.000000 0.000000 0.000000 1.000000
0.997084 -0.032325 0.069127 -11.995368 0.066218 0.816735 -0.573200 231.152405 -0.037930 0.576106 0.816494 51.962978 0.000000 0.000000 0.000000 1.000000
0.995627 -0.019536 0.091351 -12.250846 0.064446 0.851562 -0.520278 234.361389 -0.067627 0.523890 0.849097 55.471653 0.000000 0.000000 0.000000 1.000000
0.992265 0.003698 0.124087 -12.770205 0.054462 0.885263 -0.461891 237.279739 -0.111557 0.465076 0.878214 59.310024 0.000000 0.000000 0.000000 1.000000
0.987067 0.030722 0.157335 -13.423339 0.036503 0.912606 -0.407207 239.891861 -0.156095 0.407684 0.899682 63.208401 0.000000 0.000000 0.000000 1.000000
0.981947 0.051835 0.181916 -14.119008 0.017468 0.932762 -0.360069 242.168167 -0.188349 0.356747 0.915017 67.157272 0.000000 0.000000 0.000000 1.000000
0.978288 0.062609 0.197567 -14.855088 0.003967 0.947446 -0.319891 244.090637 -0.207212 0.313730 0.926627 71.309952 0.000000 0.000000 0.000000 1.000000
0.975399 0.063481 0.211110 -15.719282 0.000040 0.957590 -0.288136 245.769516 -0.220448 0.281056 0.934029 75.774712 0.000000 0.000000 0.000000 1.000000
0.972151 0.058596 0.226912 -16.711405 0.005244 0.962556 -0.271033 247.276443 -0.234297 0.264675 0.935442 80.361671 0.000000 0.000000 0.000000 1.000000
0.968920 0.049321 0.242406 -17.664700 0.016543 0.964809 -0.262431 248.491516 -0.246819 0.258285 0.934007 84.749641 0.000000 0.000000 0.000000 1.000000
0.966945 0.039765 0.251864 -18.375696 0.025039 0.968183 -0.248989 249.137451 -0.253752 0.247065 0.935184 88.641808 0.000000 0.000000 0.000000 1.000000
0.965592 0.035148 0.257676 -18.788799 0.025258 0.973466 -0.227433 248.728699 -0.258833 0.226115 0.939083 91.942551 0.000000 0.000000 0.000000 1.000000
0.963177 0.029664 0.267228 -18.996824 0.024858 0.979814 -0.198362 246.784149 -0.267717 0.197700 0.942996 94.839096 0.000000 0.000000 0.000000 1.000000
0.959504 0.022060 0.280830 -19.103754 0.026916 0.985188 -0.169351 243.624939 -0.280406 0.170052 0.944698 97.457695 0.000000 0.000000 0.000000 1.000000
0.956507 0.014632 0.291344 -19.193504 0.030186 0.988415 -0.148744 240.511902 -0.290145 0.151069 0.944984 99.955894 0.000000 0.000000 0.000000 1.000000
0.956957 0.008283 0.290111 -19.251022 0.033062 0.989974 -0.137325 238.623932 -0.288340 0.141006 0.947089 102.375076 0.000000 0.000000 0.000000 1.000000
0.961715 0.001612 0.274048 -19.240562 0.035241 0.990953 -0.129497 238.049622 -0.271777 0.134197 0.952958 104.723671 0.000000 0.000000 0.000000 1.000000
0.969051 -0.006439 0.246777 -19.146454 0.037242 0.992032 -0.120357 238.099213 -0.244035 0.125822 0.961569 107.047943 0.000000 0.000000 0.000000 1.000000
0.976851 -0.015388 0.213366 -18.925022 0.039384 0.993297 -0.108675 238.264786 -0.210264 0.114562 0.970909 109.375595 0.000000 0.000000 0.000000 1.000000
0.984158 -0.023815 0.175688 -18.489868 0.041086 0.994597 -0.095332 238.480835 -0.172469 0.101040 0.979819 111.685860 0.000000 0.000000 0.000000 1.000000
0.990533 -0.030786 0.133781 -17.767836 0.042000 0.995761 -0.081827 238.842300 -0.130695 0.086671 0.987627 113.924347 0.000000 0.000000 0.000000 1.000000
0.995262 -0.035886 0.090370 -16.753336 0.042266 0.996672 -0.069709 239.350754 -0.087568 0.073198 0.993466 116.036385 0.000000 0.000000 0.000000 1.000000
0.997865 -0.039458 0.052036 -15.490698 0.042526 0.997338 -0.059232 239.930954 -0.049561 0.061319 0.996887 117.973747 0.000000 0.000000 0.000000 1.000000
0.998855 -0.041017 0.024611 -14.018942 0.042181 0.997916 -0.048836 240.505844 -0.022557 0.049818 0.998504 119.676964 0.000000 0.000000 0.000000 1.000000
0.999162 -0.039872 0.009237 -12.402316 0.040190 0.998499 -0.037208 241.065033 -0.007739 0.037548 0.999265 121.073654 0.000000 0.000000 0.000000 1.000000
0.999313 -0.036945 0.003048 -10.722468 0.037012 0.998974 -0.026084 241.563248 -0.002082 0.026179 0.999655 122.168983 0.000000 0.000000 0.000000 1.000000
0.999374 -0.035334 0.001998 -9.113355 0.035367 0.999176 -0.019934 241.957489 -0.001292 0.019992 0.999799 123.041077 0.000000 0.000000 0.000000 1.000000
0.999340 -0.036231 0.002715 -7.689582 0.036280 0.999117 -0.021173 242.197556 -0.001945 0.021257 0.999772 123.776291 0.000000 0.000000 0.000000 1.000000
0.999277 -0.037779 0.004218 -6.502228 0.037877 0.998935 -0.026350 242.274261 -0.003218 0.026491 0.999644 124.405113 0.000000 0.000000 0.000000 1.000000
0.999257 -0.037665 0.008181 -5.549172 0.037890 0.998853 -0.029280 242.242004 -0.007069 0.029569 0.999538 124.929779 0.000000 0.000000 0.000000 1.000000
0.999232 -0.035730 0.016083 -4.815790 0.036163 0.998968 -0.027487 242.171982 -0.015085 0.028048 0.999493 125.369797 0.000000 0.000000 0.000000 1.000000
0.999081 -0.033507 0.026739 -4.294949 0.034129 0.999149 -0.023147 242.092514 -0.025940 0.024039 0.999374 125.751808 0.000000 0.000000 0.000000 1.000000
0.998783 -0.032123 0.037424 -3.986579 0.032834 0.999289 -0.018523 242.011826 -0.036802 0.019730 0.999128 126.083817 0.000000 0.000000 0.000000 1.000000
0.998428 -0.031429 0.046403 -3.866544 0.032088 0.999393 -0.013531 241.928833 -0.045950 0.014998 0.998831 126.369446 0.000000 0.000000 0.000000 1.000000
0.998083 -0.030887 0.053625 -3.884937 0.031340 0.999480 -0.007639 241.849609 -0.053361 0.009305 0.998532 126.615807 0.000000 0.000000 0.000000 1.000000
0.997749 -0.030338 0.059798 -3.990411 0.030491 0.999534 -0.001639 241.781830 -0.059720 0.003459 0.998209 126.827850 0.000000 0.000000 0.000000 1.000000
0.997402 -0.029948 0.065524 -4.152793 0.029797 0.999551 0.003278 241.728302 -0.065592 -0.001317 0.997846 127.006294 0.000000 0.000000 0.000000 1.000000
0.997025 -0.030001 0.071002 -4.358270 0.029584 0.999538 0.006923 241.685822 -0.071177 -0.004802 0.997452 127.153206 0.000000 0.000000 0.000000 1.000000
0.996617 -0.030926 0.076141 -4.593673 0.030254 0.999493 0.009967 241.649948 -0.076411 -0.007629 0.997047 127.274208 0.000000 0.000000 0.000000 1.000000
0.996177 -0.032942 0.080904 -4.844013 0.031999 0.999404 0.012924 241.617920 -0.081281 -0.010286 0.996638 127.373917 0.000000 0.000000 0.000000 1.000000
0.995713 -0.035629 0.085364 -5.098736 0.034416 0.999285 0.015644 241.588882 -0.085860 -0.012639 0.996227 127.453423 0.000000 0.000000 0.000000 1.000000
0.995248 -0.038355 0.089501 -5.347191 0.036914 0.999162 0.017704 241.562271 -0.090105 -0.014316 0.995829 127.514633 0.000000 0.000000 0.000000 1.000000
0.994809 -0.040975 0.093148 -5.568525 0.039360 0.999042 0.019110 241.537643 -0.093842 -0.015345 0.995469 127.564392 0.000000 0.000000 0.000000 1.000000
0.994416 -0.043610 0.096103 -5.737488 0.041837 0.998916 0.020392 241.514160 -0.096888 -0.016258 0.995163 127.611755 0.000000 0.000000 0.000000 1.000000
0.994090 -0.046063 0.098304 -5.851584 0.044110 0.998786 0.021946 241.490738 -0.099196 -0.017480 0.994914 127.658089 0.000000 0.000000 0.000000 1.000000
0.993840 -0.047916 0.099935 -5.940007 0.045781 0.998674 0.023547 241.468475 -0.100930 -0.018827 0.994715 127.695244 0.000000 0.000000 0.000000 1.000000
0.993639 -0.049148 0.101322 -6.033157 0.046876 0.998596 0.024683 241.451630 -0.102393 -0.019776 0.994547 127.719307 0.000000 0.000000 0.000000 1.000000
0.993441 -0.050225 0.102721 -6.137150 0.047879 0.998536 0.025184 241.441132 -0.103835 -0.020100 0.994391 127.738976 0.000000 0.000000 0.000000 1.000000
0.993223 -0.051545 0.104173 -6.239086 0.049160 0.998470 0.025335 241.429199 -0.105320 -0.020042 0.994236 127.760712 0.000000 0.000000 0.000000 1.000000
0.993004 -0.053010 0.105516 -6.324304 0.050591 0.998395 0.025470 241.406647 -0.106697 -0.019953 0.994091 127.775253 0.000000 0.000000 0.000000 1.000000
0.992822 -0.054283 0.106576 -6.388798 0.051826 0.998326 0.025693 241.372711 -0.107792 -0.019985 0.993973 127.770332 0.000000 0.000000 0.000000 1.000000
0.992687 -0.055195 0.107358 -6.438318 0.052701 0.998274 0.025932 241.333145 -0.108604 -0.020084 0.993882 127.745094 0.000000 0.000000 0.000000 1.000000</float_array><technique_common><accessor source="#Hips-Matrix-animation-output-transform-array" count="121" stride="16"><param type="float4x4"/></accessor></technique_common></source><source id="Hips-Interpolations"><Name_array id="Hips-Interpolations-array" count="121">
 LINEAR LINEAR LINEAR LINEAR LINEAR LINEAR LINEAR LINEAR LINEAR LINEAR LINEAR
LINEAR LINEAR LINEAR LINEAR LINEAR LINEAR LINEAR LINEAR LINEAR LINEAR LINEAR LINEAR
LINEAR LINEAR LINEAR LINEAR LINEAR LINEAR LINEAR LINEAR LINEAR LINEAR LINEAR LINEAR
LINEAR LINEAR LINEAR LINEAR LINEAR LINEAR LINEAR LINEAR LINEAR LINEAR LINEAR LINEAR
LINEAR LINEAR LINEAR LINEAR LINEAR LINEAR LINEAR LINEAR LINEAR LINEAR LINEAR LINEAR
LINEAR LINEAR LINEAR LINEAR LINEAR LINEAR LINEAR LINEAR LINEAR LINEAR LINEAR LINEAR
LINEAR LINEAR LINEAR LINEAR LINEAR LINEAR LINEAR LINEAR LINEAR LINEAR LINEAR LINEAR
LINEAR LINEAR LINEAR LINEAR LINEAR LINEAR LINEAR LINEAR LINEAR LINEAR LINEAR LINEAR
LINEAR LINEAR LINEAR LINEAR LINEAR LINEAR LINEAR LINEAR LINEAR LINEAR LINEAR LINEAR
LINEAR LINEAR LINEAR LINEAR LINEAR LINEAR LINEAR LINEAR LINEAR LINEAR LINEAR LINEAR
LINEAR LINEAR</Name_array><technique_common><accessor source="#Hips-Interpolations-array" count="121"><param type="name"/></accessor></technique_common></source><sampler id="Hips-Matrix-animation-transform"><input semantic="INPUT" source="#Hips-Matrix-animation-input"/><input semantic="OUTPUT" source="#Hips-Matrix-animation-output-transform"/><input semantic="INTERPOLATION" source="#Hips-Interpolations"/></sampler><channel source="#Hips-Matrix-animation-transform" target="Hips/matrix"/></animation>
    <animation id="Spine-anim" name="Spine"><source id="Spine-Matrix-animation-input"><float_array id="Spine-Matrix-animation-input-array" count="121">

0.000000 0.033333 0.066667 0.100000 0.133333 0.166667 0.200000 0.233333 0.266667 0.300000 0.333333 0.366667 0.400000 0.433333 0.466667 0.500000
0.533333 0.566667 0.600000 0.633333 0.666667 0.700000 0.733333 0.766667 0.800000 0.833333 0.866667 0.900000 0.933333 0.966667 1.000000 1.033333
1.066667 1.100000 1.133333 1.166667 1.200000 1.233333 1.266667 1.300000 1.333333 1.366667 1.400000 1.433333 1.466667 1.500000 1.533333 1.566667
1.600000 1.633333 1.666667 1.700000 1.733333 1.766667 1.800000 1.833333 1.866667 1.900000 1.933333 1.966667 2.000000 2.033333 2.066667 2.100000
2.133333 2.166667 2.200000 2.233333 2.266667 2.300000 2.333333 2.366667 2.400000 2.433333 2.466667 2.500000 2.533333 2.566667 2.600000 2.633333
2.666667 2.700000 2.733333 2.766667 2.800000 2.833333 2.866667 2.900000 2.933333 2.966667 3.000000 3.033333 3.066667 3.100000 3.133333 3.166667
3.200000 3.233333 3.266667 3.300000 3.333333 3.366667 3.400000 3.433333 3.466667 3.500000 3.533333 3.566667 3.600000 3.633333 3.666667 3.700000
3.733333 3.766667 3.800000 3.833333 3.866667 3.900000 3.933333 3.966667 4.000000</float_array><technique_common><accessor source="#Spine-Matrix-animation-input-array" count="121"><param name="TIME" type="float"/></accessor></technique_common></source><source id="Spine-Matrix-animation-output-transform"><float_array id="Spine-Matrix-animation-output-transform-array" count="1936">

0.999849 0.006390 0.016135 0.017300 -0.005168 0.997195 -0.074666 10.574800 -0.016567 0.074571 0.997078 -1.117200 0.000000 0.000000 0.000000 1.000000
0.999854 0.006203 0.015900 0.017300 -0.004750 0.995945 -0.089844 10.574800 -0.016393 0.089755 0.995829 -1.117200 0.000000 0.000000 0.000000 1.000000
0.999873 0.002148 0.015780 0.017300 -0.000548 0.994919 -0.100673 10.574800 -0.015916 0.100651 0.994794 -1.117200 0.000000 0.000000 0.000000 1.000000
0.999867 -0.004863 0.015583 0.017300 0.006513 0.994166 -0.107665 10.574800 -0.014969 0.107752 0.994065 -1.117200 0.000000 0.000000 0.000000 1.000000
0.999803 -0.012846 0.015126 0.017300 0.014471 0.993518 -0.112754 10.574800 -0.013580 0.112951 0.993508 -1.117200 0.000000 0.000000 0.000000 1.000000
0.999682 -0.020432 0.014764 0.017300 0.022034 0.992768 -0.118009 10.574800 -0.012246 0.118297 0.992903 -1.117200 0.000000 0.000000 0.000000 1.000000
0.999544 -0.026258 0.014906 0.017300 0.027906 0.991890 -0.124000 10.574800 -0.011529 0.124359 0.992170 -1.117200 0.000000 0.000000 0.000000 1.000000
0.999476 -0.028524 0.015316 0.017300 0.030274 0.991077 -0.129808 10.574800 -0.011476 0.130203 0.991421 -1.117200 0.000000 0.000000 0.000000 1.000000
0.999564 -0.025569 0.014736 0.017300 0.027317 0.990589 -0.134120 10.574800 -0.011168 0.134464 0.990856 -1.117200 0.000000 0.000000 0.000000 1.000000
0.999782 -0.017293 0.011681 0.017300 0.018723 0.990503 -0.136212 10.574800 -0.009215 0.136401 0.990611 -1.117200 0.000000 0.000000 0.000000 1.000000
0.999961 -0.006303 0.006247 0.017300 0.007095 0.990660 -0.136167 10.574800 -0.005330 0.136206 0.990666 -1.117200 0.000000 0.000000 0.000000 1.000000
0.999994 0.003356 0.001025 0.017300 -0.003188 0.990925 -0.134380 10.574800 -0.001467 0.134375 0.990929 -1.117200 0.000000 0.000000 0.000000 1.000000
0.999960 0.008963 -0.000618 0.017300 -0.008967 0.991356 -0.130894 10.574800 -0.000560 0.130895 0.991396 -1.117200 0.000000 0.000000 0.000000 1.000000
0.999934 0.011402 0.001607 0.017300 -0.011110 0.992050 -0.125351 10.574800 -0.003024 0.125324 0.992111 -1.117200 0.000000 0.000000 0.000000 1.000000
0.999899 0.013695 0.003745 0.017300 -0.013156 0.992882 -0.118372 10.574800 -0.005340 0.118311 0.992962 -1.117200 0.000000 0.000000 0.000000 1.000000
0.999880 0.015302 0.002422 0.017300 -0.014931 0.993503 -0.112826 10.574800 -0.004132 0.112777 0.993612 -1.117200 0.000000 0.000000 0.000000 1.000000
0.999891 0.014581 -0.002440 0.017300 -0.014763 0.993565 -0.112297 10.574800 0.000787 0.112321 0.993672 -1.117200 0.000000 0.000000 0.000000 1.000000
0.999903 0.011658 -0.007637 0.017300 -0.012480 0.992900 -0.118298 10.574800 0.006204 0.118382 0.992949 -1.117200 0.000000 0.000000 0.000000 1.000000
0.999899 0.009464 -0.010569 0.017300 -0.010747 0.991618 -0.128755 10.574800 0.009262 0.128855 0.991620 -1.117200 0.000000 0.000000 0.000000 1.000000
0.999913 0.008630 -0.009944 0.017300 -0.009931 0.990200 -0.139304 10.574800 0.008644 0.139391 0.990200 -1.117200 0.000000 0.000000 0.000000 1.000000
0.999925 0.009563 -0.007659 0.017300 -0.010583 0.989139 -0.146600 10.574800 0.006174 0.146670 0.989166 -1.117200 0.000000 0.000000 0.000000 1.000000
0.999914 0.011739 -0.005849 0.017300 -0.012485 0.988558 -0.150322 10.574800 0.004017 0.150383 0.988620 -1.117200 0.000000 0.000000 0.000000 1.000000
0.999908 0.012824 -0.004417 0.017300 -0.013347 0.988240 -0.152328 10.574800 0.002411 0.152373 0.988320 -1.117200 0.000000 0.000000 0.000000 1.000000
0.999905 0.013285 -0.003797 0.017300 -0.013712 0.987966 -0.154062 10.574800 0.001704 0.154100 0.988054 -1.117200 0.000000 0.000000 0.000000 1.000000
0.999889 0.014096 -0.004790 0.017300 -0.014669 0.987799 -0.155045 10.574800 0.002546 0.155098 0.987896 -1.117200 0.000000 0.000000 0.000000 1.000000
0.999867 0.014504 -0.007446 0.017300 -0.015473 0.988097 -0.153053 10.574800 0.005137 0.153148 0.988190 -1.117200 0.000000 0.000000 0.000000 1.000000
0.999866 0.012745 -0.010297 0.017300 -0.014120 0.989059 -0.146846 10.574800 0.008313 0.146972 0.989106 -1.117200 0.000000 0.000000 0.000000 1.000000
0.999888 0.008916 -0.012052 0.017300 -0.010503 0.990272 -0.138749 10.574800 0.010697 0.138860 0.990254 -1.117200 0.000000 0.000000 0.000000 1.000000
0.999898 0.006232 -0.012865 0.017300 -0.007906 0.990885 -0.134475 10.574800 0.011910 0.134563 0.990833 -1.117200 0.000000 0.000000 0.000000 1.000000
0.999871 0.008438 -0.013642 0.017300 -0.010253 0.990244 -0.138967 10.574800 0.012337 0.139089 0.990203 -1.117200 0.000000 0.000000 0.000000 1.000000
0.999767 0.015712 -0.014833 0.017300 -0.017782 0.988262 -0.151732 10.574800 0.012275 0.151960 0.988310 -1.117200 0.000000 0.000000 0.000000 1.000000
0.999477 0.027103 -0.017629 0.017300 -0.029656 0.985688 -0.165951 10.574800 0.012879 0.166387 0.985976 -1.117200 0.000000 0.000000 0.000000 1.000000
0.999179 0.035687 -0.019191 0.017300 -0.038503 0.983771 -0.175251 10.574800 0.012625 0.175846 0.984337 -1.117200 0.000000 0.000000 0.000000 1.000000
0.999011 0.039700 -0.020027 0.017300 -0.042653 0.982869 -0.179301 10.574800 0.012566 0.179978 0.983590 -1.117200 0.000000 0.000000 0.000000 1.000000
0.998982 0.040009 -0.020832 0.017300 -0.043140 0.982334 -0.182096 10.574800 0.013179 0.182809 0.983060 -1.117200 0.000000 0.000000 0.000000 1.000000
0.999015 0.038622 -0.021872 0.017300 -0.042025 0.981629 -0.186112 10.574800 0.014282 0.186847 0.982285 -1.117200 0.000000 0.000000 0.000000 1.000000
0.999069 0.036758 -0.022585 0.017300 -0.040388 0.980938 -0.190078 10.574800 0.015167 0.190813 0.981509 -1.117200 0.000000 0.000000 0.000000 1.000000
0.999145 0.034745 -0.022394 0.017300 -0.038403 0.980670 -0.191863 10.574800 0.015295 0.192559 0.981166 -1.117200 0.000000 0.000000 0.000000 1.000000
0.999228 0.032822 -0.021577 0.017300 -0.036350 0.980853 -0.191326 10.574800 0.014884 0.191963 0.981289 -1.117200 0.000000 0.000000 0.000000 1.000000
0.999294 0.031230 -0.020882 0.017300 -0.034633 0.981188 -0.189924 10.574800 0.014557 0.190513 0.981577 -1.117200 0.000000 0.000000 0.000000 1.000000
0.999336 0.029957 -0.020758 0.017300 -0.033344 0.981440 -0.188847 10.574800 0.014715 0.189414 0.981787 -1.117200 0.000000 0.000000 0.000000 1.000000
0.999375 0.028679 -0.020688 0.017300 -0.032065 0.981612 -0.188177 10.574800 0.014910 0.188723 0.981917 -1.117200 0.000000 0.000000 0.000000 1.000000
0.999452 0.026907 -0.019269 0.017300 -0.030049 0.981781 -0.187626 10.574800 0.013870 0.188102 0.982052 -1.117200 0.000000 0.000000 0.000000 1.000000
0.999560 0.024796 -0.016307 0.017300 -0.027413 0.981936 -0.187217 10.574800 0.011371 0.187582 0.982183 -1.117200 0.000000 0.000000 0.000000 1.000000
0.999668 0.022551 -0.012440 0.017300 -0.024481 0.982034 -0.187108 10.574800 0.007997 0.187351 0.982260 -1.117200 0.000000 0.000000 0.000000 1.000000
0.999777 0.019728 -0.007508 0.017300 -0.020762 0.983217 -0.181252 10.574800 0.003807 0.181368 0.983408 -1.117200 0.000000 0.000000 0.000000 1.000000
0.999858 0.016695 -0.002185 0.017300 -0.016825 0.985809 -0.167025 10.574800 -0.000635 0.167038 0.985950 -1.117200 0.000000 0.000000 0.000000 1.000000
0.999899 0.013905 0.003069 0.017300 -0.013289 0.988644 -0.149687 10.574800 -0.005115 0.149631 0.988729 -1.117200 0.000000 0.000000 0.000000 1.000000
0.999902 0.010971 0.008695 0.017300 -0.009700 0.990839 -0.134698 10.574800 -0.010093 0.134600 0.990849 -1.117200 0.000000 0.000000 0.000000 1.000000
0.999861 0.007620 0.014848 0.017300 -0.005662 0.991790 -0.127751 10.574800 -0.015700 0.127649 0.991695 -1.117200 0.000000 0.000000 0.000000 1.000000
0.999778 0.004490 0.020579 0.017300 -0.001798 0.991640 -0.129027 10.574800 -0.020986 0.128961 0.991428 -1.117200 0.000000 0.000000 0.000000 1.000000
0.999686 0.002494 0.024928 0.017300 0.000844 0.991117 -0.132990 10.574800 -0.025039 0.132969 0.990804 -1.117200 0.000000 0.000000 0.000000 1.000000
0.999606 0.002066 0.027993 0.017300 0.001789 0.990574 -0.136970 10.574800 -0.028012 0.136966 0.990180 -1.117200 0.000000 0.000000 0.000000 1.000000
0.999518 0.002829 0.030914 0.017300 0.001480 0.990363 -0.138488 10.574800 -0.031008 0.138467 0.989881 -1.117200 0.000000 0.000000 0.000000 1.000000
0.999372 0.004521 0.035137 0.017300 0.000263 0.990851 -0.134962 10.574800 -0.035425 0.134887 0.990228 -1.117200 0.000000 0.000000 0.000000 1.000000
0.999096 0.007460 0.041857 0.017300 -0.002083 0.991893 -0.127062 10.574800 -0.042465 0.126860 0.991011 -1.117200 0.000000 0.000000 0.000000 1.000000
0.998755 0.013158 0.048118 0.017300 -0.007441 0.993091 -0.117114 10.574800 -0.049326 0.116610 0.991952 -1.117200 0.000000 0.000000 0.000000 1.000000
0.998549 0.018968 0.050400 0.017300 -0.013481 0.994162 -0.107057 10.574800 -0.052136 0.106222 0.992975 -1.117200 0.000000 0.000000 0.000000 1.000000
0.998443 0.021685 0.051396 0.017300 -0.016529 0.994979 -0.098711 10.574800 -0.053278 0.097708 0.993788 -1.117200 0.000000 0.000000 0.000000 1.000000
0.998328 0.021621 0.053612 0.017300 -0.016488 0.995398 -0.094396 10.574800 -0.055406 0.093354 0.994090 -1.117200 0.000000 0.000000 0.000000 1.000000
0.998170 0.021091 0.056668 0.017300 -0.015736 0.995510 -0.093345 10.574800 -0.058382 0.092282 0.994020 -1.117200 0.000000 0.000000 0.000000 1.000000
0.998048 0.022219 0.058361 0.017300 -0.016684 0.995465 -0.093659 10.574800 -0.060177 0.092502 0.993892 -1.117200 0.000000 0.000000 0.000000 1.000000
0.998152 0.025984 0.054932 0.017300 -0.020605 0.995138 -0.096315 10.574800 -0.057167 0.095005 0.993834 -1.117200 0.000000 0.000000 0.000000 1.000000
0.998297 0.030488 0.049744 0.017300 -0.025331 0.994544 -0.101195 10.574800 -0.052557 0.099763 0.993622 -1.117200 0.000000 0.000000 0.000000 1.000000
0.998441 0.035354 0.043187 0.017300 -0.030557 0.993782 -0.107072 10.574800 -0.046704 0.105585 0.993313 -1.117200 0.000000 0.000000 0.000000 1.000000
0.998559 0.041319 0.034256 0.017300 -0.037244 0.993001 -0.112078 10.574800 -0.038647 0.110641 0.993109 -1.117200 0.000000 0.000000 0.000000 1.000000
0.998626 0.045518 0.025963 0.017300 -0.042257 0.992504 -0.114674 10.574800 -0.030989 0.113419 0.993064 -1.117200 0.000000 0.000000 0.000000 1.000000
0.998691 0.047819 0.018132 0.017300 -0.045442 0.992405 -0.114313 10.574800 -0.023460 0.113340 0.993279 -1.117200 0.000000 0.000000 0.000000 1.000000
0.998787 0.048065 0.010685 0.017300 -0.046546 0.992443 -0.113534 10.574800 -0.016062 0.112899 0.993477 -1.117200 0.000000 0.000000 0.000000 1.000000
0.998835 0.048209 0.002311 0.017300 -0.047626 0.992260 -0.114683 10.574800 -0.007822 0.114440 0.993399 -1.117200 0.000000 0.000000 0.000000 1.000000
0.998903 0.046515 -0.005396 0.017300 -0.046827 0.991968 -0.117504 10.574800 -0.000113 0.117628 0.993058 -1.117200 0.000000 0.000000 0.000000 1.000000
0.998844 0.046369 -0.012672 0.017300 -0.047563 0.991518 -0.120951 10.574800 0.006956 0.121414 0.992578 -1.117200 0.000000 0.000000 0.000000 1.000000
0.998870 0.043722 -0.018653 0.017300 -0.045708 0.991179 -0.124395 10.574800 0.013049 0.125107 0.992057 -1.117200 0.000000 0.000000 0.000000 1.000000
0.998951 0.039425 -0.023296 0.017300 -0.042072 0.991021 -0.126916 10.574800 0.018083 0.127763 0.991640 -1.117200 0.000000 0.000000 0.000000 1.000000
0.999028 0.034854 -0.026969 0.017300 -0.038029 0.991052 -0.127944 10.574800 0.022269 0.128845 0.991415 -1.117200 0.000000 0.000000 0.000000 1.000000
0.999092 0.030080 -0.030182 0.017300 -0.033686 0.991316 -0.127115 10.574800 0.026097 0.128017 0.991429 -1.117200 0.000000 0.000000 0.000000 1.000000
0.999106 0.025268 -0.033882 0.017300 -0.029287 0.991862 -0.123905 10.574800 0.030476 0.124787 0.991715 -1.117200 0.000000 0.000000 0.000000 1.000000
0.999077 0.020018 -0.038010 0.017300 -0.024363 0.992770 -0.117534 10.574800 0.035383 0.118352 0.992341 -1.117200 0.000000 0.000000 0.000000 1.000000
0.999056 0.014845 -0.040819 0.017300 -0.019250 0.993774 -0.109743 10.574800 0.038936 0.110425 0.993121 -1.117200 0.000000 0.000000 0.000000 1.000000
0.999205 0.009009 -0.038838 0.017300 -0.012996 0.994525 -0.103683 10.574800 0.037691 0.104106 0.993852 -1.117200 0.000000 0.000000 0.000000 1.000000
0.999527 0.001169 -0.030727 0.017300 -0.004249 0.994942 -0.100365 10.574800 0.030454 0.100448 0.994476 -1.117200 0.000000 0.000000 0.000000 1.000000
0.999787 -0.004377 -0.020159 0.017300 0.002353 0.995051 -0.099333 10.574800 0.020494 0.099264 0.994850 -1.117200 0.000000 0.000000 0.000000 1.000000
0.999924 -0.007423 -0.009805 0.017300 0.006414 0.995043 -0.099236 10.574800 0.010493 0.099165 0.995016 -1.117200 0.000000 0.000000 0.000000 1.000000
0.999964 -0.008334 -0.001272 0.017300 0.008168 0.995084 -0.098698 10.574800 0.002088 0.098684 0.995117 -1.117200 0.000000 0.000000 0.000000 1.000000
0.999947 -0.008397 0.005880 0.017300 0.008928 0.995228 -0.097172 10.574800 -0.005036 0.097219 0.995250 -1.117200 0.000000 0.000000 0.000000 1.000000
0.999886 -0.008416 0.012574 0.017300 0.009576 0.995402 -0.095306 10.574800 -0.011714 0.095416 0.995369 -1.117200 0.000000 0.000000 0.000000 1.000000
0.999800 -0.007919 0.018371 0.017300 0.009610 0.995538 -0.093871 10.574800 -0.017546 0.094029 0.995415 -1.117200 0.000000 0.000000 0.000000 1.000000
0.999736 -0.006431 0.022038 0.017300 0.008454 0.995634 -0.092963 10.574800 -0.021344 0.093125 0.995426 -1.117200 0.000000 0.000000 0.000000 1.000000
0.999725 -0.004320 0.023051 0.017300 0.006427 0.995725 -0.092139 10.574800 -0.022554 0.092262 0.995479 -1.117200 0.000000 0.000000 0.000000 1.000000
0.999751 -0.002245 0.022211 0.017300 0.004257 0.995846 -0.090957 10.574800 -0.021915 0.091029 0.995607 -1.117200 0.000000 0.000000 0.000000 1.000000
0.999781 -0.000841 0.020904 0.017300 0.002709 0.995985 -0.089485 10.574800 -0.020745 0.089522 0.995769 -1.117200 0.000000 0.000000 0.000000 1.000000
0.999806 0.000103 0.019684 0.017300 0.001642 0.996065 -0.088615 10.574800 -0.019615 0.088630 0.995871 -1.117200 0.000000 0.000000 0.000000 1.000000
0.999828 0.000563 0.018550 0.017300 0.001103 0.995971 -0.089674 10.574800 -0.018525 0.089679 0.995798 -1.117200 0.000000 0.000000 0.000000 1.000000
0.999848 0.000377 0.017433 0.017300 0.001250 0.995646 -0.093202 10.574800 -0.017392 0.093210 0.995495 -1.117200 0.000000 0.000000 0.000000 1.000000
0.999867 -0.000606 0.016328 0.017300 0.002203 0.995188 -0.097963 10.574800 -0.016190 0.097986 0.995056 -1.117200 0.000000 0.000000 0.000000 1.000000
0.999883 -0.001507 0.015195 0.017300 0.003043 0.994822 -0.101591 10.574800 -0.014963 0.101626 0.994710 -1.117200 0.000000 0.000000 0.000000 1.000000
0.999897 -0.001953 0.014192 0.017300 0.003400 0.994710 -0.102667 10.574800 -0.013916 0.102705 0.994615 -1.117200 0.000000 0.000000 0.000000 1.000000
0.999908 -0.002241 0.013386 0.017300 0.003595 0.994778 -0.101999 10.574800 -0.013087 0.102038 0.994694 -1.117200 0.000000 0.000000 0.000000 1.000000
0.999916 -0.002745 0.012674 0.017300 0.004018 0.994826 -0.101512 10.574800 -0.012330 0.101554 0.994754 -1.117200 0.000000 0.000000 0.000000 1.000000
0.999922 -0.003423 0.011981 0.017300 0.004629 0.994758 -0.102149 10.574800 -0.011568 0.102197 0.994697 -1.117200 0.000000 0.000000 0.000000 1.000000
0.999929 -0.003877 0.011293 0.017300 0.005024 0.994632 -0.103354 10.574800 -0.010832 0.103404 0.994580 -1.117200 0.000000 0.000000 0.000000 1.000000
0.999937 -0.003700 0.010618 0.017300 0.004788 0.994534 -0.104308 10.574800 -0.010174 0.104352 0.994488 -1.117200 0.000000 0.000000 0.000000 1.000000
0.999946 -0.002865 0.009944 0.017300 0.003892 0.994475 -0.104906 10.574800 -0.009588 0.104939 0.994432 -1.117200 0.000000 0.000000 0.000000 1.000000
0.999956 -0.001692 0.009273 0.017300 0.002661 0.994420 -0.105456 10.574800 -0.009043 0.105476 0.994381 -1.117200 0.000000 0.000000 0.000000 1.000000
0.999963 -0.000545 0.008599 0.017300 0.001453 0.994366 -0.105987 10.574800 -0.008493 0.105996 0.994330 -1.117200 0.000000 0.000000 0.000000 1.000000
0.999969 0.000457 0.007871 0.017300 0.000382 0.994345 -0.106195 10.574800 -0.007875 0.106195 0.994314 -1.117200 0.000000 0.000000 0.000000 1.000000
0.999974 0.001456 0.007060 0.017300 -0.000701 0.994376 -0.105906 10.574800 -0.007174 0.105898 0.994351 -1.117200 0.000000 0.000000 0.000000 1.000000
0.999977 0.002680 0.006195 0.017300 -0.002013 0.994436 -0.105327 10.574800 -0.006443 0.105312 0.994418 -1.117200 0.000000 0.000000 0.000000 1.000000
0.999977 0.004204 0.005317 0.017300 -0.003623 0.994484 -0.104826 10.574800 -0.005728 0.104804 0.994476 -1.117200 0.000000 0.000000 0.000000 1.000000
0.999973 0.005865 0.004453 0.017300 -0.005367 0.994505 -0.104551 10.574800 -0.005042 0.104524 0.994510 -1.117200 0.000000 0.000000 0.000000 1.000000
0.999966 0.007366 0.003651 0.017300 -0.006945 0.994518 -0.104330 10.574800 -0.004399 0.104301 0.994536 -1.117200 0.000000 0.000000 0.000000 1.000000
