<?xml version="1.0" encoding="utf-8"?>
<COLLADA xmlns="http://www.collada.org/2005/11/COLLADASchema" version="1.4.1">
  <asset><contributor><author>Mixamo</author><authoring_tool>COLLADA Mixamo exporter</authoring_tool><comments></comments></contributor><created>2018-12-17T13:48:48Z</created><modified>2018-12-17T13:48:48Z</modified><revision></revision><title></title><unit meter="0.010000"/><up_axis>Y_UP</up_axis></asset>
  <library_animations>
    <animation id="Hips-anim" name="Hips"><source id="Hips-Matrix-animation-input"><float_array id="Hips-Matrix-animation-input-array" count="48">

0.000000 0.033333 0.066667 0.100000 0.133333 0.166667 0.200000 0.233333 0.266667 0.300000 0.333333 0.366667 0.400000 0.433333 0.466667 0.500000
0.533333 0.566667 0.600000 0.633333 0.666667 0.700000 0.733333 0.766667 0.800000 0.833333 0.866667 0.900000 0.933333 0.966667 1.000000 1.033333
1.066667 1.100000 1.133333 1.166667 1.200000 1.233333 1.266667 1.300000 1.333333 1.366667 1.400000 1.433333 1.466667 1.500000 1.533333 1.566667</float_array><technique_common><accessor source="#Hips-Matrix-animation-input-array" count="48"><param name="TIME" type="float"/></accessor></technique_common></source><source id="Hips-Matrix-animation-output-transform"><float_array id="Hips-Matrix-animation-output-transform-array" count="768">

0.996158 -0.073667 0.047346 -2.570984 0.074279 0.997174 -0.011280 89.758286 -0.046382 0.014753 0.998815 -2.173079 0.000000 0.000000 0.000000 1.000000
0.998686 -0.049938 0.011538 -2.168828 0.049951 0.998751 -0.000818 91.824295 -0.011482 0.001393 0.999933 -1.870215 0.000000 0.000000 0.000000 1.000000
0.999452 -0.024666 -0.022067 -1.814107 0.024889 0.999641 0.009877 93.821220 0.021815 -0.010421 0.999708 -1.558133 0.000000 0.000000 0.000000 1.000000
0.998580 0.001809 -0.053241 -1.514429 -0.000740 0.999798 0.020087 95.658676 0.053267 -0.020019 0.998380 -1.249850 0.000000 0.000000 0.000000 1.000000
0.996203 0.029724 -0.081829 -1.289768 -0.027434 0.999204 0.028968 97.280914 0.082625 -0.026613 0.996225 -0.979492 0.000000 0.000000 0.000000 1.000000
0.992643 0.057919 -0.106325 -1.173179 -0.054452 0.997895 0.035229 98.622917 0.108141 -0.029180 0.993707 -0.753684 0.000000 0.000000 0.000000 1.000000
0.988839 0.083054 -0.123690 -1.174975 -0.078929 0.996160 0.037893 99.704895 0.126362 -0.027708 0.991597 -0.567294 0.000000 0.000000 0.000000 1.000000
0.986006 0.100541 -0.132981 -1.260360 -0.096295 0.994627 0.037998 100.542122 0.136087 -0.024661 0.990390 -0.419298 0.000000 0.000000 0.000000 1.000000
0.984500 0.109044 -0.137362 -1.386513 -0.104747 0.993767 0.038156 101.082985 0.140667 -0.023177 0.989786 -0.293379 0.000000 0.000000 0.000000 1.000000
0.984217 0.109584 -0.138957 -1.536191 -0.104902 0.993653 0.040606 101.276680 0.142525 -0.025388 0.989466 -0.161898 0.000000 0.000000 0.000000 1.000000
0.985314 0.106492 -0.133473 -1.739755 -0.101572 0.993891 0.043162 101.176933 0.137254 -0.028971 0.990112 -0.001718 0.000000 0.000000 0.000000 1.000000
0.987555 0.101664 -0.119999 -2.028218 -0.097007 0.994309 0.044046 100.864014 0.123794 -0.031857 0.991796 0.231020 0.000000 0.000000 0.000000 1.000000
0.990154 0.097282 -0.100656 -2.407415 -0.093234 0.994664 0.044174 100.471214 0.104416 -0.034355 0.993940 0.558408 0.000000 0.000000 0.000000 1.000000
0.992410 0.095566 -0.077391 -2.845424 -0.092097 0.994630 0.047226 100.192062 0.081488 -0.039740 0.995882 0.956708 0.000000 0.000000 0.000000 1.000000
0.993966 0.097187 -0.050851 -3.310084 -0.094295 0.993941 0.056476 100.249641 0.056032 -0.051340 0.997108 1.411389 0.000000 0.000000 0.000000 1.000000
0.994746 0.100082 -0.021522 -3.794698 -0.098384 0.992741 0.069183 100.855438 0.028289 -0.066702 0.997372 1.958543 0.000000 0.000000 0.000000 1.000000
0.994911 0.100508 0.007123 -4.292696 -0.100758 0.991924 0.077036 102.099373 0.000678 -0.077362 0.997003 2.645438 0.000000 0.000000 0.000000 1.000000
0.995027 0.094718 0.030833 -4.784911 -0.096823 0.992395 0.076009 103.855232 -0.023399 -0.078616 0.996630 3.477409 0.000000 0.000000 0.000000 1.000000
0.995270 0.081166 0.053375 -5.265473 -0.084874 0.993835 0.071332 105.830544 -0.047256 -0.075524 0.996024 4.389586 0.000000 0.000000 0.000000 1.000000
0.994568 0.058729 0.085935 -5.806663 -0.064855 0.995414 0.070322 107.958069 -0.081411 -0.075514 0.993816 5.258650 0.000000 0.000000 0.000000 1.000000
0.990509 0.038110 0.132056 -6.390069 -0.048469 0.995918 0.076141 110.029480 -0.128616 -0.081819 0.988314 6.009101 0.000000 0.000000 0.000000 1.000000
0.983199 0.024952 0.180822 -6.912214 -0.041083 0.995446 0.086021 111.930397 -0.177852 -0.092005 0.979747 6.688033 0.000000 0.000000 0.000000 1.000000
0.975260 0.010809 0.220796 -7.302729 -0.032084 0.995149 0.092997 113.844681 -0.218719 -0.097781 0.970876 7.367440 0.000000 0.000000 0.000000 1.000000
0.968004 -0.012564 0.250619 -7.562158 -0.011034 0.995649 0.092533 115.882782 -0.250691 -0.092337 0.963653 8.074547 0.000000 0.000000 0.000000 1.000000
0.960788 -0.041797 0.274116 -7.737498 0.018473 0.996026 0.087127 118.004898 -0.276669 -0.078647 0.957742 8.767655 0.000000 0.000000 0.000000 1.000000
0.953108 -0.072329 0.293861 -7.906702 0.050402 0.995396 0.081527 120.101700 -0.298405 -0.062893 0.952365 9.406754 0.000000 0.000000 0.000000 1.000000
0.944779 -0.100746 0.311837 -8.105732 0.080873 0.993819 0.076050 122.084686 -0.317571 -0.046632 0.947087 9.988410 0.000000 0.000000 0.000000 1.000000
0.935724 -0.124714 0.329949 -8.323696 0.107738 0.991759 0.069325 123.853142 -0.335876 -0.029321 0.941450 10.534062 0.000000 0.000000 0.000000 1.000000
0.926663 -0.143761 0.347315 -8.544683 0.129672 0.989515 0.063605 125.307327 -0.352818 -0.013903 0.935589 11.060348 0.000000 0.000000 0.000000 1.000000
0.919152 -0.158514 0.360601 -8.758197 0.146060 0.987348 0.061721 126.396530 -0.365822 -0.004062 0.930676 11.570572 0.000000 0.000000 0.000000 1.000000
0.914370 -0.168956 0.367942 -8.951829 0.157207 0.985623 0.061917 127.135857 -0.373113 0.001228 0.927785 12.054954 0.000000 0.000000 0.000000 1.000000
0.912201 -0.175088 0.370452 -9.116280 0.164609 0.984533 0.059988 127.566193 -0.375225 0.006259 0.926913 12.492526 0.000000 0.000000 0.000000 1.000000
0.911697 -0.178070 0.370269 -9.237838 0.169731 0.983939 0.055275 127.718658 -0.374165 0.012452 0.927278 12.866014 0.000000 0.000000 0.000000 1.000000
0.911853 -0.179061 0.369406 -9.298341 0.172388 0.983693 0.051293 127.630234 -0.372567 0.016909 0.927851 13.172508 0.000000 0.000000 0.000000 1.000000
0.912313 -0.178649 0.368469 -9.289430 0.172115 0.983765 0.050820 127.362701 -0.371566 0.017056 0.928250 13.431042 0.000000 0.000000 0.000000 1.000000
0.913908 -0.177034 0.365283 -9.201088 0.169847 0.984098 0.052000 126.978302 -0.368680 0.014519 0.929443 13.694888 0.000000 0.000000 0.000000 1.000000
0.916642 -0.176326 0.358716 -9.065848 0.169645 0.984221 0.050291 126.727997 -0.361923 0.014756 0.932091 13.943470 0.000000 0.000000 0.000000 1.000000
0.919407 -0.177741 0.350854 -8.894547 0.173639 0.983853 0.043397 126.825851 -0.352902 0.021023 0.935424 14.205803 0.000000 0.000000 0.000000 1.000000
0.922077 -0.180870 0.342141 -8.659001 0.180732 0.982993 0.032576 127.319977 -0.342214 0.031798 0.939084 14.580281 0.000000 0.000000 0.000000 1.000000
0.926022 -0.186349 0.328263 -8.359341 0.190948 0.981426 0.018481 128.436493 -0.325610 0.045567 0.944405 15.017488 0.000000 0.000000 0.000000 1.000000
0.933975 -0.187456 0.304223 -7.935415 0.197501 0.980300 -0.002295 130.149170 -0.297799 0.062227 0.952598 15.491578 0.000000 0.000000 0.000000 1.000000
0.945425 -0.179923 0.271659 -7.327668 0.193290 0.980871 -0.023044 132.129211 -0.262316 0.074295 0.962118 16.025961 0.000000 0.000000 0.000000 1.000000
0.957453 -0.167267 0.235172 -6.578701 0.180597 0.982892 -0.036177 134.100571 -0.225097 0.077109 0.971280 16.561144 0.000000 0.000000 0.000000 1.000000
0.968712 -0.150667 0.197220 -5.805182 0.161394 0.986103 -0.039405 136.064896 -0.188542 0.070002 0.979567 17.001743 0.000000 0.000000 0.000000 1.000000
0.978091 -0.133680 0.159585 -5.057624 0.141041 0.989361 -0.035675 138.134979 -0.153119 0.057401 0.986539 17.350473 0.000000 0.000000 0.000000 1.000000
0.985714 -0.115979 0.122137 -4.288079 0.120339 0.992311 -0.028925 140.386368 -0.117843 0.043209 0.992092 17.697088 0.000000 0.000000 0.000000 1.000000
0.991815 -0.095700 0.084520 -3.444983 0.097775 0.994992 -0.020759 142.690689 -0.082110 0.028853 0.996206 18.120966 0.000000 0.000000 0.000000 1.000000
0.996159 -0.073661 0.047346 -2.570946 0.074272 0.997174 -0.011280 144.878662 -0.046382 0.014753 0.998815 18.589432 0.000000 0.000000 0.000000 1.000000</float_array><technique_common><accessor source="#Hips-Matrix-animation-output-transform-array" count="48" stride="16"><param type="float4x4"/></accessor></technique_common></source><source id="Hips-Interpolations"><Name_array id="Hips-Interpolations-array" count="48">
 LINEAR LINEAR LINEAR LINEAR LINEAR LINEAR LINEAR LINEAR LINEAR LINEAR LINEAR
LINEAR LINEAR LINEAR LINEAR LINEAR LINEAR LINEAR LINEAR LINEAR LINEAR LINEAR LINEAR
LINEAR LINEAR LINEAR LINEAR LINEAR LINEAR LINEAR LINEAR LINEAR LINEAR LINEAR LINEAR
LINEAR LINEAR LINEAR LINEAR LINEAR LINEAR LINEAR LINEAR LINEAR LINEAR LINEAR LINEAR
LINEAR</Name_array><technique_common><accessor source="#Hips-Interpolations-array" count="48"><param type="name"/></accessor></technique_common></source><sampler id="Hips-Matrix-animation-transform"><input semantic="INPUT" source="#Hips-Matrix-animation-input"/><input semantic="OUTPUT" source="#Hips-Matrix-animation-output-transform"/><input semantic="INTERPOLATION" source="#Hips-Interpolations"/></sampler><channel source="#Hips-Matrix-animation-transform" target="Hips/matrix"/></animation>
    <animation id="Spine-anim" name="Spine"><source id="Spine-Matrix-animation-input"><float_array id="Spine-Matrix-animation-input-array" count="48">

0.000000 0.033333 0.066667 0.100000 0.133333 0.166667 0.200000 0.233333 0.266667 0.300000 0.333333 0.366667 0.400000 0.433333 0.466667 0.500000
0.533333 0.566667 0.600000 0.633333 0.666667 0.700000 0.733333 0.766667 0.800000 0.833333 0.866667 0.900000 0.933333 0.966667 1.000000 1.033333
1.066667 1.100000 1.133333 1.166667 1.200000 1.233333 1.266667 1.300000 1.333333 1.366667 1.400000 1.433333 1.466667 1.500000 1.533333 1.566667</float_array><technique_common><accessor source="#Spine-Matrix-animation-input-array" count="48"><param name="TIME" type="float"/></accessor></technique_common></source><source id="Spine-Matrix-animation-output-transform"><float_array id="Spine-Matrix-animation-output-transform-array" count="768">

0.996143 0.084207 -0.024670 0.017300 -0.087506 0.932506 -0.350393 10.574800 -0.006500 0.351200 0.936278 -1.117200 0.000000 0.000000 0.000000 1.000000
0.997444 0.067303 -0.024003 0.017300 -0.071441 0.932775 -0.353309 10.574800 -0.001389 0.354121 0.935199 -1.117200 0.000000 0.000000 0.000000 1.000000
0.998667 0.048025 -0.018906 0.017300 -0.051610 0.932706 -0.356926 10.574800 0.000492 0.357426 0.933941 -1.117200 0.000000 0.000000 0.000000 1.000000
0.999623 0.026556 -0.006903 0.017300 -0.027256 0.932016 -0.361390 10.574800 -0.003164 0.361442 0.932389 -1.117200 0.000000 0.000000 0.000000 1.000000
0.999981 0.000996 0.006143 0.017300 0.001327 0.930326 -0.366731 10.574800 -0.006081 0.366732 0.930307 -1.117200 0.000000 0.000000 0.000000 1.000000
0.999607 -0.026969 0.007705 0.017300 0.027895 0.927344 -0.373170 10.574800 0.002919 0.373238 0.927731 -1.117200 0.000000 0.000000 0.000000 1.000000
0.998711 -0.050718 0.001835 0.017300 0.047590 0.923331 -0.381045 10.574800 0.017631 0.380641 0.924555 -1.117200 0.000000 0.000000 0.000000 1.000000
0.998027 -0.062617 -0.004690 0.017300 0.055829 0.919064 -0.390134 10.574800 0.028739 0.389103 0.920746 -1.117200 0.000000 0.000000 0.000000 1.000000
0.998039 -0.062209 -0.006957 0.017300 0.054228 0.914769 -0.400321 10.574800 0.031267 0.399158 0.916349 -1.117200 0.000000 0.000000 0.000000 1.000000
0.998360 -0.057053 -0.004788 0.017300 0.050036 0.910096 -0.411367 10.574800 0.027827 0.410452 0.911457 -1.117200 0.000000 0.000000 0.000000 1.000000
0.998555 -0.053712 -0.001405 0.017300 0.048111 0.905456 -0.421705 10.574800 0.023923 0.421028 0.906732 -1.117200 0.000000 0.000000 0.000000 1.000000
0.998550 -0.053807 0.001735 0.017300 0.049357 0.902149 -0.428592 10.574800 0.021496 0.428056 0.903496 -1.117200 0.000000 0.000000 0.000000 1.000000
0.998387 -0.056487 0.005755 0.017300 0.053449 0.900773 -0.430990 10.574800 0.019161 0.430602 0.902339 -1.117200 0.000000 0.000000 0.000000 1.000000
0.997969 -0.062791 0.010771 0.017300 0.061272 0.899684 -0.432221 10.574800 0.017449 0.432003 0.901703 -1.117200 0.000000 0.000000 0.000000 1.000000
0.997044 -0.075697 0.013144 0.017300 0.073817 0.896380 -0.437097 10.574800 0.021305 0.436775 0.899318 -1.117200 0.000000 0.000000 0.000000 1.000000
0.995311 -0.096337 0.008617 0.017300 0.090128 0.891440 -0.444085 10.574800 0.035100 0.442779 0.895943 -1.117200 0.000000 0.000000 0.000000 1.000000
0.992836 -0.119476 -0.001222 0.017300 0.106526 0.889766 -0.443811 10.574800 0.054112 0.440502 0.896119 -1.117200 0.000000 0.000000 0.000000 1.000000
0.990782 -0.135044 -0.010673 0.017300 0.117377 0.895150 -0.430035 10.574800 0.067627 0.424818 0.902749 -1.117200 0.000000 0.000000 0.000000 1.000000
0.990153 -0.138633 -0.019463 0.017300 0.118709 0.905156 -0.408167 10.574800 0.074202 0.401837 0.912700 -1.117200 0.000000 0.000000 0.000000 1.000000
0.990681 -0.131955 -0.033751 0.017300 0.108468 0.914213 -0.390447 10.574800 0.082377 0.383147 0.920007 -1.117200 0.000000 0.000000 0.000000 1.000000
0.990244 -0.129828 -0.050610 0.017300 0.100835 0.918321 -0.382777 10.574800 0.096171 0.373940 0.922453 -1.117200 0.000000 0.000000 0.000000 1.000000
0.988856 -0.135448 -0.061794 0.017300 0.102037 0.918843 -0.381204 10.574800 0.108413 0.370651 0.922423 -1.117200 0.000000 0.000000 0.000000 1.000000
0.988445 -0.135624 -0.067700 0.017300 0.100729 0.921437 -0.375245 10.574800 0.113273 0.364089 0.924450 -1.117200 0.000000 0.000000 0.000000 1.000000
0.989953 -0.120118 -0.074596 0.017300 0.085707 0.929358 -0.359093 10.574800 0.112460 0.349092 0.930316 -1.117200 0.000000 0.000000 0.000000 1.000000
0.992166 -0.093151 -0.083243 0.017300 0.059780 0.939111 -0.338373 10.574800 0.109694 0.330746 0.937323 -1.117200 0.000000 0.000000 0.000000 1.000000
0.993851 -0.062257 -0.091561 0.017300 0.029553 0.946099 -0.322526 10.574800 0.106705 0.317837 0.942122 -1.117200 0.000000 0.000000 0.000000 1.000000
0.994408 -0.034427 -0.099836 0.017300 0.001331 0.949384 -0.314116 10.574800 0.105596 0.312227 0.944121 -1.117200 0.000000 0.000000 0.000000 1.000000
0.993779 -0.013580 -0.110536 0.017300 -0.021557 0.950308 -0.310563 10.574800 0.109261 0.311014 0.944104 -1.117200 0.000000 0.000000 0.000000 1.000000
0.992294 0.000882 -0.123900 0.017300 -0.039687 0.949553 -0.311085 10.574800 0.117375 0.313605 0.942271 -1.117200 0.000000 0.000000 0.000000 1.000000
0.990589 0.011241 -0.136409 0.017300 -0.054172 0.947441 -0.315312 10.574800 0.125695 0.319734 0.939133 -1.117200 0.000000 0.000000 0.000000 1.000000
0.989324 0.018076 -0.144604 0.017300 -0.064074 0.945174 -0.320221 10.574800 0.130888 0.326068 0.936241 -1.117200 0.000000 0.000000 0.000000 1.000000
0.988665 0.021324 -0.148615 0.017300 -0.068942 0.943808 -0.323223 10.574800 0.133372 0.329805 0.934580 -1.117200 0.000000 0.000000 0.000000 1.000000
0.988269 0.021989 -0.151135 0.017300 -0.070864 0.942627 -0.326239 10.574800 0.135290 0.333122 0.933127 -1.117200 0.000000 0.000000 0.000000 1.000000
0.987812 0.020677 -0.154270 0.017300 -0.071721 0.940113 -0.333233 10.574800 0.138141 0.340236 0.930138 -1.117200 0.000000 0.000000 0.000000 1.000000
0.987441 0.017166 -0.157052 0.017300 -0.071039 0.936159 -0.344326 10.574800 0.141115 0.351158 0.925621 -1.117200 0.000000 0.000000 0.000000 1.000000
0.987624 0.012507 -0.156342 0.017300 -0.067941 0.932551 -0.354587 10.574800 0.141363 0.360820 0.921860 -1.117200 0.000000 0.000000 0.000000 1.000000
0.988213 0.011401 -0.152659 0.017300 -0.066081 0.931296 -0.358219 10.574800 0.138086 0.364085 0.921072 -1.117200 0.000000 0.000000 0.000000 1.000000
0.988650 0.016029 -0.149376 0.017300 -0.068719 0.932428 -0.354762 10.574800 0.133596 0.361001 0.922947 -1.117200 0.000000 0.000000 0.000000 1.000000
0.988817 0.024497 -0.147110 0.017300 -0.075095 0.934026 -0.349222 10.574800 0.128850 0.356364 0.925420 -1.117200 0.000000 0.000000 0.000000 1.000000
0.989040 0.037608 -0.142780 0.017300 -0.085158 0.935268 -0.343544 10.574800 0.120617 0.351937 0.928220 -1.117200 0.000000 0.000000 0.000000 1.000000
0.989812 0.051820 -0.132616 0.017300 -0.093797 0.938063 -0.333527 10.574800 0.107118 0.342568 0.933366 -1.117200 0.000000 0.000000 0.000000 1.000000
0.991001 0.060415 -0.119447 0.017300 -0.095901 0.942992 -0.318699 10.574800 0.093383 0.327286 0.940300 -1.117200 0.000000 0.000000 0.000000 1.000000
0.992261 0.063870 -0.106486 0.017300 -0.094195 0.945941 -0.310358 10.574800 0.080907 0.317987 0.944637 -1.117200 0.000000 0.000000 0.000000 1.000000
0.993494 0.070738 -0.089249 0.017300 -0.095759 0.943078 -0.318486 10.574800 0.061639 0.324960 0.943717 -1.117200 0.000000 0.000000 0.000000 1.000000
0.994161 0.086199 -0.064905 0.017300 -0.103070 0.936626 -0.334826 10.574800 0.031930 0.339561 0.940042 -1.117200 0.000000 0.000000 0.000000 1.000000
0.994359 0.097822 -0.041010 0.017300 -0.105965 0.933355 -0.342958 10.574800 0.004728 0.345369 0.938455 -1.117200 0.000000 0.000000 0.000000 1.000000
0.994994 0.095908 -0.028091 0.017300 -0.099683 0.932405 -0.347397 10.574800 -0.007126 0.348458 0.937297 -1.117200 0.000000 0.000000 0.000000 1.000000
0.996143 0.084201 -0.024668 0.017300 -0.087499 0.932507 -0.350392 10.574800 -0.006500 0.351199 0.936278 -1.117200 0.000000 0.000000 0.000000 1.000000</float_array><technique_common><accessor source="#Spine-Matrix-animation-output-transform-array" count="48" stride="16"><param type="float4x4"/></accessor></technique_common></source><source id="Spine-Interpolations"><Name_array id="Spine-Interpolations-array" count="48">
 LINEAR LINEAR LINEAR LINEAR LINEAR LINEAR LINEAR LINEAR LINEAR LINEAR LINEAR
LINEAR LINEAR LINEAR LINEAR LINEAR LINEAR LINEAR LINEAR LINEAR LINEAR LINEAR LINEAR
LINEAR LINEAR LINEAR LINEAR LINEAR LINEAR LINEAR LINEAR LINEAR LINEAR LINEAR LINEAR
LINEAR LINEAR LINEAR LINEAR LINEAR LINEAR LINEAR LINEAR LINEAR LINEAR LINEAR LINEAR
LINEAR</Name_array><technique_common><accessor source="#Spine-Interpolations-array" count="48"><param type="name"/></accessor></technique_common></source><sampler id="Spine-Matrix-animation-transform"><input semantic="INPUT" source="#Spine-Matrix-animation-input"/><input semantic="OUTPUT" source="#Spine-Matrix-animation-output-transform"/><input semantic="INTERPOLATION" source="#Spine-Interpolations"/></sampler><channel source="#Spine-Matrix-animation-transform" target="Spine/matrix"/></animation>
    <animation id="Spine1-anim" name="Spine1"><source id="Spine1-Matrix-animation-input"><float_array id="Spine1-Matrix-animation-input-array" count="48">

0.000000 0.033333 0.066667 0.100000 0.133333 0.166667 0.200000 0.233333 0.266667 0.300000 0.333333 0.366667 0.400000 0.433333 0.466667 0.500000
0.533333 0.566667 0.600000 0.633333 0.666667 0.700000 0.733333 0.766667 0.800000 0.833333 0.866667 0.900000 0.933333 0.966667 1.000000 1.033333
1.066667 1.100000 1.133333 1.166667 1.200000 1.233333 1.266667 1.300000 1.333333 1.366667 1.400000 1.433333 1.466667 1.500000 1.533333 1.566667</float_array><technique_common><accessor source="#Spine1-Matrix-animation-input-array" count="48"><param name="TIME" type="float"/></accessor></technique_common></source><source id="Spine1-Matrix-animation-output-transform"><float_array id="Spine1-Matrix-animation-output-transform-array" count="768">

0.999858 0.014334 -0.008816 0.019000 -0.015017 0.996437 -0.082987 12.337300 0.007595 0.083108 0.996512 -1.303400 0.000000 0.000000 0.000000 1.000000
0.999913 0.010175 -0.008384 0.019000 -0.010836 0.996501 -0.082878 12.337300 0.007512 0.082962 0.996524 -1.303400 0.000000 0.000000 0.000000 1.000000
0.999960 0.005588 -0.007035 0.019000 -0.006153 0.996522 -0.083100 12.337300 0.006547 0.083140 0.996516 -1.303400 0.000000 0.000000 0.000000 1.000000
0.999991 0.000567 -0.004187 0.019000 -0.000915 0.996490 -0.083703 12.337300 0.004125 0.083706 0.996482 -1.303400 0.000000 0.000000 0.000000 1.000000
0.999987 -0.004970 -0.001318 0.019000 0.004840 0.996386 -0.084805 12.337300 0.001735 0.084797 0.996397 -1.303400 0.000000 0.000000 0.000000 1.000000
0.999947 -0.010200 -0.001304 0.019000 0.010049 0.996208 -0.086416 12.337300 0.002181 0.086399 0.996258 -1.303400 0.000000 0.000000 0.000000 1.000000
0.999899 -0.013876 -0.002963 0.019000 0.013559 0.995978 -0.088572 12.337300 0.004180 0.088522 0.996065 -1.303400 0.000000 0.000000 0.000000 1.000000
0.999878 -0.014942 -0.004512 0.019000 0.014469 0.995734 -0.091134 12.337300 0.005854 0.091058 0.995828 -1.303400 0.000000 0.000000 0.000000 1.000000
0.999894 -0.013761 -0.004778 0.019000 0.013251 0.995484 -0.094002 12.337300 0.006050 0.093928 0.995561 -1.303400 0.000000 0.000000 0.000000 1.000000
0.999922 -0.011891 -0.003906 0.019000 0.011456 0.995214 -0.097046 12.337300 0.005041 0.096993 0.995272 -1.303400 0.000000 0.000000 0.000000 1.000000
0.999940 -0.010614 -0.002766 0.019000 0.010285 0.994954 -0.099802 12.337300 0.003812 0.099768 0.995003 -1.303400 0.000000 0.000000 0.000000 1.000000
0.999947 -0.010099 -0.001809 0.019000 0.009863 0.994777 -0.101593 12.337300 0.002826 0.101570 0.994824 -1.303400 0.000000 0.000000 0.000000 1.000000
0.999949 -0.010070 -0.000933 0.019000 0.009922 0.994711 -0.102235 12.337300 0.001958 0.102221 0.994760 -1.303400 0.000000 0.000000 0.000000 1.000000
0.999940 -0.010950 -0.000243 0.019000 0.010867 0.994666 -0.102577 12.337300 0.001365 0.102568 0.994725 -1.303400 0.000000 0.000000 0.000000 1.000000
0.999906 -0.013684 -0.000530 0.019000 0.013556 0.994516 -0.103699 12.337300 0.001946 0.103682 0.994609 -1.303400 0.000000 0.000000 0.000000 1.000000
0.999830 -0.018269 -0.002601 0.019000 0.017894 0.994303 -0.105073 12.337300 0.004506 0.105009 0.994461 -1.303400 0.000000 0.000000 0.000000 1.000000
0.999718 -0.022996 -0.005841 0.019000 0.022262 0.994287 -0.104392 12.337300 0.008209 0.104232 0.994519 -1.303400 0.000000 0.000000 0.000000 1.000000
0.999630 -0.025797 -0.008608 0.019000 0.024805 0.994644 -0.100342 12.337300 0.011151 0.100092 0.994916 -1.303400 0.000000 0.000000 0.000000 1.000000
0.999599 -0.026203 -0.010757 0.019000 0.025073 0.995224 -0.094348 12.337300 0.013178 0.094040 0.995481 -1.303400 0.000000 0.000000 0.000000 1.000000
0.999603 -0.024647 -0.013675 0.019000 0.023323 0.995695 -0.089706 12.337300 0.015827 0.089351 0.995874 -1.303400 0.000000 0.000000 0.000000 1.000000
0.999575 -0.023342 -0.017491 0.019000 0.021727 0.995935 -0.087412 12.337300 0.019460 0.086995 0.996019 -1.303400 0.000000 0.000000 0.000000 1.000000
0.999532 -0.022510 -0.020721 0.019000 0.020638 0.996036 -0.086524 12.337300 0.022586 0.086056 0.996034 -1.303400 0.000000 0.000000 0.000000 1.000000
0.999527 -0.020717 -0.022724 0.019000 0.018724 0.996233 -0.084669 12.337300 0.024392 0.084204 0.996150 -1.303400 0.000000 0.000000 0.000000 1.000000
0.999565 -0.016778 -0.024256 0.019000 0.014772 0.996635 -0.080623 12.337300 0.025527 0.080230 0.996449 -1.303400 0.000000 0.000000 0.000000 1.000000
0.999609 -0.010798 -0.025801 0.019000 0.008814 0.997083 -0.075808 12.337300 0.026545 0.075551 0.996789 -1.303400 0.000000 0.000000 0.000000 1.000000
0.999618 -0.003992 -0.027335 0.019000 0.002001 0.997369 -0.072469 12.337300 0.027552 0.072386 0.996996 -1.303400 0.000000 0.000000 0.000000 1.000000
0.999569 0.002063 -0.029274 0.019000 -0.004142 0.997459 -0.071126 12.337300 0.029053 0.071216 0.997038 -1.303400 0.000000 0.000000 0.000000 1.000000
0.999458 0.006466 -0.032267 0.019000 -0.008748 0.997431 -0.071093 12.337300 0.031724 0.071337 0.996948 -1.303400 0.000000 0.000000 0.000000 1.000000
0.999302 0.009335 -0.036167 0.019000 -0.011927 0.997324 -0.072129 12.337300 0.035397 0.072510 0.996739 -1.303400 0.000000 0.000000 0.000000 1.000000
0.999142 0.011162 -0.039891 0.019000 -0.014096 0.997156 -0.074029 12.337300 0.038951 0.074527 0.996458 -1.303400 0.000000 0.000000 0.000000 1.000000
0.999020 0.012209 -0.042555 0.019000 -0.015418 0.996995 -0.075921 12.337300 0.041501 0.076503 0.996205 -1.303400 0.000000 0.000000 0.000000 1.000000
0.998939 0.012650 -0.044293 0.019000 -0.016044 0.996891 -0.077136 12.337300 0.043179 0.077765 0.996036 -1.303400 0.000000 0.000000 0.000000 1.000000
0.998870 0.012691 -0.045810 0.019000 -0.016252 0.996804 -0.078218 12.337300 0.044671 0.078874 0.995883 -1.303400 0.000000 0.000000 0.000000 1.000000
0.998798 0.012215 -0.047478 0.019000 -0.015999 0.996653 -0.080162 12.337300 0.046339 0.080826 0.995650 -1.303400 0.000000 0.000000 0.000000 1.000000
0.998749 0.010989 -0.048781 0.019000 -0.015014 0.996444 -0.082912 12.337300 0.047697 0.083541 0.995362 -1.303400 0.000000 0.000000 0.000000 1.000000
0.998761 0.009400 -0.048871 0.019000 -0.013548 0.996268 -0.085242 12.337300 0.047887 0.085799 0.995161 -1.303400 0.000000 0.000000 0.000000 1.000000
0.998826 0.008415 -0.047705 0.019000 -0.012498 0.996222 -0.085943 12.337300 0.046801 0.086438 0.995157 -1.303400 0.000000 0.000000 0.000000 1.000000
0.998886 0.008908 -0.046334 0.019000 -0.012832 0.996290 -0.085097 12.337300 0.045404 0.085597 0.995295 -1.303400 0.000000 0.000000 0.000000 1.000000
0.998903 0.011138 -0.045473 0.019000 -0.014930 0.996360 -0.083922 12.337300 0.044373 0.084509 0.995434 -1.303400 0.000000 0.000000 0.000000 1.000000
0.998922 0.014467 -0.044109 0.019000 -0.018087 0.996401 -0.082807 12.337300 0.042753 0.083515 0.995589 -1.303400 0.000000 0.000000 0.000000 1.000000
0.999001 0.017466 -0.041130 0.019000 -0.020739 0.996536 -0.080539 12.337300 0.039581 0.081312 0.995902 -1.303400 0.000000 0.000000 0.000000 1.000000
0.999127 0.018838 -0.037278 0.019000 -0.021665 0.996800 -0.076941 12.337300 0.035709 0.077682 0.996338 -1.303400 0.000000 0.000000 0.000000 1.000000
0.999271 0.018708 -0.033266 0.019000 -0.021157 0.996970 -0.074859 12.337300 0.031765 0.075508 0.996639 -1.303400 0.000000 0.000000 0.000000 1.000000
0.999440 0.018479 -0.027892 0.019000 -0.020573 0.996838 -0.076753 12.337300 0.026386 0.077284 0.996660 -1.303400 0.000000 0.000000 0.000000 1.000000
0.999606 0.019132 -0.020556 0.019000 -0.020731 0.996531 -0.080597 12.337300 0.018943 0.080992 0.996535 -1.303400 0.000000 0.000000 0.000000 1.000000
0.999718 0.019345 -0.013765 0.019000 -0.020413 0.996400 -0.082280 12.337300 0.012124 0.082538 0.996514 -1.303400 0.000000 0.000000 0.000000 1.000000
0.999794 0.017621 -0.010052 0.019000 -0.018394 0.996392 -0.082847 12.337300 0.008556 0.083015 0.996512 -1.303400 0.000000 0.000000 0.000000 1.000000
0.999858 0.014334 -0.008816 0.019000 -0.015016 0.996447 -0.082871 12.337300 0.007597 0.082992 0.996521 -1.303400 0.000000 0.000000 0.000000 1.000000</float_array><technique_common><accessor source="#Spine1-Matrix-animation-output-transform-array" count="48" stride="16"><param type="float4x4"/></accessor></technique_common></source><source id="Spine1-Interpolations"><Name_array id="Spine1-Interpolations-array" count="48">
 LINEAR LINEAR LINEAR LINEAR LINEAR LINEAR LINEAR LINEAR LINEAR LINEAR LINEAR
LINEAR LINEAR LINEAR LINEAR LINEAR LINEAR LINEAR LINEAR LINEAR LINEAR LINEAR LINEAR
LINEAR LINEAR LINEAR LINEAR LINEAR LINEAR LINEAR LINEAR LINEAR LINEAR LINEAR LINEAR
LINEAR LINEAR LINEAR LINEAR LINEAR LINEAR LINEAR LINEAR LINEAR LINEAR LINEAR LINEAR
LINEAR</Name_array><technique_common><accessor source="#Spine1-Interpolations-array" count="48"><param type="name"/></accessor></technique_common></source><sampler id="Spine1-Matrix-animation-transform"><input semantic="INPUT" source="#Spine1-Matrix-animation-input"/><input semantic="OUTPUT" source="#Spine1-Matrix-animation-output-transform"/><input semantic="INTERPOLATION" source="#Spine1-Interpolations"/></sampler><channel source="#Spine1-Matrix-animation-transform" target="Spine1/matrix"/></animation>
    <animation id="Spine2-anim" name="Spine2"><source id="Spine2-Matrix-animation-input"><float_array id="Spine2-Matrix-animation-input-array" count="48">

0.000000 0.033333 0.066667 0.100000 0.133333 0.166667 0.200000 0.233333 0.266667 0.300000 0.333333 0.366667 0.400000 0.433333 0.466667 0.500000
0.533333 0.566667 0.600000 0.633333 0.666667 0.700000 0.733333 0.766667 0.800000 0.833333 0.866667 0.900000 0.933333 0.966667 1.000000 1.033333
1.066667 1.100000 1.133333 1.166667 1.200000 1.233333 1.266667 1.300000 1.333333 1.366667 1.400000 1.433333 1.466667 1.500000 1.533333 1.566667</float_array><technique_common><accessor source="#Spine2-Matrix-animation-input-array" count="48"><param name="TIME" type="float"/></accessor></technique_common></source><source id="Spine2-Matrix-animation-output-transform"><float_array id="Spine2-Matrix-animation-output-transform-array" count="768">

0.999881 0.012919 -0.008472 0.021700 -0.013579 0.996441 -0.083195 14.099800 0.007367 0.083300 0.996497 -1.489600 0.000000 0.000000 0.000000 1.000000
0.999928 0.008876 -0.008069 0.021700 -0.009516 0.996497 -0.083089 14.099800 0.007303 0.083160 0.996509 -1.489600 0.000000 0.000000 0.000000 1.000000
0.999968 0.004418 -0.006722 0.021700 -0.004963 0.996518 -0.083225 14.099800 0.006331 0.083256 0.996508 -1.489600 0.000000 0.000000 0.000000 1.000000
0.999993 -0.000456 -0.003842 0.021700 0.000132 0.996487 -0.083743 14.099800 0.003867 0.083742 0.996480 -1.489600 0.000000 0.000000 0.000000 1.000000
0.999983 -0.005833 -0.000928 0.021700 0.005733 0.996384 -0.084773 14.099800 0.001420 0.084766 0.996400 -1.489600 0.000000 0.000000 0.000000 1.000000
0.999940 -0.010899 -0.000905 0.021700 0.010780 0.996206 -0.086351 14.099800 0.001843 0.086336 0.996264 -1.489600 0.000000 0.000000 0.000000 1.000000
0.999893 -0.014391 -0.002585 0.021700 0.014105 0.995975 -0.088511 14.099800 0.003848 0.088465 0.996072 -1.489600 0.000000 0.000000 0.000000 1.000000
0.999875 -0.015271 -0.004176 0.021700 0.014827 0.995731 -0.091099 14.099800 0.005550 0.091026 0.995833 -1.489600 0.000000 0.000000 0.000000 1.000000
0.999893 -0.013927 -0.004494 0.021700 0.013444 0.995482 -0.093992 14.099800 0.005782 0.093921 0.995563 -1.489600 0.000000 0.000000 0.000000 1.000000
0.999922 -0.011913 -0.003670 0.021700 0.011500 0.995213 -0.097052 14.099800 0.004809 0.097002 0.995273 -1.489600 0.000000 0.000000 0.000000 1.000000
0.999942 -0.010506 -0.002563 0.021700 0.010198 0.994954 -0.099817 14.099800 0.003598 0.099785 0.995002 -1.489600 0.000000 0.000000 0.000000 1.000000
0.999950 -0.009884 -0.001620 0.021700 0.009669 0.994777 -0.101614 14.099800 0.002616 0.101593 0.994823 -1.489600 0.000000 0.000000 0.000000 1.000000
0.999952 -0.009785 -0.000744 0.021700 0.009657 0.994711 -0.102260 14.099800 0.001740 0.102248 0.994757 -1.489600 0.000000 0.000000 0.000000 1.000000
0.999943 -0.010645 -0.000042 0.021700 0.010585 0.994666 -0.102604 14.099800 0.001134 0.102598 0.994722 -1.489600 0.000000 0.000000 0.000000 1.000000
0.999910 -0.013415 -0.000307 0.021700 0.013311 0.994516 -0.103729 14.099800 0.001697 0.103716 0.994606 -1.489600 0.000000 0.000000 0.000000 1.000000
0.999834 -0.018067 -0.002332 0.021700 0.017722 0.994303 -0.105109 14.099800 0.004218 0.105050 0.994458 -1.489600 0.000000 0.000000 0.000000 1.000000
0.999723 -0.022865 -0.005495 0.021700 0.022166 0.994285 -0.104436 14.099800 0.007851 0.104285 0.994516 -1.489600 0.000000 0.000000 0.000000 1.000000
0.999635 -0.025738 -0.008182 0.021700 0.024788 0.994639 -0.100389 14.099800 0.010722 0.100149 0.994915 -1.489600 0.000000 0.000000 0.000000 1.000000
0.999603 -0.026238 -0.010267 0.021700 0.025154 0.995218 -0.094388 14.099800 0.012695 0.094092 0.995483 -1.489600 0.000000 0.000000 0.000000 1.000000
0.999605 -0.024800 -0.013194 0.021700 0.023518 0.995688 -0.089737 14.099800 0.015363 0.089391 0.995878 -1.489600 0.000000 0.000000 0.000000 1.000000
0.999577 -0.023619 -0.016980 0.021700 0.022048 0.995925 -0.087444 14.099800 0.018976 0.087033 0.996025 -1.489600 0.000000 0.000000 0.000000 1.000000
0.999534 -0.022924 -0.020157 0.021700 0.021098 0.996024 -0.086554 14.099800 0.022061 0.086088 0.996043 -1.489600 0.000000 0.000000 0.000000 1.000000
0.999528 -0.021292 -0.022152 0.021700 0.019345 0.996220 -0.084684 14.099800 0.023871 0.084215 0.996162 -1.489600 0.000000 0.000000 0.000000 1.000000
0.999565 -0.017519 -0.023743 0.021700 0.015552 0.996623 -0.080625 14.099800 0.025075 0.080221 0.996462 -1.489600 0.000000 0.000000 0.000000 1.000000
0.999609 -0.011676 -0.025391 0.021700 0.009720 0.997074 -0.075821 14.099800 0.026202 0.075545 0.996798 -1.489600 0.000000 0.000000 0.000000 1.000000
0.999622 -0.004984 -0.027027 0.021700 0.003012 0.997362 -0.072523 14.099800 0.027317 0.072414 0.997000 -1.489600 0.000000 0.000000 0.000000 1.000000
0.999578 0.000941 -0.029030 0.021700 -0.003008 0.997454 -0.071246 14.099800 0.028889 0.071303 0.997036 -1.489600 0.000000 0.000000 0.000000 1.000000
0.999473 0.005180 -0.032041 0.021700 -0.007455 0.997428 -0.071294 14.099800 0.031589 0.071495 0.996941 -1.489600 0.000000 0.000000 0.000000 1.000000
0.999324 0.007867 -0.035923 0.021700 -0.010455 0.997320 -0.072414 14.099800 0.035257 0.072741 0.996727 -1.489600 0.000000 0.000000 0.000000 1.000000
0.999170 0.009527 -0.039617 0.021700 -0.012457 0.997152 -0.074389 14.099800 0.038796 0.074820 0.996442 -1.489600 0.000000 0.000000 0.000000 1.000000
0.999052 0.010446 -0.042253 0.021700 -0.013653 0.996989 -0.076336 14.099800 0.041328 0.076841 0.996186 -1.489600 0.000000 0.000000 0.000000 1.000000
0.998975 0.010801 -0.043960 0.021700 -0.014193 0.996884 -0.077591 14.099800 0.042985 0.078136 0.996016 -1.489600 0.000000 0.000000 0.000000 1.000000
0.998909 0.010763 -0.045435 0.021700 -0.014321 0.996794 -0.078713 14.099800 0.044442 0.079278 0.995861 -1.489600 0.000000 0.000000 0.000000 1.000000
0.998841 0.010191 -0.047043 0.021700 -0.013969 0.996641 -0.080695 14.099800 0.046062 0.081258 0.995628 -1.489600 0.000000 0.000000 0.000000 1.000000
0.998794 0.008862 -0.048286 0.021700 -0.012876 0.996428 -0.083456 14.099800 0.047374 0.083977 0.995341 -1.489600 0.000000 0.000000 0.000000 1.000000
0.998805 0.007188 -0.048336 0.021700 -0.011320 0.996251 -0.085768 14.099800 0.047538 0.086213 0.995142 -1.489600 0.000000 0.000000 0.000000 1.000000
0.998869 0.006156 -0.047151 0.021700 -0.010220 0.996204 -0.086449 14.099800 0.046440 0.086833 0.995140 -1.489600 0.000000 0.000000 0.000000 1.000000
0.998930 0.006650 -0.045777 0.021700 -0.010556 0.996272 -0.085614 14.099800 0.045037 0.086006 0.995276 -1.489600 0.000000 0.000000 0.000000 1.000000
0.998950 0.008917 -0.044927 0.021700 -0.012694 0.996344 -0.084489 14.099800 0.044010 0.084970 0.995411 -1.489600 0.000000 0.000000 0.000000 1.000000
0.998974 0.012301 -0.043593 0.021700 -0.015910 0.996386 -0.083432 14.099800 0.042409 0.084040 0.995559 -1.489600 0.000000 0.000000 0.000000 1.000000
0.999054 0.015393 -0.040673 0.021700 -0.018660 0.996524 -0.081188 14.099800 0.039282 0.081870 0.995869 -1.489600 0.000000 0.000000 0.000000 1.000000
0.999176 0.016916 -0.036886 0.021700 -0.019739 0.996792 -0.077564 14.099800 0.035455 0.078228 0.996305 -1.489600 0.000000 0.000000 0.000000 1.000000
0.999315 0.016935 -0.032895 0.021700 -0.019379 0.996963 -0.075432 14.099800 0.031517 0.076018 0.996608 -1.489600 0.000000 0.000000 0.000000 1.000000
0.999481 0.016802 -0.027492 0.021700 -0.018883 0.996831 -0.077280 14.099800 0.026106 0.077759 0.996630 -1.489600 0.000000 0.000000 0.000000 1.000000
0.999644 0.017485 -0.020131 0.021700 -0.019063 0.996525 -0.081085 14.099800 0.018643 0.081440 0.996504 -1.489600 0.000000 0.000000 0.000000 1.000000
0.999753 0.017746 -0.013354 0.021700 -0.018791 0.996395 -0.082723 14.099800 0.011837 0.082954 0.996483 -1.489600 0.000000 0.000000 0.000000 1.000000
0.999824 0.016103 -0.009670 0.021700 -0.016853 0.996388 -0.083224 14.099800 0.008295 0.083372 0.996484 -1.489600 0.000000 0.000000 0.000000 1.000000
0.999881 0.012919 -0.008472 0.021700 -0.013579 0.996441 -0.083187 14.099800 0.007367 0.083292 0.996498 -1.489600 0.000000 0.000000 0.000000 1.000000</float_array><technique_common><accessor source="#Spine2-Matrix-animation-output-transform-array" count="48" stride="16"><param type="float4x4"/></accessor></technique_common></source><source id="Spine2-Interpolations"><Name_array id="Spine2-Interpolations-array" count="48">
 LINEAR LINEAR LINEAR LINEAR LINEAR LINEAR LINEAR LINEAR LINEAR LINEAR LINEAR
LINEAR LINEAR LINEAR LINEAR LINEAR LINEAR LINEAR LINEAR LINEAR LINEAR LINEAR LINEAR
LINEAR LINEAR LINEAR LINEAR LINEAR LINEAR LINEAR LINEAR LINEAR LINEAR LINEAR LINEAR
LINEAR LINEAR LINEAR LINEAR LINEAR LINEAR LINEAR LINEAR LINEAR LINEAR LINEAR LINEAR
LINEAR</Name_array><technique_common><accessor source="#Spine2-Interpolations-array" count="48"><param type="name"/></accessor></technique_common></source><sampler id="Spine2-Matrix-animation-transform"><input semantic="INPUT" source="#Spine2-Matrix-animation-input"/><input semantic="OUTPUT" source="#Spine2-Matrix-animation-output-transform"/><input semantic="INTERPOLATION" source="#Spine2-Interpolations"/></sampler><channel source="#Spine2-Matrix-animation-transform" target="Spine2/matrix"/></animation>
    <animation id="Neck-anim" name="Neck"><source id="Neck-Matrix-animation-input"><float_array id="Neck-Matrix-animation-input-array" count="48">

0.000000 0.033333 0.066667 0.100000 0.133333 0.166667 0.200000 0.233333 0.266667 0.300000 0.333333 0.366667 0.400000 0.433333 0.466667 0.500000
0.533333 0.566667 0.600000 0.633333 0.666667 0.700000 0.733333 0.766667 0.800000 0.833333 0.866667 0.900000 0.933333 0.966667 1.000000 1.033333
1.066667 1.100000 1.133333 1.166667 1.200000 1.233333 1.266667 1.300000 1.333333 1.366667 1.400000 1.433333 1.466667 1.500000 1.533333 1.566667</float_array><technique_common><accessor source="#Neck-Matrix-animation-input-array" count="48"><param name="TIME" type="float"/></accessor></technique_common></source><source id="Neck-Matrix-animation-output-transform"><float_array id="Neck-Matrix-animation-output-transform-array" count="768">

0.997863 0.059318 0.027406 0.024400 -0.064283 0.966406 0.248852 15.862300 -0.011724 -0.250081 0.968154 -1.675800 0.000000 0.000000 0.000000 1.000000
0.997368 0.062115 0.037409 0.024400 -0.068888 0.972724 0.221501 15.862300 -0.022631 -0.223495 0.974442 -1.675800 0.000000 0.000000 0.000000 1.000000
0.996845 0.064413 0.046386 0.024400 -0.072456 0.977040 0.200358 15.862300 -0.032415 -0.203087 0.978624 -1.675800 0.000000 0.000000 0.000000 1.000000
0.996420 0.065480 0.053482 0.024400 -0.074520 0.979000 0.189751 15.862300 -0.039934 -0.193057 0.980375 -1.675800 0.000000 0.000000 0.000000 1.000000
0.996134 0.065008 0.059091 0.024400 -0.075002 0.979546 0.186720 15.862300 -0.045744 -0.190430 0.980634 -1.675800 0.000000 0.000000 0.000000 1.000000
0.995979 0.062644 0.064039 0.024400 -0.073462 0.980244 0.183646 15.862300 -0.051270 -0.187612 0.980904 -1.675800 0.000000 0.000000 0.000000 1.000000
0.996114 0.057399 0.066805 0.024400 -0.068695 0.981004 0.181415 15.862300 -0.055123 -0.185300 0.981135 -1.675800 0.000000 0.000000 0.000000 1.000000
0.996620 0.048413 0.066374 0.024400 -0.059591 0.982154 0.178387 15.862300 -0.056554 -0.181739 0.981719 -1.675800 0.000000 0.000000 0.000000 1.000000
0.997330 0.036824 0.063059 0.024400 -0.047332 0.983568 0.174220 15.862300 -0.055607 -0.176740 0.982686 -1.675800 0.000000 0.000000 0.000000 1.000000
0.997945 0.026575 0.058312 0.024400 -0.036175 0.984724 0.170324 15.862300 -0.052894 -0.172083 0.983661 -1.675800 0.000000 0.000000 0.000000 1.000000
0.998361 0.020174 0.053564 0.024400 -0.028943 0.985302 0.168353 15.862300 -0.049380 -0.169628 0.984270 -1.675800 0.000000 0.000000 0.000000 1.000000
0.998668 0.015558 0.049186 0.024400 -0.023635 0.985476 0.168165 15.862300 -0.045856 -0.169103 0.984531 -1.675800 0.000000 0.000000 0.000000 1.000000
0.998939 0.010815 0.044766 0.024400 -0.018218 0.985545 0.168430 15.862300 -0.042298 -0.169067 0.984696 -1.675800 0.000000 0.000000 0.000000 1.000000
