<?xml version="1.0" encoding="utf-8"?>
<COLLADA xmlns="http://www.collada.org/2005/11/COLLADASchema" version="1.4.1">
  <asset><contributor><author>Mixamo</author><authoring_tool>COLLADA Mixamo exporter</authoring_tool><comments></comments></contributor><created>2018-12-17T13:50:27Z</created><modified>2018-12-17T13:50:27Z</modified><revision></revision><title></title><unit meter="0.010000"/><up_axis>Y_UP</up_axis></asset>
  <library_animations>
    <animation id="Hips-anim" name="Hips"><source id="Hips-Matrix-animation-input"><float_array id="Hips-Matrix-animation-input-array" count="36">

0.000000 0.033333 0.066667 0.100000 0.133333 0.166667 0.200000 0.233333 0.266667 0.300000 0.333333 0.366667 0.400000 0.433333 0.466667 0.500000
0.533333 0.566667 0.600000 0.633333 0.666667 0.700000 0.733333 0.766667 0.800000 0.833333 0.866667 0.900000 0.933333 0.966667 1.000000 1.033333
1.066667 1.100000 1.133333 1.166667</float_array><technique_common><accessor source="#Hips-Matrix-animation-input-array" count="36"><param name="TIME" type="float"/></accessor></technique_common></source><source id="Hips-Matrix-animation-output-transform"><float_array id="Hips-Matrix-animation-output-transform-array" count="576">

0.983922 0.032649 -0.175588 2.612150 -0.087093 0.946040 -0.312128 83.399239 0.155922 0.322402 0.933673 0.551176 0.000000 0.000000 0.000000 1.000000
0.974118 0.115598 -0.194243 3.805958 -0.188892 0.888289 -0.418644 80.284264 0.124150 0.444500 0.887134 17.421745 0.000000 0.000000 0.000000 1.000000
0.965181 0.189988 -0.179804 4.044828 -0.257912 0.805917 -0.532896 74.778320 0.043663 0.560715 0.826857 35.662930 0.000000 0.000000 0.000000 1.000000
0.956358 0.250541 -0.150362 4.001672 -0.286425 0.702032 -0.652006 69.087273 -0.057795 0.666619 0.743155 53.418205 0.000000 0.000000 0.000000 1.000000
0.945944 0.297532 -0.129092 3.805774 -0.286234 0.578682 -0.763674 64.850433 -0.152514 0.759343 0.632564 71.102898 0.000000 0.000000 0.000000 1.000000
0.935880 0.327651 -0.129513 3.302538 -0.272025 0.438384 -0.856634 62.754383 -0.223901 0.836937 0.499404 89.985283 0.000000 0.000000 0.000000 1.000000
0.921690 0.352077 -0.162881 3.158779 -0.270697 0.282967 -0.920137 63.183037 -0.277869 0.892172 0.356114 108.751831 0.000000 0.000000 0.000000 1.000000
0.901394 0.371516 -0.222405 3.691188 -0.285314 0.123251 -0.950476 64.444168 -0.325706 0.920209 0.217097 127.557114 0.000000 0.000000 0.000000 1.000000
0.901789 0.373566 -0.217312 4.316313 -0.225164 -0.023079 -0.974047 66.024460 -0.368886 0.927316 0.063301 148.077576 0.000000 0.000000 0.000000 1.000000
0.922169 0.361869 -0.136585 5.183730 -0.088644 -0.146000 -0.985305 67.165703 -0.376493 0.920725 -0.102559 169.382355 0.000000 0.000000 0.000000 1.000000
0.932245 0.360828 -0.026890 5.711668 0.064365 -0.238508 -0.969005 66.892769 -0.356058 0.901619 -0.245572 189.665497 0.000000 0.000000 0.000000 1.000000
0.922014 0.373054 0.103542 5.675066 0.227186 -0.304782 -0.924930 66.328690 -0.313491 0.876321 -0.365765 208.971100 0.000000 0.000000 0.000000 1.000000
0.887076 0.397632 0.234489 5.195090 0.385533 -0.358778 -0.850084 65.525414 -0.253891 0.844492 -0.471564 228.144760 0.000000 0.000000 0.000000 1.000000
0.829717 0.432981 0.352275 4.576368 0.529958 -0.412910 -0.740709 64.653175 -0.175256 0.801269 -0.572060 247.793045 0.000000 0.000000 0.000000 1.000000
0.753607 0.481440 0.447540 3.490398 0.654213 -0.483167 -0.581855 63.542046 -0.063892 0.731277 -0.679082 268.890289 0.000000 0.000000 0.000000 1.000000
0.677792 0.509675 0.529933 2.588698 0.727375 -0.570041 -0.382073 62.122402 0.107350 0.644426 -0.757094 291.963287 0.000000 0.000000 0.000000 1.000000
0.599845 0.531160 0.598377 0.722708 0.738598 -0.655167 -0.158839 57.480137 0.307668 0.537239 -0.785312 315.631775 0.000000 0.000000 0.000000 1.000000
0.537000 0.546244 0.642844 -0.878184 0.643777 -0.757814 0.106158 49.599197 0.545144 0.356841 -0.758606 336.495178 0.000000 0.000000 0.000000 1.000000
0.482151 0.573977 0.661877 -2.516712 0.404618 -0.815981 0.412868 40.549461 0.777056 0.068743 -0.625667 354.931854 0.000000 0.000000 0.000000 1.000000
0.443631 0.608427 0.658033 -4.212399 0.038894 -0.746619 0.664114 29.459219 0.895365 -0.269028 -0.354888 371.641266 0.000000 0.000000 0.000000 1.000000
0.427172 0.634577 0.644078 -5.884416 -0.345868 -0.543481 0.764855 20.297089 0.835403 -0.549491 -0.012680 386.428802 0.000000 0.000000 0.000000 1.000000
0.433339 0.632546 0.641952 -8.044172 -0.653361 -0.270130 0.707212 12.731705 0.620755 -0.725889 0.296223 398.032379 0.000000 0.000000 0.000000 1.000000
0.458388 0.580873 0.672657 -10.078498 -0.831708 0.013581 0.555047 12.512511 0.313276 -0.813881 0.489342 407.534271 0.000000 0.000000 0.000000 1.000000
0.468152 0.489731 0.735526 -11.886096 -0.881381 0.318382 0.349000 15.620678 -0.063262 -0.811663 0.580690 414.715759 0.000000 0.000000 0.000000 1.000000
0.434764 0.402909 0.805385 -12.732489 -0.793342 0.594552 0.130826 18.627846 -0.426132 -0.695824 0.578135 422.026337 0.000000 0.000000 0.000000 1.000000
0.372779 0.346249 0.860899 -12.673657 -0.616605 0.785745 -0.049025 20.467453 -0.693422 -0.512559 0.506408 430.347809 0.000000 0.000000 0.000000 1.000000
0.332266 0.301537 0.893686 -12.885427 -0.441328 0.887098 -0.135231 22.980774 -0.833564 -0.349476 0.427829 440.709229 0.000000 0.000000 0.000000 1.000000
0.335284 0.260234 0.905463 -13.430865 -0.308612 0.938404 -0.155425 27.724560 -0.890137 -0.227325 0.394943 451.928650 0.000000 0.000000 0.000000 1.000000
0.384004 0.222102 0.896221 -13.720407 -0.216023 0.965310 -0.146664 35.083721 -0.897705 -0.137285 0.418662 463.257904 0.000000 0.000000 0.000000 1.000000
0.473534 0.192217 0.859546 -13.227813 -0.149997 0.979240 -0.136348 42.735897 -0.867910 -0.064363 0.492535 474.006622 0.000000 0.000000 0.000000 1.000000
0.593478 0.165762 0.787596 -11.960346 -0.092499 0.986125 -0.137845 50.477745 -0.799518 0.008956 0.600576 484.740753 0.000000 0.000000 0.000000 1.000000
0.727027 0.141921 0.671781 -10.035238 -0.047085 0.986407 -0.157432 58.126595 -0.684992 0.082826 0.723827 495.842987 0.000000 0.000000 0.000000 1.000000
0.872561 0.120849 0.473321 -6.763496 -0.028572 0.979884 -0.197512 65.262405 -0.487669 0.158817 0.858462 507.172058 0.000000 0.000000 0.000000 1.000000
0.971661 0.093518 0.217094 -2.925344 -0.039050 0.969298 -0.242769 72.304581 -0.233132 0.227412 0.945480 518.707397 0.000000 0.000000 0.000000 1.000000
0.997288 0.058405 -0.044776 0.821066 -0.068825 0.955631 -0.286414 79.237831 0.026062 0.288719 0.957059 530.252502 0.000000 0.000000 0.000000 1.000000
0.965815 0.011008 -0.258997 3.972346 -0.099354 0.938525 -0.330606 86.503586 0.239436 0.345037 0.907535 541.938782 0.000000 0.000000 0.000000 1.000000</float_array><technique_common><accessor source="#Hips-Matrix-animation-output-transform-array" count="36" stride="16"><param type="float4x4"/></accessor></technique_common></source><source id="Hips-Interpolations"><Name_array id="Hips-Interpolations-array" count="36">
 LINEAR LINEAR LINEAR LINEAR LINEAR LINEAR LINEAR LINEAR LINEAR LINEAR LINEAR
LINEAR LINEAR LINEAR LINEAR LINEAR LINEAR LINEAR LINEAR LINEAR LINEAR LINEAR LINEAR
LINEAR LINEAR LINEAR LINEAR LINEAR LINEAR LINEAR LINEAR LINEAR LINEAR LINEAR LINEAR
LINEAR</Name_array><technique_common><accessor source="#Hips-Interpolations-array" count="36"><param type="name"/></accessor></technique_common></source><sampler id="Hips-Matrix-animation-transform"><input semantic="INPUT" source="#Hips-Matrix-animation-input"/><input semantic="OUTPUT" source="#Hips-Matrix-animation-output-transform"/><input semantic="INTERPOLATION" source="#Hips-Interpolations"/></sampler><channel source="#Hips-Matrix-animation-transform" target="Hips/matrix"/></animation>
    <animation id="Spine-anim" name="Spine"><source id="Spine-Matrix-animation-input"><float_array id="Spine-Matrix-animation-input-array" count="36">

0.000000 0.033333 0.066667 0.100000 0.133333 0.166667 0.200000 0.233333 0.266667 0.300000 0.333333 0.366667 0.400000 0.433333 0.466667 0.500000
0.533333 0.566667 0.600000 0.633333 0.666667 0.700000 0.733333 0.766667 0.800000 0.833333 0.866667 0.900000 0.933333 0.966667 1.000000 1.033333
1.066667 1.100000 1.133333 1.166667</float_array><technique_common><accessor source="#Spine-Matrix-animation-input-array" count="36"><param name="TIME" type="float"/></accessor></technique_common></source><source id="Spine-Matrix-animation-output-transform"><float_array id="Spine-Matrix-animation-output-transform-array" count="576">

0.996207 -0.062064 0.060993 0.017300 0.068420 0.991756 -0.108344 10.574800 -0.053766 0.112107 0.992241 -1.117200 0.000000 0.000000 0.000000 1.000000
0.997967 -0.047675 0.042306 0.017300 0.051545 0.994078 -0.095667 10.574800 -0.037494 0.097653 0.994514 -1.117200 0.000000 0.000000 0.000000 1.000000
0.999266 -0.034190 0.017261 0.017300 0.035504 0.995942 -0.082693 10.574800 -0.014364 0.083245 0.996426 -1.117200 0.000000 0.000000 0.000000 1.000000
0.999672 -0.023203 -0.010883 0.017300 0.022361 0.997153 -0.072013 10.574800 0.012523 0.071746 0.997344 -1.117200 0.000000 0.000000 0.000000 1.000000
0.999129 -0.019504 -0.036889 0.017300 0.017188 0.997923 -0.062081 10.574800 0.038023 0.061393 0.997389 -1.117200 0.000000 0.000000 0.000000 1.000000
0.998225 -0.015785 -0.057420 0.017300 0.013012 0.998746 -0.048345 10.574800 0.058111 0.047512 0.997179 -1.117200 0.000000 0.000000 0.000000 1.000000
0.997863 -0.015653 -0.063441 0.017300 0.013739 0.999440 -0.030498 10.574800 0.063883 0.029561 0.997519 -1.117200 0.000000 0.000000 0.000000 1.000000
0.998528 -0.014633 -0.052222 0.017300 0.013950 0.999813 -0.013421 10.574800 0.052409 0.012673 0.998545 -1.117200 0.000000 0.000000 0.000000 1.000000
0.999027 -0.010065 -0.042944 0.017300 0.010002 0.999949 -0.001677 10.574800 0.042959 0.001246 0.999076 -1.117200 0.000000 0.000000 0.000000 1.000000
0.999342 -0.013256 -0.033776 0.017300 0.013390 0.999903 0.003743 10.574800 0.033723 -0.004193 0.999422 -1.117200 0.000000 0.000000 0.000000 1.000000
0.999435 -0.017441 -0.028737 0.017300 0.017518 0.999844 0.002430 10.574800 0.028690 -0.002932 0.999584 -1.117200 0.000000 0.000000 0.000000 1.000000
0.999184 -0.016153 -0.037031 0.017300 0.015998 0.999862 -0.004473 10.574800 0.037098 0.003876 0.999304 -1.117200 0.000000 0.000000 0.000000 1.000000
0.998568 -0.017603 -0.050528 0.017300 0.017142 0.999808 -0.009537 10.574800 0.050686 0.008657 0.998677 -1.117200 0.000000 0.000000 0.000000 1.000000
0.997688 -0.024796 -0.063280 0.017300 0.024063 0.999635 -0.012318 10.574800 0.063563 0.010767 0.997920 -1.117200 0.000000 0.000000 0.000000 1.000000
0.997062 -0.028373 -0.071154 0.017300 0.027040 0.999441 -0.019638 10.574800 0.071671 0.017656 0.997272 -1.117200 0.000000 0.000000 0.000000 1.000000
0.997628 -0.014970 -0.067186 0.017300 0.012584 0.999280 -0.035801 10.574800 0.067674 0.034871 0.997098 -1.117200 0.000000 0.000000 0.000000 1.000000
0.998742 0.003960 -0.049994 0.017300 -0.006925 0.998218 -0.059268 10.574800 0.049670 0.059540 0.996989 -1.117200 0.000000 0.000000 0.000000 1.000000
0.999454 0.013543 -0.030123 0.017300 -0.016123 0.996067 -0.087125 10.574800 0.028824 0.087563 0.995742 -1.117200 0.000000 0.000000 0.000000 1.000000
0.999782 0.010311 -0.018160 0.017300 -0.012420 0.992676 -0.120163 10.574800 0.016788 0.120363 0.992588 -1.117200 0.000000 0.000000 0.000000 1.000000
0.999737 -0.000704 -0.022934 0.017300 -0.002762 0.988570 -0.150739 10.574800 0.022778 0.150763 0.988307 -1.117200 0.000000 0.000000 0.000000 1.000000
0.998905 -0.018768 -0.042844 0.017300 0.011634 0.986876 -0.161062 10.574800 0.045304 0.160387 0.986014 -1.117200 0.000000 0.000000 0.000000 1.000000
0.997335 -0.042925 -0.058999 0.017300 0.033476 0.987702 -0.152721 10.574800 0.064829 0.150339 0.986507 -1.117200 0.000000 0.000000 0.000000 1.000000
0.996360 -0.065200 -0.054913 0.017300 0.056940 0.988446 -0.140474 10.574800 0.063437 0.136836 0.988560 -1.117200 0.000000 0.000000 0.000000 1.000000
0.996482 -0.065674 -0.052072 0.017300 0.058441 0.989793 -0.129982 10.574800 0.060077 0.126482 0.990148 -1.117200 0.000000 0.000000 0.000000 1.000000
0.996744 -0.060341 -0.053475 0.017300 0.053185 0.990553 -0.126397 10.574800 0.060597 0.123141 0.990537 -1.117200 0.000000 0.000000 0.000000 1.000000
0.996491 -0.062451 -0.055726 0.017300 0.054922 0.990293 -0.127682 10.574800 0.063159 0.124174 0.990248 -1.117200 0.000000 0.000000 0.000000 1.000000
0.996049 -0.065945 -0.059482 0.017300 0.057666 0.989635 -0.131522 10.574800 0.067538 0.127572 0.989527 -1.117200 0.000000 0.000000 0.000000 1.000000
0.995271 -0.071410 -0.065843 0.017300 0.061832 0.988568 -0.137511 10.574800 0.074910 0.132790 0.988309 -1.117200 0.000000 0.000000 0.000000 1.000000
0.994067 -0.082158 -0.071284 0.017300 0.071215 0.986952 -0.144409 10.574800 0.082219 0.138476 0.986947 -1.117200 0.000000 0.000000 0.000000 1.000000
0.992633 -0.095985 -0.073938 0.017300 0.084013 0.984988 -0.150802 10.574800 0.087303 0.143480 0.985795 -1.117200 0.000000 0.000000 0.000000 1.000000
0.991789 -0.108053 -0.068399 0.017300 0.096414 0.983175 -0.155150 10.574800 0.084013 0.147282 0.985520 -1.117200 0.000000 0.000000 0.000000 1.000000
0.991540 -0.117636 -0.054857 0.017300 0.107891 0.981924 -0.155515 10.574800 0.072159 0.148281 0.986309 -1.117200 0.000000 0.000000 0.000000 1.000000
0.993276 -0.112403 -0.027712 0.017300 0.107284 0.983668 -0.144527 10.574800 0.043504 0.140582 0.989113 -1.117200 0.000000 0.000000 0.000000 1.000000
0.995446 -0.095233 0.004284 0.017300 0.094984 0.987016 -0.129527 10.574800 0.008107 0.129344 0.991567 -1.117200 0.000000 0.000000 0.000000 1.000000
0.996412 -0.074659 0.039856 0.017300 0.078816 0.990159 -0.115640 10.574800 -0.030830 0.118367 0.992491 -1.117200 0.000000 0.000000 0.000000 1.000000
0.995759 -0.053057 0.075163 0.017300 0.060705 0.992783 -0.103424 10.574800 -0.069134 0.107549 0.991793 -1.117200 0.000000 0.000000 0.000000 1.000000</float_array><technique_common><accessor source="#Spine-Matrix-animation-output-transform-array" count="36" stride="16"><param type="float4x4"/></accessor></technique_common></source><source id="Spine-Interpolations"><Name_array id="Spine-Interpolations-array" count="36">
 LINEAR LINEAR LINEAR LINEAR LINEAR LINEAR LINEAR LINEAR LINEAR LINEAR LINEAR
LINEAR LINEAR LINEAR LINEAR LINEAR LINEAR LINEAR LINEAR LINEAR LINEAR LINEAR LINEAR
LINEAR LINEAR LINEAR LINEAR LINEAR LINEAR LINEAR LINEAR LINEAR LINEAR LINEAR LINEAR
LINEAR</Name_array><technique_common><accessor source="#Spine-Interpolations-array" count="36"><param type="name"/></accessor></technique_common></source><sampler id="Spine-Matrix-animation-transform"><input semantic="INPUT" source="#Spine-Matrix-animation-input"/><input semantic="OUTPUT" source="#Spine-Matrix-animation-output-transform"/><input semantic="INTERPOLATION" source="#Spine-Interpolations"/></sampler><channel source="#Spine-Matrix-animation-transform" target="Spine/matrix"/></animation>
    <animation id="Spine1-anim" name="Spine1"><source id="Spine1-Matrix-animation-input"><float_array id="Spine1-Matrix-animation-input-array" count="36">

0.000000 0.033333 0.066667 0.100000 0.133333 0.166667 0.200000 0.233333 0.266667 0.300000 0.333333 0.366667 0.400000 0.433333 0.466667 0.500000
0.533333 0.566667 0.600000 0.633333 0.666667 0.700000 0.733333 0.766667 0.800000 0.833333 0.866667 0.900000 0.933333 0.966667 1.000000 1.033333
1.066667 1.100000 1.133333 1.166667</float_array><technique_common><accessor source="#Spine1-Matrix-animation-input-array" count="36"><param name="TIME" type="float"/></accessor></technique_common></source><source id="Spine1-Matrix-animation-output-transform"><float_array id="Spine1-Matrix-animation-output-transform-array" count="576">

0.989878 -0.077698 0.118766 0.019000 0.101986 0.971378 -0.214531 12.337300 -0.098698 0.224472 0.969469 -1.303400 0.000000 0.000000 0.000000 1.000000
0.995384 -0.059674 0.075165 0.019000 0.073058 0.979017 -0.190233 12.337300 -0.062236 0.194846 0.978857 -1.303400 0.000000 0.000000 0.000000 1.000000
0.999188 -0.032866 0.023288 0.019000 0.036265 0.985629 -0.164983 12.337300 -0.017531 0.165694 0.986021 -1.303400 0.000000 0.000000 0.000000 1.000000
0.999337 -0.021073 -0.029692 0.019000 0.016608 0.989535 -0.143335 12.337300 0.032402 0.142747 0.989229 -1.303400 0.000000 0.000000 0.000000 1.000000
0.996618 -0.030371 -0.076361 0.019000 0.020743 0.992083 -0.123862 12.337300 0.079518 0.121859 0.989357 -1.303400 0.000000 0.000000 0.000000 1.000000
0.993243 -0.039954 -0.108962 0.019000 0.029294 0.994781 -0.097741 12.337300 0.112298 0.093888 0.989229 -1.303400 0.000000 0.000000 0.000000 1.000000
0.992194 -0.033631 -0.120085 0.019000 0.026339 0.997740 -0.061811 12.337300 0.121892 0.058165 0.990838 -1.303400 0.000000 0.000000 0.000000 1.000000
0.994139 -0.020825 -0.106084 0.019000 0.018076 0.999477 -0.026806 12.337300 0.106587 0.024731 0.993996 -1.303400 0.000000 0.000000 0.000000 1.000000
0.995730 -0.009837 -0.091784 0.019000 0.009595 0.999949 -0.003078 12.337300 0.091810 0.002184 0.995774 -1.303400 0.000000 0.000000 0.000000 1.000000
0.996227 -0.006313 -0.086561 0.019000 0.007047 0.999942 0.008175 12.337300 0.086504 -0.008754 0.996213 -1.303400 0.000000 0.000000 0.000000 1.000000
0.995958 -0.007482 -0.089505 0.019000 0.008031 0.999951 0.005776 12.337300 0.089458 -0.006472 0.995970 -1.303400 0.000000 0.000000 0.000000 1.000000
0.994673 -0.009937 -0.102603 0.019000 0.009154 0.999925 -0.008097 12.337300 0.102676 0.007114 0.994689 -1.303400 0.000000 0.000000 0.000000 1.000000
0.991608 -0.016358 -0.128240 0.019000 0.014121 0.999732 -0.018332 12.337300 0.128506 0.016367 0.991574 -1.303400 0.000000 0.000000 0.000000 1.000000
0.986886 -0.026006 -0.159310 0.019000 0.022515 0.999466 -0.023678 12.337300 0.159841 0.019781 0.986945 -1.303400 0.000000 0.000000 0.000000 1.000000
0.983651 -0.027374 -0.177992 0.019000 0.021005 0.999073 -0.037569 12.337300 0.178855 0.033216 0.983315 -1.303400 0.000000 0.000000 0.000000 1.000000
0.985624 -0.008454 -0.168744 0.019000 -0.003323 0.997585 -0.069383 12.337300 0.168923 0.068946 0.983215 -1.303400 0.000000 0.000000 0.000000 1.000000
0.990318 0.022538 -0.136973 0.019000 -0.038591 0.992535 -0.115694 12.337300 0.133343 0.119860 0.983795 -1.303400 0.000000 0.000000 0.000000 1.000000
0.994420 0.037923 -0.098439 0.019000 -0.054486 0.983684 -0.171455 12.337300 0.090330 0.175862 0.980262 -1.303400 0.000000 0.000000 0.000000 1.000000
0.997695 0.025399 -0.062920 0.019000 -0.039695 0.970543 -0.237634 12.337300 0.055031 0.239584 0.969315 -1.303400 0.000000 0.000000 0.000000 1.000000
0.998996 -0.006373 -0.044354 0.019000 -0.007141 0.954540 -0.297996 12.337300 0.044237 0.298014 0.953536 -1.303400 0.000000 0.000000 0.000000 1.000000
0.997034 -0.053195 -0.055627 0.019000 0.032740 0.947198 -0.318974 12.337300 0.069657 0.316207 0.946130 -1.303400 0.000000 0.000000 0.000000 1.000000
0.991149 -0.112382 -0.070662 0.019000 0.085821 0.948541 -0.304804 12.337300 0.101280 0.296042 0.949790 -1.303400 0.000000 0.000000 0.000000 1.000000
0.985249 -0.157225 -0.067561 0.019000 0.132326 0.950308 -0.281788 12.337300 0.108508 0.268691 0.957095 -1.303400 0.000000 0.000000 0.000000 1.000000
0.984848 -0.159643 -0.067736 0.019000 0.136895 0.955454 -0.261470 12.337300 0.106461 0.248236 0.962832 -1.303400 0.000000 0.000000 0.000000 1.000000
0.985760 -0.149690 -0.076616 0.019000 0.125810 0.958823 -0.254616 12.337300 0.111574 0.241351 0.964002 -1.303400 0.000000 0.000000 0.000000 1.000000
0.985414 -0.147147 -0.085482 0.019000 0.120886 0.958830 -0.256967 12.337300 0.119774 0.242886 0.962632 -1.303400 0.000000 0.000000 0.000000 1.000000
0.984111 -0.150462 -0.094266 0.019000 0.120940 0.956759 -0.264548 12.337300 0.129994 0.248944 0.959754 -1.303400 0.000000 0.000000 0.000000 1.000000
0.981243 -0.164601 -0.100345 0.019000 0.131350 0.951863 -0.276955 12.337300 0.141102 0.258580 0.955629 -1.303400 0.000000 0.000000 0.000000 1.000000
0.977342 -0.184344 -0.104021 0.019000 0.147347 0.945340 -0.290898 12.337300 0.151960 0.268980 0.951083 -1.303400 0.000000 0.000000 0.000000 1.000000
0.972951 -0.206207 -0.104137 0.019000 0.166362 0.938205 -0.303471 12.337300 0.160279 0.277938 0.947133 -1.303400 0.000000 0.000000 0.000000 1.000000
0.969180 -0.225758 -0.098612 0.019000 0.185356 0.931908 -0.311754 12.337300 0.162278 0.283867 0.945032 -1.303400 0.000000 0.000000 0.000000 1.000000
0.968311 -0.235542 -0.083024 0.019000 0.199314 0.929141 -0.311403 12.337300 0.150490 0.284987 0.946644 -1.303400 0.000000 0.000000 0.000000 1.000000
0.976364 -0.212361 -0.040209 0.019000 0.192230 0.938261 -0.287600 12.337300 0.098801 0.273073 0.956906 -1.303400 0.000000 0.000000 0.000000 1.000000
0.985759 -0.167362 0.016434 0.019000 0.165949 0.952279 -0.256176 12.337300 0.027225 0.255255 0.966490 -1.303400 0.000000 0.000000 0.000000 1.000000
0.990421 -0.111420 0.081565 0.019000 0.127382 0.965239 -0.228226 12.337300 -0.053301 0.236429 0.970186 -1.303400 0.000000 0.000000 0.000000 1.000000
0.988016 -0.053768 0.144684 0.019000 0.083195 0.975058 -0.205768 12.337300 -0.130011 0.215339 0.967846 -1.303400 0.000000 0.000000 0.000000 1.000000</float_array><technique_common><accessor source="#Spine1-Matrix-animation-output-transform-array" count="36" stride="16"><param type="float4x4"/></accessor></technique_common></source><source id="Spine1-Interpolations"><Name_array id="Spine1-Interpolations-array" count="36">
 LINEAR LINEAR LINEAR LINEAR LINEAR LINEAR LINEAR LINEAR LINEAR LINEAR LINEAR
LINEAR LINEAR LINEAR LINEAR LINEAR LINEAR LINEAR LINEAR LINEAR LINEAR LINEAR LINEAR
LINEAR LINEAR LINEAR LINEAR LINEAR LINEAR LINEAR LINEAR LINEAR LINEAR LINEAR LINEAR
LINEAR</Name_array><technique_common><accessor source="#Spine1-Interpolations-array" count="36"><param type="name"/></accessor></technique_common></source><sampler id="Spine1-Matrix-animation-transform"><input semantic="INPUT" source="#Spine1-Matrix-animation-input"/><input semantic="OUTPUT" source="#Spine1-Matrix-animation-output-transform"/><input semantic="INTERPOLATION" source="#Spine1-Interpolations"/></sampler><channel source="#Spine1-Matrix-animation-transform" target="Spine1/matrix"/></animation>
    <animation id="Spine2-anim" name="Spine2"><source id="Spine2-Matrix-animation-input"><float_array id="Spine2-Matrix-animation-input-array" count="36">

0.000000 0.033333 0.066667 0.100000 0.133333 0.166667 0.200000 0.233333 0.266667 0.300000 0.333333 0.366667 0.400000 0.433333 0.466667 0.500000
0.533333 0.566667 0.600000 0.633333 0.666667 0.700000 0.733333 0.766667 0.800000 0.833333 0.866667 0.900000 0.933333 0.966667 1.000000 1.033333
1.066667 1.100000 1.133333 1.166667</float_array><technique_common><accessor source="#Spine2-Matrix-animation-input-array" count="36"><param name="TIME" type="float"/></accessor></technique_common></source><source id="Spine2-Matrix-animation-output-transform"><float_array id="Spine2-Matrix-animation-output-transform-array" count="576">

0.989878 -0.077698 0.118766 0.021700 0.101986 0.971378 -0.214531 14.099800 -0.098698 0.224472 0.969469 -1.489600 0.000000 0.000000 0.000000 1.000000
0.995384 -0.059674 0.075165 0.021700 0.073058 0.979017 -0.190233 14.099800 -0.062236 0.194846 0.978857 -1.489600 0.000000 0.000000 0.000000 1.000000
0.999188 -0.032866 0.023288 0.021700 0.036265 0.985629 -0.164983 14.099800 -0.017531 0.165694 0.986021 -1.489600 0.000000 0.000000 0.000000 1.000000
0.999337 -0.021073 -0.029692 0.021700 0.016608 0.989535 -0.143335 14.099800 0.032402 0.142747 0.989229 -1.489600 0.000000 0.000000 0.000000 1.000000
0.996618 -0.030371 -0.076361 0.021700 0.020743 0.992083 -0.123862 14.099800 0.079518 0.121859 0.989357 -1.489600 0.000000 0.000000 0.000000 1.000000
0.993243 -0.039954 -0.108962 0.021700 0.029294 0.994781 -0.097741 14.099800 0.112299 0.093889 0.989229 -1.489600 0.000000 0.000000 0.000000 1.000000
0.992194 -0.033632 -0.120085 0.021700 0.026339 0.997740 -0.061810 14.099800 0.121892 0.058165 0.990838 -1.489600 0.000000 0.000000 0.000000 1.000000
0.994139 -0.020825 -0.106084 0.021700 0.018076 0.999477 -0.026806 14.099800 0.106586 0.024731 0.993996 -1.489600 0.000000 0.000000 0.000000 1.000000
0.995730 -0.009837 -0.091784 0.021700 0.009595 0.999949 -0.003078 14.099800 0.091809 0.002184 0.995774 -1.489600 0.000000 0.000000 0.000000 1.000000
0.996227 -0.006313 -0.086561 0.021700 0.007047 0.999942 0.008175 14.099800 0.086504 -0.008754 0.996213 -1.489600 0.000000 0.000000 0.000000 1.000000
0.995958 -0.007482 -0.089505 0.021700 0.008031 0.999951 0.005776 14.099800 0.089458 -0.006472 0.995970 -1.489600 0.000000 0.000000 0.000000 1.000000
0.994673 -0.009937 -0.102603 0.021700 0.009154 0.999925 -0.008097 14.099800 0.102676 0.007114 0.994689 -1.489600 0.000000 0.000000 0.000000 1.000000
0.991608 -0.016358 -0.128240 0.021700 0.014121 0.999732 -0.018332 14.099800 0.128506 0.016368 0.991574 -1.489600 0.000000 0.000000 0.000000 1.000000
0.986886 -0.026006 -0.159310 0.021700 0.022515 0.999466 -0.023678 14.099800 0.159840 0.019781 0.986945 -1.489600 0.000000 0.000000 0.000000 1.000000
0.983651 -0.027374 -0.177992 0.021700 0.021005 0.999073 -0.037569 14.099800 0.178855 0.033216 0.983315 -1.489600 0.000000 0.000000 0.000000 1.000000
0.985624 -0.008454 -0.168744 0.021700 -0.003322 0.997585 -0.069383 14.099800 0.168923 0.068946 0.983215 -1.489600 0.000000 0.000000 0.000000 1.000000
0.990318 0.022538 -0.136973 0.021700 -0.038591 0.992535 -0.115694 14.099800 0.133343 0.119860 0.983795 -1.489600 0.000000 0.000000 0.000000 1.000000
0.994420 0.037923 -0.098439 0.021700 -0.054486 0.983684 -0.171455 14.099800 0.090331 0.175862 0.980262 -1.489600 0.000000 0.000000 0.000000 1.000000
0.997695 0.025399 -0.062921 0.021700 -0.039695 0.970543 -0.237634 14.099800 0.055031 0.239584 0.969315 -1.489600 0.000000 0.000000 0.000000 1.000000
0.998996 -0.006373 -0.044354 0.021700 -0.007141 0.954540 -0.297997 14.099800 0.044237 0.298014 0.953536 -1.489600 0.000000 0.000000 0.000000 1.000000
0.997034 -0.053195 -0.055627 0.021700 0.032740 0.947198 -0.318974 14.099800 0.069657 0.316207 0.946129 -1.489600 0.000000 0.000000 0.000000 1.000000
0.991149 -0.112382 -0.070662 0.021700 0.085820 0.948541 -0.304804 14.099800 0.101280 0.296042 0.949790 -1.489600 0.000000 0.000000 0.000000 1.000000
0.985249 -0.157225 -0.067561 0.021700 0.132326 0.950308 -0.281788 14.099800 0.108508 0.268691 0.957095 -1.489600 0.000000 0.000000 0.000000 1.000000
0.984848 -0.159643 -0.067736 0.021700 0.136895 0.955454 -0.261470 14.099800 0.106461 0.248236 0.962832 -1.489600 0.000000 0.000000 0.000000 1.000000
0.985760 -0.149691 -0.076616 0.021700 0.125811 0.958823 -0.254616 14.099800 0.111575 0.241352 0.964002 -1.489600 0.000000 0.000000 0.000000 1.000000
0.985414 -0.147146 -0.085481 0.021700 0.120886 0.958830 -0.256968 14.099800 0.119774 0.242886 0.962632 -1.489600 0.000000 0.000000 0.000000 1.000000
0.984111 -0.150462 -0.094266 0.021700 0.120940 0.956759 -0.264548 14.099800 0.129994 0.248944 0.959754 -1.489600 0.000000 0.000000 0.000000 1.000000
0.981243 -0.164601 -0.100345 0.021700 0.131350 0.951863 -0.276955 14.099800 0.141101 0.258580 0.955629 -1.489600 0.000000 0.000000 0.000000 1.000000
0.977342 -0.184344 -0.104021 0.021700 0.147347 0.945340 -0.290898 14.099800 0.151960 0.268980 0.951083 -1.489600 0.000000 0.000000 0.000000 1.000000
0.972951 -0.206207 -0.104137 0.021700 0.166362 0.938205 -0.303471 14.099800 0.160279 0.277938 0.947133 -1.489600 0.000000 0.000000 0.000000 1.000000
0.969180 -0.225758 -0.098612 0.021700 0.185356 0.931908 -0.311754 14.099800 0.162278 0.283867 0.945032 -1.489600 0.000000 0.000000 0.000000 1.000000
0.968311 -0.235542 -0.083024 0.021700 0.199314 0.929140 -0.311403 14.099800 0.150490 0.284987 0.946644 -1.489600 0.000000 0.000000 0.000000 1.000000
0.976364 -0.212361 -0.040209 0.021700 0.192229 0.938261 -0.287600 14.099800 0.098801 0.273073 0.956906 -1.489600 0.000000 0.000000 0.000000 1.000000
0.985758 -0.167362 0.016434 0.021700 0.165949 0.952279 -0.256176 14.099800 0.027225 0.255255 0.966490 -1.489600 0.000000 0.000000 0.000000 1.000000
0.990421 -0.111420 0.081565 0.021700 0.127382 0.965239 -0.228226 14.099800 -0.053301 0.236430 0.970186 -1.489600 0.000000 0.000000 0.000000 1.000000
0.988016 -0.053768 0.144684 0.021700 0.083195 0.975058 -0.205769 14.099800 -0.130011 0.215340 0.967846 -1.489600 0.000000 0.000000 0.000000 1.000000</float_array><technique_common><accessor source="#Spine2-Matrix-animation-output-transform-array" count="36" stride="16"><param type="float4x4"/></accessor></technique_common></source><source id="Spine2-Interpolations"><Name_array id="Spine2-Interpolations-array" count="36">
 LINEAR LINEAR LINEAR LINEAR LINEAR LINEAR LINEAR LINEAR LINEAR LINEAR LINEAR
LINEAR LINEAR LINEAR LINEAR LINEAR LINEAR LINEAR LINEAR LINEAR LINEAR LINEAR LINEAR
LINEAR LINEAR LINEAR LINEAR LINEAR LINEAR LINEAR LINEAR LINEAR LINEAR LINEAR LINEAR
LINEAR</Name_array><technique_common><accessor source="#Spine2-Interpolations-array" count="36"><param type="name"/></accessor></technique_common></source><sampler id="Spine2-Matrix-animation-transform"><input semantic="INPUT" source="#Spine2-Matrix-animation-input"/><input semantic="OUTPUT" source="#Spine2-Matrix-animation-output-transform"/><input semantic="INTERPOLATION" source="#Spine2-Interpolations"/></sampler><channel source="#Spine2-Matrix-animation-transform" target="Spine2/matrix"/></animation>
    <animation id="Neck-anim" name="Neck"><source id="Neck-Matrix-animation-input"><float_array id="Neck-Matrix-animation-input-array" count="36">

0.000000 0.033333 0.066667 0.100000 0.133333 0.166667 0.200000 0.233333 0.266667 0.300000 0.333333 0.366667 0.400000 0.433333 0.466667 0.500000
0.533333 0.566667 0.600000 0.633333 0.666667 0.700000 0.733333 0.766667 0.800000 0.833333 0.866667 0.900000 0.933333 0.966667 1.000000 1.033333
1.066667 1.100000 1.133333 1.166667</float_array><technique_common><accessor source="#Neck-Matrix-animation-input-array" count="36"><param name="TIME" type="float"/></accessor></technique_common></source><source id="Neck-Matrix-animation-output-transform"><float_array id="Neck-Matrix-animation-output-transform-array" count="576">

0.995420 0.095427 0.005643 0.024400 -0.095505 0.995304 0.015745 15.862300 -0.004114 -0.016212 0.999860 -1.675800 0.000000 0.000000 0.000000 1.000000
0.994363 0.105169 0.013456 0.024400 -0.104632 0.993867 -0.035771 15.862300 -0.017135 0.034162 0.999269 -1.675800 0.000000 0.000000 0.000000 1.000000
0.992855 0.117423 0.021222 0.024400 -0.116250 0.991963 -0.049950 15.862300 -0.026917 0.047126 0.998526 -1.675800 0.000000 0.000000 0.000000 1.000000
0.991854 0.122773 0.033941 0.024400 -0.121450 0.991846 -0.038629 15.862300 -0.038406 0.034193 0.998677 -1.675800 0.000000 0.000000 0.000000 1.000000
0.992359 0.112603 0.050442 0.024400 -0.112082 0.993613 -0.013043 15.862300 -0.051588 0.007289 0.998642 -1.675800 0.000000 0.000000 0.000000 1.000000
0.994774 0.080404 0.062928 0.024400 -0.081582 0.996532 0.016374 15.862300 -0.061393 -0.021422 0.997884 -1.675800 0.000000 0.000000 0.000000 1.000000
0.998015 0.019150 0.059991 0.024400 -0.021699 0.998877 0.042117 15.862300 -0.059117 -0.043335 0.997310 -1.675800 0.000000 0.000000 0.000000 1.000000
0.993182 -0.113806 0.025254 0.024400 0.111567 0.990759 0.077128 15.862300 -0.033798 -0.073785 0.996701 -1.675800 0.000000 0.000000 0.000000 1.000000
0.981286 -0.192267 -0.010549 0.024400 0.191919 0.972115 0.134759 15.862300 -0.015655 -0.134262 0.990822 -1.675800 0.000000 0.000000 0.000000 1.000000
0.988810 -0.148366 -0.015590 0.024400 0.148690 0.971670 0.183710 15.862300 -0.012108 -0.183972 0.982857 -1.675800 0.000000 0.000000 0.000000 1.000000
0.995113 -0.097693 -0.014391 0.024400 0.098741 0.986044 0.134044 15.862300 0.001095 -0.134810 0.990871 -1.675800 0.000000 0.000000 0.000000 1.000000
0.999637 -0.022314 -0.015116 0.024400 0.023025 0.998550 0.048653 15.862300 0.014009 -0.048984 0.998701 -1.675800 0.000000 0.000000 0.000000 1.000000
0.997484 0.069995 -0.011279 0.024400 -0.070243 0.997256 -0.023363 15.862300 0.009612 0.024096 0.999663 -1.675800 0.000000 0.000000 0.000000 1.000000
0.988752 0.149438 -0.006133 0.024400 -0.149413 0.985088 -0.085304 15.862300 -0.006706 0.085261 0.996336 -1.675800 0.000000 0.000000 0.000000 1.000000
0.978747 0.205060 -0.002241 0.024400 -0.203289 0.968741 -0.142175 15.862300 -0.026984 0.139609 0.989839 -1.675800 0.000000 0.000000 0.000000 1.000000
0.986522 0.163251 -0.011144 0.024400 -0.162142 0.966112 -0.200844 15.862300 -0.022022 0.199943 0.979560 -1.675800 0.000000 0.000000 0.000000 1.000000
0.996488 0.080405 -0.023371 0.024400 -0.083709 0.963278 -0.255125 15.862300 0.002000 0.256185 0.966626 -1.675800 0.000000 0.000000 0.000000 1.000000
0.998100 -0.043695 -0.043449 0.024400 0.029312 0.956892 -0.288962 15.862300 0.054202 0.287139 0.956354 -1.675800 0.000000 0.000000 0.000000 1.000000
0.977346 -0.198535 -0.073341 0.024400 0.167085 0.936459 -0.308426 15.862300 0.129915 0.289185 0.948417 -1.675800 0.000000 0.000000 0.000000 1.000000
0.931997 -0.353514 -0.080060 0.024400 0.313709 0.897352 -0.310398 15.862300 0.181572 0.264175 0.947229 -1.675800 0.000000 0.000000 0.000000 1.000000
0.874332 -0.481316 -0.062279 0.024400 0.442904 0.843776 -0.303115 15.862300 0.198444 0.237439 0.950917 -1.675800 0.000000 0.000000 0.000000 1.000000
0.885101 -0.460186 -0.069457 0.024400 0.427208 0.862577 -0.271024 15.862300 0.184633 0.210211 0.960063 -1.675800 0.000000 0.000000 0.000000 1.000000
0.978832 -0.203491 -0.021879 0.024400 0.194821 0.959174 -0.205012 15.862300 0.062704 0.196410 0.978515 -1.675800 0.000000 0.000000 0.000000 1.000000
0.997870 0.060249 0.025011 0.024400 -0.055678 0.986389 -0.154717 15.862300 -0.033992 0.152995 0.987642 -1.675800 0.000000 0.000000 0.000000 1.000000
0.996113 0.070368 -0.052980 0.024400 -0.075140 0.992710 -0.094240 15.862300 0.045963 0.097854 0.994139 -1.675800 0.000000 0.000000 0.000000 1.000000
0.980668 -0.053422 -0.188245 0.024400 0.043471 0.997450 -0.056598 15.862300 0.190788 0.047321 0.980490 -1.675800 0.000000 0.000000 0.000000 1.000000
0.943747 -0.167085 -0.285350 0.024400 0.157832 0.985917 -0.055294 15.862300 0.290570 0.007146 0.956827 -1.675800 0.000000 0.000000 0.000000 1.000000
0.934019 -0.184928 -0.305632 0.024400 0.178851 0.982703 -0.048029 15.862300 0.309227 -0.009802 0.950938 -1.675800 0.000000 0.000000 0.000000 1.000000
0.940571 -0.169321 -0.294375 0.024400 0.164987 0.985497 -0.039688 15.862300 0.296826 -0.011239 0.954865 -1.675800 0.000000 0.000000 0.000000 1.000000
0.955414 -0.134556 -0.262827 0.024400 0.130818 0.990898 -0.031753 15.862300 0.264707 -0.004045 0.964320 -1.675800 0.000000 0.000000 0.000000 1.000000
0.972566 -0.086437 -0.215973 0.024400 0.083056 0.996239 -0.024702 15.862300 0.217296 0.006086 0.976087 -1.675800 0.000000 0.000000 0.000000 1.000000
0.986691 -0.032099 -0.159410 0.024400 0.029416 0.999383 -0.019168 15.862300 0.159927 0.014224 0.987026 -1.675800 0.000000 0.000000 0.000000 1.000000
0.994775 0.020789 -0.099957 0.024400 -0.022339 0.999647 -0.014415 15.862300 0.099622 0.016573 0.994887 -1.675800 0.000000 0.000000 0.000000 1.000000
0.996873 0.064370 -0.045843 0.024400 -0.064799 0.997867 -0.007951 15.862300 0.045234 0.010897 0.998917 -1.675800 0.000000 0.000000 0.000000 1.000000
0.995816 0.091186 -0.005946 0.024400 -0.091163 0.995828 0.004003 15.862300 0.006286 -0.003445 0.999974 -1.675800 0.000000 0.000000 0.000000 1.000000
0.995411 0.095114 0.010504 0.024400 -0.095356 0.995115 0.025566 15.862300 -0.008021 -0.026450 0.999618 -1.675800 0.000000 0.000000 0.000000 1.000000</float_array><technique_common><accessor source="#Neck-Matrix-animation-output-transform-array" count="36" stride="16"><param type="float4x4"/></accessor></technique_common></source><source id="Neck-Interpolations"><Name_array id="Neck-Interpolations-array" count="36">
 LINEAR LINEAR LINEAR LINEAR LINEAR LINEAR LINEAR LINEAR LINEAR LINEAR LINEAR
LINEAR LINEAR LINEAR LINEAR LINEAR LINEAR LINEAR LINEAR LINEAR LINEAR LINEAR LINEAR
LINEAR LINEAR LINEAR LINEAR LINEAR LINEAR LINEAR LINEAR LINEAR LINEAR LINEAR LINEAR
LINEAR</Name_array><technique_common><accessor source="#Neck-Interpolations-array" count="36"><param type="name"/></accessor></technique_common></source><sampler id="Neck-Matrix-animation-transform"><input semantic="INPUT" source="#Neck-Matrix-animation-input"/><input semantic="OUTPUT" source="#Neck-Matrix-animation-output-transform"/><input semantic="INTERPOLATION" source="#Neck-Interpolations"/></sampler><channel source="#Neck-Matrix-animation-transform" target="Neck/matrix"/></animation>
    <animation id="Head-anim" name="Head"><source id="Head-Matrix-animation-input"><float_array id="Head-Matrix-animation-input-array" count="36">

0.000000 0.033333 0.066667 0.100000 0.133333 0.166667 0.200000 0.233333 0.266667 0.300000 0.333333 0.366667 0.400000 0.433333 0.466667 0.500000
0.533333 0.566667 0.600000 0.633333 0.666667 0.700000 0.733333 0.766667 0.800000 0.833333 0.866667 0.900000 0.933333 0.966667 1.000000 1.033333
1.066667 1.100000 1.133333 1.166667</float_array><technique_common><accessor source="#Head-Matrix-animation-input-array" count="36"><param name="TIME" type="float"/></accessor></technique_common></source><source id="Head-Matrix-animation-output-transform"><float_array id="Head-Matrix-animation-output-transform-array" count="576">

0.981682 0.190526 0.000797 0.000000 -0.162892 0.837115 0.522212 5.564000 0.098828 -0.512776 0.852815 0.988100 0.000000 0.000000 0.000000 1.000000
0.989722 0.137040 0.040860 -0.000000 -0.135749 0.810513 0.569773 5.564000 0.044964 -0.569463 0.820786 0.988100 0.000000 0.000000 0.000000 1.000000
0.995461 0.051022 0.080341 0.000000 -0.089542 0.788169 0.608911 5.564000 -0.032255 -0.613341 0.789159 0.988100 0.000000 0.000000 0.000000 1.000000
0.991703 -0.043010 0.121143 0.000000 -0.044280 0.770412 0.636007 5.564000 -0.120684 -0.636094 0.762115 0.988100 0.000000 0.000000 0.000000 1.000000
0.979427 -0.121098 0.161427 0.000000 -0.013042 0.760274 0.649472 5.564000 -0.201378 -0.638215 0.743053 0.988100 0.000000 0.000000 0.000000 1.000000
0.967194 -0.162801 0.195016 -0.000000 -0.002791 0.760807 0.648972 5.564000 -0.254022 -0.628226 0.735394 0.988100 0.000000 0.000000 0.000000 1.000000
0.965144 -0.152120 0.212970 0.000000 -0.016248 0.777341 0.628870 5.564000 -0.261214 -0.610410 0.747774 0.988100 0.000000 0.000000 0.000000 1.000000
0.973936 -0.026606 0.225258 0.000000 -0.106145 0.824187 0.556281 5.564000 -0.200455 -0.565692 0.799881 0.988100 0.000000 0.000000 0.000000 1.000000
0.971062 0.113827 0.209957 0.000000 -0.209161 0.829679 0.517575 5.564000 -0.115282 -0.546513 0.829478 0.988100 0.000000 0.000000 0.000000 1.000000
0.971745 0.169694 0.164061 0.000000 -0.228810 0.847886 0.478263 5.564000 -0.057947 -0.502289 0.862756 0.988100 0.000000 0.000000 0.000000 1.000000
0.960311 0.245381 0.132629 0.000000 -0.278927 0.842568 0.460737 5.564000 0.001307 -0.479445 0.877571 0.988100 0.000000 0.000000 0.000000 1.000000
0.953502 0.290324 0.080908 0.000000 -0.293944 0.836524 0.462412 5.564000 0.066568 -0.464693 0.882966 0.988100 0.000000 0.000000 0.000000 1.000000
0.947712 0.314749 0.052685 0.000000 -0.307179 0.854959 0.417955 5.564000 0.086507 -0.412285 0.906939 0.988100 0.000000 0.000000 0.000000 1.000000
0.940114 0.338905 0.036454 0.000000 -0.331275 0.883257 0.331834 5.564000 0.080262 -0.324038 0.942633 0.988100 0.000000 0.000000 0.000000 1.000000
0.929328 0.368648 0.021158 0.000000 -0.363723 0.904024 0.224600 5.564000 0.063671 -0.216423 0.974221 0.988100 0.000000 0.000000 0.000000 1.000000
0.912450 0.408927 0.014624 0.000000 -0.408484 0.908198 0.091200 5.564000 0.024013 -0.089189 0.995725 0.988100 0.000000 0.000000 0.000000 1.000000
0.887304 0.460053 0.032287 0.000000 -0.458197 0.887349 -0.051654 5.564000 -0.052413 0.031039 0.998143 0.988100 0.000000 0.000000 0.000000 1.000000
0.868198 0.495102 0.033275 0.000000 -0.486546 0.862534 -0.138954 5.564000 -0.097497 0.104450 0.989740 0.988100 0.000000 0.000000 0.000000 1.000000
0.868727 0.493944 -0.036507 0.000000 -0.493998 0.858779 -0.135886 5.564000 -0.035769 0.136082 0.990052 0.988100 0.000000 0.000000 0.000000 1.000000
