<?xml version="1.0" encoding="utf-8"?>
<COLLADA xmlns="http://www.collada.org/2005/11/COLLADASchema" version="1.4.1">
  <asset><contributor><author>Mixamo</author><authoring_tool>COLLADA Mixamo exporter</authoring_tool><comments></comments></contributor><created>2018-10-31T13:37:40Z</created><modified>2018-10-31T13:37:40Z</modified><revision></revision><title></title><unit meter="0.010000"/><up_axis>Y_UP</up_axis></asset>
  <library_animations>
    <animation id="Hips-anim" name="Hips"><source id="Hips-Matrix-animation-input"><float_array id="Hips-Matrix-animation-input-array" count="139">

0.000000 0.033333 0.066667 0.100000 0.133333 0.166667 0.200000 0.233333 0.266667 0.300000 0.333333 0.366667 0.400000 0.433333 0.466667 0.500000
0.533333 0.566667 0.600000 0.633333 0.666667 0.700000 0.733333 0.766667 0.800000 0.833333 0.866667 0.900000 0.933333 0.966667 1.000000 1.033333
1.066667 1.100000 1.133333 1.166667 1.200000 1.233333 1.266667 1.300000 1.333333 1.366667 1.400000 1.433333 1.466667 1.500000 1.533333 1.566667
1.600000 1.633333 1.666667 1.700000 1.733333 1.766667 1.800000 1.833333 1.866667 1.900000 1.933333 1.966667 2.000000 2.033333 2.066667 2.100000
2.133333 2.166667 2.200000 2.233333 2.266667 2.300000 2.333333 2.366667 2.400000 2.433333 2.466667 2.500000 2.533333 2.566667 2.600000 2.633333
2.666667 2.700000 2.733333 2.766667 2.800000 2.833333 2.866667 2.900000 2.933333 2.966667 3.000000 3.033333 3.066667 3.100000 3.133333 3.166667
3.200000 3.233333 3.266667 3.300000 3.333333 3.366667 3.400000 3.433333 3.466667 3.500000 3.533333 3.566667 3.600000 3.633333 3.666667 3.700000
3.733333 3.766667 3.800000 3.833333 3.866667 3.900000 3.933333 3.966667 4.000000 4.033333 4.066667 4.100000 4.133333 4.166667 4.200000 4.233333
4.266667 4.300000 4.333333 4.366667 4.400000 4.433333 4.466667 4.500000 4.533333 4.566667 4.600000</float_array><technique_common><accessor source="#Hips-Matrix-animation-input-array" count="139"><param name="TIME" type="float"/></accessor></technique_common></source><source id="Hips-Matrix-animation-output-transform"><float_array id="Hips-Matrix-animation-output-transform-array" count="2224">

0.998138 0.026130 -0.055121 -12.948404 -0.027224 0.999445 -0.019189 92.742943 0.054589 0.020654 0.998295 0.615129 0.000000 0.000000 0.000000 1.000000
0.998137 0.026496 -0.054961 -12.942198 -0.027595 0.999432 -0.019345 92.738922 0.054417 0.020825 0.998301 0.631456 0.000000 0.000000 0.000000 1.000000
0.998162 0.026936 -0.054290 -12.936885 -0.028042 0.999412 -0.019722 92.736763 0.053726 0.021208 0.998330 0.646842 0.000000 0.000000 0.000000 1.000000
0.998170 0.027414 -0.053895 -12.935662 -0.028535 0.999390 -0.020136 92.738564 0.053310 0.021637 0.998344 0.661700 0.000000 0.000000 0.000000 1.000000
0.998201 0.027773 -0.053145 -12.933614 -0.028897 0.999372 -0.020493 92.743851 0.052543 0.021992 0.998377 0.676157 0.000000 0.000000 0.000000 1.000000
0.998207 0.028304 -0.052734 -12.935311 -0.029426 0.999354 -0.020622 92.752182 0.052116 0.022137 0.998396 0.688402 0.000000 0.000000 0.000000 1.000000
0.998225 0.028639 -0.052219 -12.933150 -0.029749 0.999345 -0.020597 92.764954 0.051595 0.022114 0.998423 0.692396 0.000000 0.000000 0.000000 1.000000
0.998207 0.028971 -0.052385 -12.927483 -0.030061 0.999345 -0.020134 92.783386 0.051767 0.021673 0.998424 0.694386 0.000000 0.000000 0.000000 1.000000
0.998156 0.029007 -0.053318 -12.918385 -0.030081 0.999358 -0.019459 92.804565 0.052719 0.021027 0.998388 0.690738 0.000000 0.000000 0.000000 1.000000
0.998056 0.028914 -0.055219 -12.904183 -0.030000 0.999370 -0.018941 92.827972 0.054637 0.020561 0.998295 0.676996 0.000000 0.000000 0.000000 1.000000
0.997898 0.029021 -0.057951 -12.884375 -0.030094 0.999390 -0.017716 92.852203 0.057402 0.019422 0.998162 0.652091 0.000000 0.000000 0.000000 1.000000
0.997682 0.028194 -0.061934 -12.854314 -0.029274 0.999434 -0.016590 92.865639 0.061431 0.018364 0.997942 0.599249 0.000000 0.000000 0.000000 1.000000
0.997502 0.028268 -0.064741 -12.823058 -0.029345 0.999445 -0.015749 92.864143 0.064260 0.017610 0.997778 0.525529 0.000000 0.000000 0.000000 1.000000
0.997324 0.029169 -0.067034 -12.786470 -0.030230 0.999432 -0.014863 92.862259 0.066562 0.016850 0.997640 0.405126 0.000000 0.000000 0.000000 1.000000
0.997225 0.030406 -0.067961 -12.758113 -0.031464 0.999399 -0.014550 92.863136 0.067478 0.016647 0.997582 0.211663 0.000000 0.000000 0.000000 1.000000
0.997164 0.031952 -0.068139 -12.714175 -0.032977 0.999358 -0.013971 92.872856 0.067649 0.016179 0.997578 -0.111176 0.000000 0.000000 0.000000 1.000000
0.997107 0.036717 -0.066553 -12.680696 -0.037786 0.999175 -0.014885 92.891747 0.065951 0.017357 0.997672 -0.599678 0.000000 0.000000 0.000000 1.000000
0.997200 0.037496 -0.064699 -12.610596 -0.038642 0.999116 -0.016563 92.815308 0.064021 0.019016 0.997767 -1.364539 0.000000 0.000000 0.000000 1.000000
0.997926 0.041460 -0.049250 -12.634523 -0.042668 0.998807 -0.023752 92.263008 0.048207 0.025805 0.998504 -2.922089 0.000000 0.000000 0.000000 1.000000
0.998381 0.049001 -0.028869 -12.714164 -0.049738 0.998440 -0.025379 91.195663 0.027580 0.026774 0.999261 -5.162564 0.000000 0.000000 0.000000 1.000000
0.998505 0.053557 -0.010937 -12.808701 -0.053710 0.998456 -0.014179 89.791077 0.010161 0.014745 0.999840 -7.519193 0.000000 0.000000 0.000000 1.000000
0.998272 0.058767 -0.000007 -12.893336 -0.058766 0.998269 0.002315 88.524155 0.000143 -0.002310 0.999997 -9.504766 0.000000 0.000000 0.000000 1.000000
0.997354 0.065770 0.030957 -12.992193 -0.066105 0.997763 0.009920 87.439880 -0.030235 -0.011941 0.999471 -11.401225 0.000000 0.000000 0.000000 1.000000
0.996809 0.059688 0.052998 -13.148453 -0.061149 0.997780 0.026388 86.102119 -0.051305 -0.029544 0.998246 -13.218785 0.000000 0.000000 0.000000 1.000000
0.997367 0.050961 0.051596 -13.263625 -0.052529 0.998183 0.029506 84.908699 -0.049998 -0.032139 0.998232 -14.631755 0.000000 0.000000 0.000000 1.000000
0.997728 0.050982 0.044040 -13.297441 -0.052116 0.998328 0.025004 83.989876 -0.042691 -0.027242 0.998717 -15.684032 0.000000 0.000000 0.000000 1.000000
0.998169 0.050024 0.034003 -13.336020 -0.050632 0.998568 0.017266 83.120682 -0.033091 -0.018956 0.999273 -16.715298 0.000000 0.000000 0.000000 1.000000
0.998534 0.050039 0.020623 -13.374996 -0.050332 0.998635 0.013938 82.224037 -0.019898 -0.014956 0.999690 -17.740608 0.000000 0.000000 0.000000 1.000000
0.998385 0.051523 0.023916 -13.402603 -0.051984 0.998465 0.019103 81.249275 -0.022896 -0.020315 0.999531 -18.711817 0.000000 0.000000 0.000000 1.000000
0.998211 0.052445 0.028726 -13.432260 -0.053187 0.998253 0.025718 80.308723 -0.027327 -0.027200 0.999256 -19.593990 0.000000 0.000000 0.000000 1.000000
0.998512 0.046159 0.029021 -13.514816 -0.046911 0.998566 0.025781 79.447952 -0.027789 -0.027104 0.999246 -20.385813 0.000000 0.000000 0.000000 1.000000
0.998299 0.045427 0.036557 -13.596573 -0.046475 0.998517 0.028345 78.577263 -0.035215 -0.029996 0.998929 -21.164768 0.000000 0.000000 0.000000 1.000000
0.998297 0.040697 0.041794 -13.691944 -0.042364 0.998309 0.039801 77.624626 -0.040104 -0.041504 0.998333 -21.948458 0.000000 0.000000 0.000000 1.000000
0.998135 0.038329 0.047521 -13.786595 -0.041008 0.997546 0.056746 76.599068 -0.045229 -0.058589 0.997257 -22.716125 0.000000 0.000000 0.000000 1.000000
0.997816 0.037721 0.054217 -13.884864 -0.041922 0.996026 0.078578 75.457779 -0.051038 -0.080679 0.995433 -23.459837 0.000000 0.000000 0.000000 1.000000
0.997570 0.038354 0.058156 -13.966366 -0.043933 0.994227 0.097894 74.578217 -0.054066 -0.100212 0.993496 -24.033953 0.000000 0.000000 0.000000 1.000000
0.997312 0.039066 0.061983 -14.079107 -0.046029 0.992272 0.115224 73.664627 -0.057003 -0.117768 0.991404 -24.606232 0.000000 0.000000 0.000000 1.000000
0.997298 0.039629 0.061849 -14.166353 -0.047627 0.989874 0.133724 72.699646 -0.055924 -0.136308 0.989087 -25.242807 0.000000 0.000000 0.000000 1.000000
0.997234 0.039688 0.062845 -14.233718 -0.049123 0.986453 0.156516 71.752518 -0.055782 -0.159170 0.985674 -25.909193 0.000000 0.000000 0.000000 1.000000
0.997055 0.041365 0.064578 -14.288250 -0.052189 0.982984 0.176122 70.763107 -0.056194 -0.178974 0.982248 -26.601109 0.000000 0.000000 0.000000 1.000000
0.997006 0.039545 0.066441 -14.338190 -0.051692 0.979950 0.192421 69.760468 -0.057500 -0.195280 0.979061 -27.344997 0.000000 0.000000 0.000000 1.000000
0.997057 0.035589 0.067903 -14.404490 -0.049392 0.975601 0.213922 68.763031 -0.058633 -0.216647 0.974488 -28.149994 0.000000 0.000000 0.000000 1.000000
0.997071 0.028447 0.070988 -14.474044 -0.044257 0.971648 0.232251 67.744034 -0.062368 -0.234713 0.970062 -28.986464 0.000000 0.000000 0.000000 1.000000
0.996722 0.023223 0.077499 -14.544850 -0.042324 0.966055 0.254845 66.713783 -0.068950 -0.257289 0.963871 -29.921305 0.000000 0.000000 0.000000 1.000000
0.996158 0.018419 0.085615 -14.629166 -0.041418 0.960473 0.275274 65.611702 -0.077161 -0.277762 0.957546 -30.892204 0.000000 0.000000 0.000000 1.000000
0.995493 0.014319 0.093748 -14.704263 -0.041720 0.953863 0.297329 64.408409 -0.085166 -0.299900 0.950162 -31.937984 0.000000 0.000000 0.000000 1.000000
0.994653 0.010721 0.102713 -14.774222 -0.043520 0.945481 0.322756 63.048798 -0.093653 -0.325500 0.940893 -33.065220 0.000000 0.000000 0.000000 1.000000
0.993992 0.008451 0.109124 -14.866096 -0.046459 0.935315 0.350754 61.586182 -0.099100 -0.353716 0.930088 -34.270710 0.000000 0.000000 0.000000 1.000000
0.992938 0.004812 0.118539 -14.938820 -0.049137 0.926126 0.374000 60.059834 -0.107982 -0.377183 0.919822 -35.551506 0.000000 0.000000 0.000000 1.000000
0.991890 0.001711 0.127088 -15.007148 -0.052712 0.915401 0.399076 58.428207 -0.115654 -0.402539 0.908068 -36.988213 0.000000 0.000000 0.000000 1.000000
0.991417 -0.001157 0.130729 -15.162768 -0.055212 0.902703 0.426707 56.671677 -0.118504 -0.430262 0.894892 -38.521851 0.000000 0.000000 0.000000 1.000000
0.990987 -0.006937 0.133780 -15.258124 -0.055896 0.886157 0.460001 54.760185 -0.121741 -0.463332 0.877783 -40.150139 0.000000 0.000000 0.000000 1.000000
0.989771 -0.014571 0.141917 -15.360190 -0.058562 0.865599 0.497301 52.609314 -0.130090 -0.500525 0.855892 -41.952534 0.000000 0.000000 0.000000 1.000000
0.988317 -0.018117 0.151334 -15.479703 -0.066241 0.843178 0.533538 50.190334 -0.137268 -0.537328 0.832127 -43.818977 0.000000 0.000000 0.000000 1.000000
0.987280 -0.022657 0.157366 -15.599856 -0.073352 0.813243 0.577282 47.610966 -0.141057 -0.581483 0.801237 -45.829666 0.000000 0.000000 0.000000 1.000000
0.986272 -0.026485 0.162988 -15.696375 -0.083044 0.773593 0.628217 44.735413 -0.142725 -0.633129 0.760774 -48.014683 0.000000 0.000000 0.000000 1.000000
0.984044 -0.034590 0.174532 -15.843635 -0.093978 0.731888 0.674913 41.668930 -0.151083 -0.680546 0.716959 -50.322556 0.000000 0.000000 0.000000 1.000000
0.982541 -0.043941 0.180782 -15.963400 -0.103502 0.678353 0.727409 38.390213 -0.154597 -0.733421 0.661962 -52.935474 0.000000 0.000000 0.000000 1.000000
0.980576 -0.048245 0.190113 -16.057167 -0.119844 0.619925 0.775455 34.837627 -0.155268 -0.783176 0.602102 -55.935619 0.000000 0.000000 0.000000 1.000000
0.978826 -0.054936 0.197182 -16.280195 -0.132334 0.565084 0.814351 30.972723 -0.156162 -0.823202 0.545850 -59.205677 0.000000 0.000000 0.000000 1.000000
0.980138 -0.052587 0.191217 -16.406422 -0.139160 0.504586 0.852073 26.601936 -0.141293 -0.861758 0.487246 -62.969200 0.000000 0.000000 0.000000 1.000000
0.984299 -0.035941 0.172812 -16.507965 -0.139384 0.442417 0.885912 21.586876 -0.108295 -0.896089 0.430461 -66.998817 0.000000 0.000000 0.000000 1.000000
0.987955 -0.019014 0.153571 -16.650648 -0.135374 0.374568 0.917264 16.196934 -0.074964 -0.927004 0.367482 -71.220352 0.000000 0.000000 0.000000 1.000000
0.988451 -0.007518 0.151353 -16.957861 -0.144618 0.251605 0.956964 11.395383 -0.045276 -0.967801 0.247612 -75.005890 0.000000 0.000000 0.000000 1.000000
0.989067 -0.003006 0.147438 -17.065456 -0.146930 0.065305 0.986989 9.048431 -0.012596 -0.997861 0.064150 -77.323364 0.000000 0.000000 0.000000 1.000000
0.990488 0.005497 0.137491 -16.901049 -0.137128 -0.043400 0.989602 9.303421 0.011407 -0.999043 -0.042233 -78.863731 0.000000 0.000000 0.000000 1.000000
0.989367 -0.000461 0.145442 -16.883377 -0.144880 -0.091033 0.985253 10.509596 0.012786 -0.995848 -0.090132 -80.585785 0.000000 0.000000 0.000000 1.000000
0.987832 -0.026165 0.153309 -17.235920 -0.155412 -0.203728 0.966614 11.318817 0.005942 -0.978678 -0.205315 -82.864586 0.000000 0.000000 0.000000 1.000000
0.987178 -0.036754 0.155332 -17.444056 -0.158822 -0.323441 0.932824 12.092800 0.015956 -0.945534 -0.325132 -85.322342 0.000000 0.000000 0.000000 1.000000
0.986504 -0.044524 0.157565 -17.520199 -0.163044 -0.355402 0.920384 13.008712 0.015020 -0.933653 -0.357865 -87.625877 0.000000 0.000000 0.000000 1.000000
0.985872 -0.047170 0.160721 -17.679012 -0.167048 -0.347313 0.922750 13.625113 0.012294 -0.936562 -0.350286 -89.502220 0.000000 0.000000 0.000000 1.000000
0.984160 -0.044067 0.171717 -17.835035 -0.176520 -0.333249 0.926167 13.733217 0.016411 -0.941808 -0.335750 -90.666504 0.000000 0.000000 0.000000 1.000000
0.982104 -0.042271 0.183535 -17.980480 -0.187422 -0.315401 0.930266 13.477577 0.018564 -0.948016 -0.317679 -91.339943 0.000000 0.000000 0.000000 1.000000
0.980316 -0.041298 0.193070 -17.996124 -0.196614 -0.293408 0.935551 12.924953 0.018012 -0.955095 -0.295752 -91.686378 0.000000 0.000000 0.000000 1.000000
0.979696 -0.038817 0.196696 -17.928953 -0.199856 -0.267003 0.942744 12.319431 0.015924 -0.962913 -0.269340 -91.679314 0.000000 0.000000 0.000000 1.000000
0.979800 -0.037772 0.196382 -17.956808 -0.199686 -0.238166 0.950475 11.758131 0.010871 -0.970490 -0.240898 -91.608948 0.000000 0.000000 0.000000 1.000000
0.980010 -0.037760 0.195331 -17.952074 -0.198932 -0.198021 0.959799 11.187889 0.002437 -0.979470 -0.201574 -91.440979 0.000000 0.000000 0.000000 1.000000
0.981864 -0.037144 0.185910 -17.828299 -0.189343 -0.142700 0.971486 10.583048 -0.009556 -0.989069 -0.147145 -91.059494 0.000000 0.000000 0.000000 1.000000
0.984690 -0.032467 0.171263 -17.782314 -0.173501 -0.087841 0.980908 10.111864 -0.016803 -0.995605 -0.092129 -90.374893 0.000000 0.000000 0.000000 1.000000
0.987572 -0.028764 0.154513 -17.900652 -0.155654 -0.042896 0.986880 9.918769 -0.021759 -0.998665 -0.046841 -89.432007 0.000000 0.000000 0.000000 1.000000
0.990544 -0.023525 0.135164 -18.084484 -0.135570 -0.016630 0.990628 9.836946 -0.021057 -0.999585 -0.019662 -88.497772 0.000000 0.000000 0.000000 1.000000
0.992532 -0.020708 0.120217 -18.207434 -0.120414 -0.008541 0.992687 9.883860 -0.019529 -0.999749 -0.010971 -87.637665 0.000000 0.000000 0.000000 1.000000
0.993651 -0.024996 0.109690 -18.405113 -0.109924 -0.008161 0.993907 10.069441 -0.023949 -0.999654 -0.010857 -86.885803 0.000000 0.000000 0.000000 1.000000
0.994588 -0.027735 0.100131 -18.632080 -0.100265 -0.003499 0.994955 10.247718 -0.027245 -0.999609 -0.006261 -86.316010 0.000000 0.000000 0.000000 1.000000
0.995331 -0.029328 0.091953 -18.810606 -0.091761 0.007808 0.995750 10.332048 -0.029921 -0.999539 0.005080 -85.965752 0.000000 0.000000 0.000000 1.000000
0.995886 -0.029972 0.085517 -18.915865 -0.085017 0.017551 0.996225 10.290869 -0.031360 -0.999397 0.014931 -85.853218 0.000000 0.000000 0.000000 1.000000
0.996288 -0.029180 0.080986 -18.967911 -0.080305 0.023802 0.996486 10.219629 -0.031005 -0.999291 0.021371 -85.949890 0.000000 0.000000 0.000000 1.000000
0.996479 -0.027961 0.079038 -18.992908 -0.078337 0.025320 0.996605 10.148044 -0.029867 -0.999288 0.023041 -86.159538 0.000000 0.000000 0.000000 1.000000
0.996515 -0.026285 0.079158 -18.990561 -0.078576 0.022511 0.996654 10.090395 -0.027979 -0.999401 0.020367 -86.382896 0.000000 0.000000 0.000000 1.000000
0.996361 -0.026065 0.081145 -18.974401 -0.080733 0.016514 0.996599 10.062647 -0.027317 -0.999524 0.014349 -86.576767 0.000000 0.000000 0.000000 1.000000
0.996108 -0.026623 0.084021 -18.944439 -0.083760 0.010773 0.996428 10.048519 -0.027433 -0.999587 0.008501 -86.727219 0.000000 0.000000 0.000000 1.000000
0.995713 -0.026710 0.088553 -18.905531 -0.088386 0.007371 0.996059 10.017971 -0.027257 -0.999616 0.004979 -86.868240 0.000000 0.000000 0.000000 1.000000
0.995271 -0.026056 0.093574 -18.856628 -0.093421 0.007039 0.995602 9.988050 -0.026600 -0.999636 0.004572 -87.047638 0.000000 0.000000 0.000000 1.000000
0.994923 -0.025921 0.097245 -18.782515 -0.097044 0.008896 0.995240 9.964169 -0.026663 -0.999624 0.006335 -87.177788 0.000000 0.000000 0.000000 1.000000
0.994573 -0.025803 0.100787 -18.720728 -0.100530 0.011101 0.994872 9.960828 -0.026790 -0.999605 0.008447 -87.237770 0.000000 0.000000 0.000000 1.000000
0.994395 -0.025570 0.102587 -18.667200 -0.102284 0.012893 0.994672 9.979128 -0.026756 -0.999590 0.010206 -87.242294 0.000000 0.000000 0.000000 1.000000
0.994312 -0.025843 0.103326 -18.635588 -0.102991 0.013974 0.994584 10.000103 -0.027147 -0.999568 0.011233 -87.197029 0.000000 0.000000 0.000000 1.000000
0.994264 -0.025896 0.103770 -18.628965 -0.103402 0.015182 0.994524 10.017448 -0.027329 -0.999549 0.012417 -87.156097 0.000000 0.000000 0.000000 1.000000
0.994268 -0.025923 0.103727 -18.638643 -0.103323 0.016471 0.994512 10.025691 -0.027489 -0.999528 0.013698 -87.129662 0.000000 0.000000 0.000000 1.000000
0.994292 -0.026002 0.103475 -18.663755 -0.103041 0.017546 0.994522 10.027859 -0.027676 -0.999508 0.014767 -87.117615 0.000000 0.000000 0.000000 1.000000
0.994357 -0.025959 0.102862 -18.694353 -0.102419 0.017875 0.994581 10.024407 -0.027657 -0.999503 0.015115 -87.123238 0.000000 0.000000 0.000000 1.000000
0.994435 -0.025675 0.102177 -18.725132 -0.101748 0.017483 0.994657 10.015712 -0.027324 -0.999517 0.014773 -87.144188 0.000000 0.000000 0.000000 1.000000
0.994490 -0.025218 0.101757 -18.754866 -0.101349 0.016970 0.994706 10.010456 -0.026812 -0.999538 0.014321 -87.166870 0.000000 0.000000 0.000000 1.000000
0.994548 -0.024789 0.101293 -18.777153 -0.100904 0.016464 0.994760 10.009651 -0.026327 -0.999557 0.013873 -87.179939 0.000000 0.000000 0.000000 1.000000
0.994621 -0.024207 0.100708 -18.789797 -0.100338 0.016058 0.994824 10.010982 -0.025699 -0.999578 0.013543 -87.179733 0.000000 0.000000 0.000000 1.000000
0.994677 -0.023808 0.100257 -18.794304 -0.099886 0.016270 0.994866 10.011929 -0.025317 -0.999584 0.013805 -87.170135 0.000000 0.000000 0.000000 1.000000
0.994694 -0.023873 0.100069 -18.793337 -0.099690 0.016568 0.994881 10.014267 -0.025409 -0.999578 0.014100 -87.156227 0.000000 0.000000 0.000000 1.000000
0.994695 -0.024144 0.099991 -18.791218 -0.099598 0.016959 0.994883 10.017759 -0.025716 -0.999565 0.014464 -87.139618 0.000000 0.000000 0.000000 1.000000
0.994677 -0.024394 0.100111 -18.789265 -0.099705 0.017352 0.994866 10.019390 -0.026006 -0.999552 0.014828 -87.123627 0.000000 0.000000 0.000000 1.000000
0.994647 -0.024594 0.100362 -18.786419 -0.099943 0.017719 0.994835 10.018229 -0.026246 -0.999540 0.015166 -87.113297 0.000000 0.000000 0.000000 1.000000
0.994627 -0.024664 0.100541 -18.784468 -0.100116 0.017897 0.994815 10.016603 -0.026336 -0.999536 0.015332 -87.109543 0.000000 0.000000 0.000000 1.000000
0.994611 -0.024622 0.100714 -18.782375 -0.100291 0.017846 0.994798 10.014687 -0.026291 -0.999538 0.015280 -87.110733 0.000000 0.000000 0.000000 1.000000
0.994602 -0.024464 0.100843 -18.780298 -0.100425 0.017745 0.994786 10.011177 -0.026126 -0.999543 0.015193 -87.116776 0.000000 0.000000 0.000000 1.000000
0.994580 -0.024315 0.101093 -18.777590 -0.100675 0.017863 0.994759 10.008915 -0.025993 -0.999545 0.015318 -87.123779 0.000000 0.000000 0.000000 1.000000
0.994557 -0.024244 0.101334 -18.775560 -0.100913 0.017987 0.994733 10.008284 -0.025939 -0.999544 0.015443 -87.128075 0.000000 0.000000 0.000000 1.000000
0.994545 -0.024210 0.101456 -18.774645 -0.101033 0.018093 0.994719 10.007556 -0.025918 -0.999543 0.015548 -87.128235 0.000000 0.000000 0.000000 1.000000
0.994545 -0.024176 0.101463 -18.774656 -0.101038 0.018222 0.994716 10.006569 -0.025897 -0.999542 0.015680 -87.126373 0.000000 0.000000 0.000000 1.000000
0.994559 -0.024243 0.101314 -18.774525 -0.100886 0.018283 0.994730 10.005866 -0.025968 -0.999539 0.015738 -87.125153 0.000000 0.000000 0.000000 1.000000
0.994577 -0.024474 0.101081 -18.772713 -0.100648 0.018333 0.994753 10.003189 -0.026199 -0.999532 0.015770 -87.123268 0.000000 0.000000 0.000000 1.000000
0.994595 -0.024747 0.100838 -18.770792 -0.100397 0.018476 0.994776 10.000671 -0.026481 -0.999523 0.015891 -87.121208 0.000000 0.000000 0.000000 1.000000
0.994598 -0.024885 0.100779 -18.772104 -0.100329 0.018702 0.994778 10.001431 -0.026639 -0.999515 0.016105 -87.120102 0.000000 0.000000 0.000000 1.000000
0.994610 -0.025021 0.100628 -18.773592 -0.100170 0.018919 0.994790 10.002953 -0.026794 -0.999508 0.016310 -87.121025 0.000000 0.000000 0.000000 1.000000
0.994616 -0.025060 0.100556 -18.775497 -0.100093 0.019128 0.994794 10.004984 -0.026853 -0.999503 0.016516 -87.121773 0.000000 0.000000 0.000000 1.000000
0.994605 -0.025029 0.100672 -18.778564 -0.100202 0.019358 0.994779 10.007949 -0.026848 -0.999499 0.016746 -87.121872 0.000000 0.000000 0.000000 1.000000
0.994615 -0.025022 0.100570 -18.782574 -0.100098 0.019438 0.994788 10.011555 -0.026846 -0.999498 0.016829 -87.122162 0.000000 0.000000 0.000000 1.000000
0.994624 -0.024922 0.100510 -18.785675 -0.100040 0.019441 0.994793 10.015534 -0.026747 -0.999500 0.016844 -87.123100 0.000000 0.000000 0.000000 1.000000
0.994622 -0.024878 0.100537 -18.787182 -0.100069 0.019391 0.994792 10.018332 -0.026698 -0.999502 0.016797 -87.123871 0.000000 0.000000 0.000000 1.000000
0.994623 -0.024942 0.100516 -18.787951 -0.100051 0.019251 0.994796 10.018725 -0.026747 -0.999504 0.016652 -87.123726 0.000000 0.000000 0.000000 1.000000
0.994619 -0.025099 0.100519 -18.788635 -0.100056 0.019059 0.994799 10.018099 -0.026885 -0.999503 0.016445 -87.122627 0.000000 0.000000 0.000000 1.000000
0.994614 -0.025176 0.100542 -18.788494 -0.100083 0.018867 0.994800 10.016773 -0.026942 -0.999505 0.016245 -87.122009 0.000000 0.000000 0.000000 1.000000
0.994611 -0.025116 0.100588 -18.788183 -0.100132 0.018774 0.994797 10.015135 -0.026874 -0.999508 0.016158 -87.121796 0.000000 0.000000 0.000000 1.000000
0.994611 -0.025025 0.100608 -18.788153 -0.100154 0.018780 0.994795 10.014320 -0.026784 -0.999510 0.016172 -87.121918 0.000000 0.000000 0.000000 1.000000
0.994613 -0.024919 0.100615 -18.788445 -0.100161 0.018854 0.994793 10.014030 -0.026686 -0.999512 0.016256 -87.122627 0.000000 0.000000 0.000000 1.000000
0.994616 -0.024756 0.100632 -18.788815 -0.100177 0.018972 0.994789 10.012902 -0.026536 -0.999513 0.016390 -87.122658 0.000000 0.000000 0.000000 1.000000
0.994620 -0.024627 0.100624 -18.789383 -0.100167 0.019105 0.994787 10.011131 -0.026421 -0.999514 0.016536 -87.122124 0.000000 0.000000 0.000000 1.000000
0.994625 -0.024576 0.100585 -18.789688 -0.100127 0.019204 0.994789 10.009525 -0.026380 -0.999513 0.016640 -87.121933 0.000000 0.000000 0.000000 1.000000
0.994631 -0.024615 0.100515 -18.788725 -0.100055 0.019247 0.994796 10.006294 -0.026422 -0.999512 0.016680 -87.121147 0.000000 0.000000 0.000000 1.000000
0.994647 -0.024678 0.100341 -18.786510 -0.099881 0.019224 0.994814 10.002859 -0.026479 -0.999511 0.016657 -87.120468 0.000000 0.000000 0.000000 1.000000
0.994658 -0.024661 0.100236 -18.785393 -0.099777 0.019173 0.994825 10.000229 -0.026455 -0.999512 0.016610 -87.120590 0.000000 0.000000 0.000000 1.000000</float_array><technique_common><accessor source="#Hips-Matrix-animation-output-transform-array" count="139" stride="16"><param type="float4x4"/></accessor></technique_common></source><source id="Hips-Interpolations"><Name_array id="Hips-Interpolations-array" count="139">
 LINEAR LINEAR LINEAR LINEAR LINEAR LINEAR LINEAR LINEAR LINEAR LINEAR LINEAR
LINEAR LINEAR LINEAR LINEAR LINEAR LINEAR LINEAR LINEAR LINEAR LINEAR LINEAR LINEAR
LINEAR LINEAR LINEAR LINEAR LINEAR LINEAR LINEAR LINEAR LINEAR LINEAR LINEAR LINEAR
LINEAR LINEAR LINEAR LINEAR LINEAR LINEAR LINEAR LINEAR LINEAR LINEAR LINEAR LINEAR
LINEAR LINEAR LINEAR LINEAR LINEAR LINEAR LINEAR LINEAR LINEAR LINEAR LINEAR LINEAR
LINEAR LINEAR LINEAR LINEAR LINEAR LINEAR LINEAR LINEAR LINEAR LINEAR LINEAR LINEAR
LINEAR LINEAR LINEAR LINEAR LINEAR LINEAR LINEAR LINEAR LINEAR LINEAR LINEAR LINEAR
LINEAR LINEAR LINEAR LINEAR LINEAR LINEAR LINEAR LINEAR LINEAR LINEAR LINEAR LINEAR
LINEAR LINEAR LINEAR LINEAR LINEAR LINEAR LINEAR LINEAR LINEAR LINEAR LINEAR LINEAR
LINEAR LINEAR LINEAR LINEAR LINEAR LINEAR LINEAR LINEAR LINEAR LINEAR LINEAR LINEAR
LINEAR LINEAR LINEAR LINEAR LINEAR LINEAR LINEAR LINEAR LINEAR LINEAR LINEAR LINEAR
LINEAR LINEAR LINEAR LINEAR LINEAR LINEAR LINEAR LINEAR</Name_array><technique_common><accessor source="#Hips-Interpolations-array" count="139"><param type="name"/></accessor></technique_common></source><sampler id="Hips-Matrix-animation-transform"><input semantic="INPUT" source="#Hips-Matrix-animation-input"/><input semantic="OUTPUT" source="#Hips-Matrix-animation-output-transform"/><input semantic="INTERPOLATION" source="#Hips-Interpolations"/></sampler><channel source="#Hips-Matrix-animation-transform" target="Hips/matrix"/></animation>
    <animation id="Spine-anim" name="Spine"><source id="Spine-Matrix-animation-input"><float_array id="Spine-Matrix-animation-input-array" count="139">

0.000000 0.033333 0.066667 0.100000 0.133333 0.166667 0.200000 0.233333 0.266667 0.300000 0.333333 0.366667 0.400000 0.433333 0.466667 0.500000
0.533333 0.566667 0.600000 0.633333 0.666667 0.700000 0.733333 0.766667 0.800000 0.833333 0.866667 0.900000 0.933333 0.966667 1.000000 1.033333
1.066667 1.100000 1.133333 1.166667 1.200000 1.233333 1.266667 1.300000 1.333333 1.366667 1.400000 1.433333 1.466667 1.500000 1.533333 1.566667
1.600000 1.633333 1.666667 1.700000 1.733333 1.766667 1.800000 1.833333 1.866667 1.900000 1.933333 1.966667 2.000000 2.033333 2.066667 2.100000
2.133333 2.166667 2.200000 2.233333 2.266667 2.300000 2.333333 2.366667 2.400000 2.433333 2.466667 2.500000 2.533333 2.566667 2.600000 2.633333
2.666667 2.700000 2.733333 2.766667 2.800000 2.833333 2.866667 2.900000 2.933333 2.966667 3.000000 3.033333 3.066667 3.100000 3.133333 3.166667
3.200000 3.233333 3.266667 3.300000 3.333333 3.366667 3.400000 3.433333 3.466667 3.500000 3.533333 3.566667 3.600000 3.633333 3.666667 3.700000
3.733333 3.766667 3.800000 3.833333 3.866667 3.900000 3.933333 3.966667 4.000000 4.033333 4.066667 4.100000 4.133333 4.166667 4.200000 4.233333
4.266667 4.300000 4.333333 4.366667 4.400000 4.433333 4.466667 4.500000 4.533333 4.566667 4.600000</float_array><technique_common><accessor source="#Spine-Matrix-animation-input-array" count="139"><param name="TIME" type="float"/></accessor></technique_common></source><source id="Spine-Matrix-animation-output-transform"><float_array id="Spine-Matrix-animation-output-transform-array" count="2224">

0.999950 -0.008415 -0.005455 0.017300 0.008592 0.999411 0.033222 10.574800 0.005173 -0.033267 0.999433 -1.117200 0.000000 0.000000 0.000000 1.000000
0.999948 -0.008535 -0.005566 0.017300 0.008716 0.999408 0.033293 10.574800 0.005278 -0.033340 0.999430 -1.117200 0.000000 0.000000 0.000000 1.000000
0.999945 -0.008680 -0.005835 0.017300 0.008871 0.999399 0.033505 10.574800 0.005541 -0.033555 0.999422 -1.117200 0.000000 0.000000 0.000000 1.000000
0.999943 -0.008827 -0.006061 0.017300 0.009026 0.999396 0.033561 10.574800 0.005761 -0.033614 0.999418 -1.117200 0.000000 0.000000 0.000000 1.000000
0.999940 -0.008897 -0.006359 0.017300 0.009106 0.999393 0.033626 10.574800 0.006056 -0.033682 0.999414 -1.117200 0.000000 0.000000 0.000000 1.000000
0.999938 -0.009006 -0.006502 0.017300 0.009219 0.999393 0.033583 10.574800 0.006196 -0.033641 0.999415 -1.117200 0.000000 0.000000 0.000000 1.000000
0.999937 -0.009054 -0.006646 0.017300 0.009272 0.999397 0.033474 10.574800 0.006339 -0.033534 0.999417 -1.117200 0.000000 0.000000 0.000000 1.000000
0.999936 -0.009133 -0.006611 0.017300 0.009348 0.999404 0.033223 10.574800 0.006304 -0.033283 0.999426 -1.117200 0.000000 0.000000 0.000000 1.000000
0.999937 -0.009205 -0.006440 0.017300 0.009412 0.999413 0.032955 10.574800 0.006133 -0.033013 0.999436 -1.117200 0.000000 0.000000 0.000000 1.000000
0.999938 -0.009282 -0.006096 0.017300 0.009476 0.999421 0.032665 10.574800 0.005790 -0.032721 0.999448 -1.117200 0.000000 0.000000 0.000000 1.000000
0.999940 -0.009365 -0.005680 0.017300 0.009544 0.999431 0.032337 10.574800 0.005374 -0.032389 0.999461 -1.117200 0.000000 0.000000 0.000000 1.000000
0.999943 -0.009353 -0.005102 0.017300 0.009511 0.999447 0.031862 10.574800 0.004801 -0.031909 0.999479 -1.117200 0.000000 0.000000 0.000000 1.000000
0.999943 -0.009684 -0.004489 0.017300 0.009820 0.999464 0.031240 10.574800 0.004184 -0.031282 0.999502 -1.117200 0.000000 0.000000 0.000000 1.000000
0.999938 -0.010183 -0.004513 0.017300 0.010313 0.999501 0.029841 10.574800 0.004207 -0.029886 0.999544 -1.117200 0.000000 0.000000 0.000000 1.000000
0.999929 -0.010913 -0.004797 0.017300 0.011045 0.999535 0.028408 10.574800 0.004484 -0.028459 0.999585 -1.117200 0.000000 0.000000 0.000000 1.000000
0.999917 -0.011657 -0.005534 0.017300 0.011797 0.999592 0.025999 10.574800 0.005228 -0.026062 0.999647 -1.117200 0.000000 0.000000 0.000000 1.000000
0.999901 -0.012618 -0.006275 0.017300 0.012748 0.999695 0.021142 10.574800 0.006006 -0.021220 0.999757 -1.117200 0.000000 0.000000 0.000000 1.000000
0.999890 -0.013335 -0.006509 0.017300 0.013413 0.999838 0.012044 10.574800 0.006347 -0.012130 0.999906 -1.117200 0.000000 0.000000 0.000000 1.000000
0.999877 -0.014359 -0.006304 0.017300 0.014325 0.999883 -0.005442 10.574800 0.006382 0.005351 0.999965 -1.117200 0.000000 0.000000 0.000000 1.000000
0.999866 -0.015576 -0.004988 0.017300 0.015384 0.999218 -0.036426 10.574800 0.005552 0.036345 0.999324 -1.117200 0.000000 0.000000 0.000000 1.000000
0.999856 -0.016932 -0.001509 0.017300 0.016775 0.997137 -0.073729 10.574800 0.002753 0.073693 0.997277 -1.117200 0.000000 0.000000 0.000000 1.000000
0.999797 -0.020100 0.001588 0.017300 0.020155 0.994167 -0.105950 10.574800 0.000551 0.105961 0.994370 -1.117200 0.000000 0.000000 0.000000 1.000000
0.999674 -0.025506 0.001390 0.017300 0.025466 0.990892 -0.132229 10.574800 0.001996 0.132221 0.991218 -1.117200 0.000000 0.000000 0.000000 1.000000
0.999536 -0.030290 0.003085 0.017300 0.030398 0.987081 -0.157311 10.574800 0.001720 0.157332 0.987544 -1.117200 0.000000 0.000000 0.000000 1.000000
0.999338 -0.034709 0.010864 0.017300 0.036080 0.983734 -0.175971 10.574800 -0.004580 0.176247 0.984335 -1.117200 0.000000 0.000000 0.000000 1.000000
0.999050 -0.038683 0.020072 0.017300 0.041759 0.981479 -0.186964 10.574800 -0.012467 0.187624 0.982162 -1.117200 0.000000 0.000000 0.000000 1.000000
0.998835 -0.040655 0.025977 0.017300 0.044931 0.979997 -0.193874 10.574800 -0.017576 0.194816 0.980682 -1.117200 0.000000 0.000000 0.000000 1.000000
0.998759 -0.041641 0.027326 0.017300 0.046264 0.978844 -0.199308 10.574800 -0.018448 0.200324 0.979556 -1.117200 0.000000 0.000000 0.000000 1.000000
0.998760 -0.042646 0.025698 0.017300 0.047013 0.977699 -0.204681 10.574800 -0.016396 0.205635 0.978491 -1.117200 0.000000 0.000000 0.000000 1.000000
0.998707 -0.043987 0.025477 0.017300 0.048346 0.976769 -0.208770 10.574800 -0.015702 0.209732 0.977633 -1.117200 0.000000 0.000000 0.000000 1.000000
0.998602 -0.045669 0.026620 0.017300 0.050276 0.976094 -0.211453 10.574800 -0.016327 0.212496 0.977026 -1.117200 0.000000 0.000000 0.000000 1.000000
0.998511 -0.046647 0.028278 0.017300 0.051591 0.975956 -0.211775 10.574800 -0.017720 0.212919 0.976909 -1.117200 0.000000 0.000000 0.000000 1.000000
0.998529 -0.045712 0.029149 0.017300 0.050855 0.976079 -0.211384 10.574800 -0.018789 0.212556 0.976968 -1.117200 0.000000 0.000000 0.000000 1.000000
0.998564 -0.044734 0.029478 0.017300 0.049972 0.976088 -0.211554 10.574800 -0.019310 0.212723 0.976922 -1.117200 0.000000 0.000000 0.000000 1.000000
0.998539 -0.044901 0.030056 0.017300 0.050287 0.975763 -0.212976 10.574800 -0.019764 0.214176 0.976595 -1.117200 0.000000 0.000000 0.000000 1.000000
0.998476 -0.045935 0.030600 0.017300 0.051479 0.975007 -0.216126 10.574800 -0.019908 0.217372 0.975886 -1.117200 0.000000 0.000000 0.000000 1.000000
0.998423 -0.046456 0.031525 0.017300 0.052248 0.974340 -0.218933 10.574800 -0.020546 0.220235 0.975230 -1.117200 0.000000 0.000000 0.000000 1.000000
0.998418 -0.046545 0.031539 0.017300 0.052376 0.973923 -0.220751 10.574800 -0.020442 0.222054 0.974820 -1.117200 0.000000 0.000000 0.000000 1.000000
0.998478 -0.045762 0.030768 0.017300 0.051497 0.973338 -0.223521 10.574800 -0.019719 0.224765 0.974213 -1.117200 0.000000 0.000000 0.000000 1.000000
0.998582 -0.043921 0.030089 0.017300 0.049561 0.973313 -0.224066 10.574800 -0.019444 0.225239 0.974109 -1.117200 0.000000 0.000000 0.000000 1.000000
0.998660 -0.042308 0.029806 0.017300 0.047905 0.973620 -0.223090 10.574800 -0.019582 0.224219 0.974342 -1.117200 0.000000 0.000000 0.000000 1.000000
0.998693 -0.041012 0.030513 0.017300 0.046788 0.973809 -0.222501 10.574800 -0.020588 0.223638 0.974455 -1.117200 0.000000 0.000000 0.000000 1.000000
0.998658 -0.040972 0.031679 0.017300 0.047009 0.973808 -0.222461 10.574800 -0.021734 0.223652 0.974427 -1.117200 0.000000 0.000000 0.000000 1.000000
0.998523 -0.043054 0.033138 0.017300 0.049420 0.973158 -0.224768 10.574800 -0.022571 0.226074 0.973849 -1.117200 0.000000 0.000000 0.000000 1.000000
0.998456 -0.043797 0.034166 0.017300 0.050416 0.972725 -0.226417 10.574800 -0.023317 0.227790 0.973431 -1.117200 0.000000 0.000000 0.000000 1.000000
0.998459 -0.043552 0.034397 0.017300 0.050226 0.972778 -0.226229 10.574800 -0.023608 0.227608 0.973467 -1.117200 0.000000 0.000000 0.000000 1.000000
0.998465 -0.043456 0.034333 0.017300 0.050110 0.972863 -0.225893 10.574800 -0.023585 0.227266 0.973547 -1.117200 0.000000 0.000000 0.000000 1.000000
0.998463 -0.043882 0.033859 0.017300 0.050401 0.972999 -0.225241 10.574800 -0.023061 0.226601 0.973715 -1.117200 0.000000 0.000000 0.000000 1.000000
0.998465 -0.044497 0.032965 0.017300 0.050743 0.973528 -0.222862 10.574800 -0.022176 0.224193 0.974292 -1.117200 0.000000 0.000000 0.000000 1.000000
0.998462 -0.043954 0.033802 0.017300 0.050392 0.973649 -0.222415 10.574800 -0.023136 0.223776 0.974366 -1.117200 0.000000 0.000000 0.000000 1.000000
0.998433 -0.042351 0.036573 0.017300 0.049455 0.973639 -0.222669 10.574800 -0.026179 0.224128 0.974208 -1.117200 0.000000 0.000000 0.000000 1.000000
0.998440 -0.040285 0.038674 0.017300 0.047894 0.973859 -0.222047 10.574800 -0.028718 0.223553 0.974269 -1.117200 0.000000 0.000000 0.000000 1.000000
0.998401 -0.040097 0.039840 0.017300 0.047945 0.974061 -0.221146 10.574800 -0.029940 0.222703 0.974427 -1.117200 0.000000 0.000000 0.000000 1.000000
0.998288 -0.041944 0.040767 0.017300 0.049914 0.974244 -0.219905 10.574800 -0.030493 0.221563 0.974669 -1.117200 0.000000 0.000000 0.000000 1.000000
0.998139 -0.043788 0.042432 0.017300 0.052056 0.974321 -0.219064 10.574800 -0.031750 0.220865 0.974787 -1.117200 0.000000 0.000000 0.000000 1.000000
0.998069 -0.045476 0.042302 0.017300 0.053663 0.974319 -0.218683 10.574800 -0.031271 0.220531 0.974879 -1.117200 0.000000 0.000000 0.000000 1.000000
0.998020 -0.047638 0.041077 0.017300 0.055443 0.974657 -0.216725 10.574800 -0.029712 0.218574 0.975368 -1.117200 0.000000 0.000000 0.000000 1.000000
0.997943 -0.050263 0.039779 0.017300 0.057628 0.975255 -0.213438 10.574800 -0.028067 0.215292 0.976146 -1.117200 0.000000 0.000000 0.000000 1.000000
0.997946 -0.053361 0.035458 0.017300 0.059608 0.976195 -0.208541 10.574800 -0.023486 0.210226 0.977371 -1.117200 0.000000 0.000000 0.000000 1.000000
0.997743 -0.056832 0.035757 0.017300 0.062911 0.977357 -0.202027 10.574800 -0.023466 0.203820 0.978727 -1.117200 0.000000 0.000000 0.000000 1.000000
0.997583 -0.059427 0.036000 0.017300 0.065365 0.978371 -0.196261 10.574800 -0.023558 0.198140 0.979891 -1.117200 0.000000 0.000000 0.000000 1.000000
0.997541 -0.061596 0.033446 0.017300 0.066814 0.979854 -0.188208 10.574800 -0.021179 0.189980 0.981559 -1.117200 0.000000 0.000000 0.000000 1.000000
0.997305 -0.066887 0.030164 0.017300 0.071235 0.981161 -0.179577 10.574800 -0.017584 0.181241 0.983281 -1.117200 0.000000 0.000000 0.000000 1.000000
0.996898 -0.075461 0.022348 0.017300 0.078272 0.980265 -0.181530 10.574800 -0.008209 0.182716 0.983131 -1.117200 0.000000 0.000000 0.000000 1.000000
0.996885 -0.077761 0.013145 0.017300 0.078858 0.980756 -0.178601 10.574800 0.000996 0.179082 0.983834 -1.117200 0.000000 0.000000 0.000000 1.000000
0.997615 -0.068967 -0.002939 0.017300 0.067905 0.988124 -0.137843 10.574800 0.012411 0.137314 0.990450 -1.117200 0.000000 0.000000 0.000000 1.000000
0.998461 -0.053312 -0.015288 0.017300 0.051749 0.994691 -0.088949 10.574800 0.019949 0.088021 0.995919 -1.117200 0.000000 0.000000 0.000000 1.000000
0.999115 -0.040299 -0.012036 0.017300 0.039044 0.995107 -0.090758 10.574800 0.015635 0.090208 0.995800 -1.117200 0.000000 0.000000 0.000000 1.000000
0.999334 -0.035448 -0.008672 0.017300 0.034139 0.992049 -0.121134 10.574800 0.012897 0.120757 0.992598 -1.117200 0.000000 0.000000 0.000000 1.000000
0.999387 -0.033363 -0.010571 0.017300 0.031711 0.991037 -0.129767 10.574800 0.014805 0.129352 0.991488 -1.117200 0.000000 0.000000 0.000000 1.000000
0.999469 -0.030101 -0.012452 0.017300 0.028401 0.992429 -0.119491 10.574800 0.015954 0.119074 0.992757 -1.117200 0.000000 0.000000 0.000000 1.000000
0.999476 -0.029378 -0.013583 0.017300 0.027691 0.993424 -0.111098 10.574800 0.016757 0.110664 0.993717 -1.117200 0.000000 0.000000 0.000000 1.000000
0.999435 -0.030456 -0.014214 0.017300 0.028791 0.994007 -0.105458 10.574800 0.017341 0.104989 0.994322 -1.117200 0.000000 0.000000 0.000000 1.000000
0.999367 -0.033151 -0.012926 0.017300 0.031713 0.994589 -0.098930 10.574800 0.016135 0.098458 0.995010 -1.117200 0.000000 0.000000 0.000000 1.000000
0.999299 -0.035912 -0.010562 0.017300 0.034791 0.995151 -0.091997 10.574800 0.013815 0.091565 0.995703 -1.117200 0.000000 0.000000 0.000000 1.000000
0.999311 -0.035644 -0.010379 0.017300 0.034641 0.995819 -0.084526 10.574800 0.013348 0.084109 0.996367 -1.117200 0.000000 0.000000 0.000000 1.000000
0.999392 -0.032579 -0.012410 0.017300 0.031585 0.996815 -0.073229 10.574800 0.014756 0.072793 0.997238 -1.117200 0.000000 0.000000 0.000000 1.000000
0.999481 -0.028824 -0.014405 0.017300 0.027961 0.997987 -0.056915 10.574800 0.016017 0.056483 0.998275 -1.117200 0.000000 0.000000 0.000000 1.000000
0.999546 -0.026286 -0.014703 0.017300 0.025685 0.998881 -0.039720 10.574800 0.015730 0.039325 0.999103 -1.117200 0.000000 0.000000 0.000000 1.000000
0.999638 -0.023978 -0.012215 0.017300 0.023648 0.999371 -0.026442 10.574800 0.012842 0.026144 0.999576 -1.117200 0.000000 0.000000 0.000000 1.000000
0.999741 -0.021085 -0.008611 0.017300 0.020918 0.999601 -0.018980 10.574800 0.009008 0.018795 0.999783 -1.117200 0.000000 0.000000 0.000000 1.000000
0.999800 -0.019097 -0.005874 0.017300 0.018999 0.999688 -0.016240 10.574800 0.006182 0.016125 0.999851 -1.117200 0.000000 0.000000 0.000000 1.000000
0.999858 -0.016221 -0.004491 0.017300 0.016149 0.999747 -0.015639 10.574800 0.004743 0.015565 0.999868 -1.117200 0.000000 0.000000 0.000000 1.000000
0.999905 -0.013266 -0.003805 0.017300 0.013209 0.999807 -0.014547 10.574800 0.003998 0.014495 0.999887 -1.117200 0.000000 0.000000 0.000000 1.000000
0.999937 -0.010857 -0.002801 0.017300 0.010823 0.999874 -0.011591 10.574800 0.002926 0.011560 0.999929 -1.117200 0.000000 0.000000 0.000000 1.000000
0.999953 -0.009597 -0.001508 0.017300 0.009584 0.999919 -0.008392 10.574800 0.001588 0.008378 0.999964 -1.117200 0.000000 0.000000 0.000000 1.000000
0.999951 -0.009926 -0.000480 0.017300 0.009922 0.999927 -0.006926 10.574800 0.000549 0.006921 0.999976 -1.117200 0.000000 0.000000 0.000000 1.000000
0.999938 -0.011101 0.000043 0.017300 0.011101 0.999912 -0.007206 10.574800 0.000037 0.007206 0.999974 -1.117200 0.000000 0.000000 0.000000 1.000000
