<?xml version="1.0" encoding="utf-8"?>
<COLLADA xmlns="http://www.collada.org/2005/11/COLLADASchema" version="1.4.1">
  <asset><contributor><author>Mixamo</author><authoring_tool>COLLADA Mixamo exporter</authoring_tool><comments></comments></contributor><created>2018-10-30T14:16:27Z</created><modified>2018-10-30T14:16:27Z</modified><revision></revision><title></title><unit meter="0.010000"/><up_axis>Y_UP</up_axis></asset>
  <library_animations>
    <animation id="Hips-anim" name="Hips"><source id="Hips-Matrix-animation-input"><float_array id="Hips-Matrix-animation-input-array" count="22">

0.000000 0.033333 0.066667 0.100000 0.133333 0.166667 0.200000 0.233333 0.266667 0.300000 0.333333 0.366667 0.400000 0.433333 0.466667 0.500000
0.533333 0.566667 0.600000 0.633333 0.666667 0.700000</float_array><technique_common><accessor source="#Hips-Matrix-animation-input-array" count="22"><param name="TIME" type="float"/></accessor></technique_common></source><source id="Hips-Matrix-animation-output-transform"><float_array id="Hips-Matrix-animation-output-transform-array" count="352">

0.729723 0.048492 -0.682021 -0.148980 0.006185 0.996973 0.077502 85.989029 0.683715 -0.060774 0.727214 0.152673 0.000000 0.000000 0.000000 1.000000
0.729770 0.047846 -0.682017 -0.139272 0.006588 0.997010 0.076993 85.994293 0.683661 -0.060680 0.727272 0.157709 0.000000 0.000000 0.000000 1.000000
0.729995 0.045816 -0.681915 -0.133023 0.007985 0.997111 0.075541 86.000282 0.683406 -0.060589 0.727520 0.162526 0.000000 0.000000 0.000000 1.000000
0.730360 0.042711 -0.681726 -0.131298 0.010168 0.997253 0.073372 86.006027 0.682987 -0.060520 0.727919 0.166240 0.000000 0.000000 0.000000 1.000000
0.730822 0.038842 -0.681462 -0.134337 0.012928 0.997413 0.070714 86.010414 0.682446 -0.060489 0.728429 0.168164 0.000000 0.000000 0.000000 1.000000
0.731341 0.034521 -0.681137 -0.141353 0.016051 0.997570 0.067792 86.012238 0.681823 -0.060512 0.729010 0.167953 0.000000 0.000000 0.000000 1.000000
0.731880 0.030068 -0.680770 -0.150992 0.019316 0.997709 0.064833 86.010406 0.681160 -0.060600 0.729623 0.165727 0.000000 0.000000 0.000000 1.000000
0.732395 0.025829 -0.680390 -0.161515 0.022464 0.997820 0.062059 86.005402 0.680509 -0.060736 0.730218 0.162238 0.000000 0.000000 0.000000 1.000000
0.732845 0.022153 -0.680035 -0.171617 0.025228 0.997898 0.059694 85.998100 0.679928 -0.060902 0.730745 0.158318 0.000000 0.000000 0.000000 1.000000
0.733193 0.019389 -0.679744 -0.180709 0.027344 0.997944 0.057959 85.989532 0.679470 -0.061082 0.731156 0.154559 0.000000 0.000000 0.000000 1.000000
0.733404 0.017886 -0.679557 -0.188646 0.028547 0.997962 0.057076 85.980423 0.679193 -0.061259 0.731399 0.151240 0.000000 0.000000 0.000000 1.000000
0.733460 0.017819 -0.679499 -0.195515 0.028703 0.997953 0.057152 85.971367 0.679126 -0.061422 0.731447 0.148382 0.000000 0.000000 0.000000 1.000000
0.733385 0.018940 -0.679550 -0.201536 0.027985 0.997923 0.058016 85.962906 0.679238 -0.061565 0.731332 0.145993 0.000000 0.000000 0.000000 1.000000
0.733197 0.021032 -0.679691 -0.206311 0.026549 0.997874 0.059516 85.955444 0.679498 -0.061681 0.731080 0.144165 0.000000 0.000000 0.000000 1.000000
0.732911 0.023892 -0.679905 -0.208949 0.024535 0.997805 0.061511 85.949493 0.679882 -0.061763 0.730716 0.143076 0.000000 0.000000 0.000000 1.000000
0.732541 0.027321 -0.680174 -0.208412 0.022084 0.997714 0.063861 85.945480 0.680364 -0.061802 0.730264 0.142868 0.000000 0.000000 0.000000 1.000000
0.732104 0.031118 -0.680481 -0.204049 0.019338 0.997604 0.066425 85.943985 0.680918 -0.061790 0.729749 0.143511 0.000000 0.000000 0.000000 1.000000
0.731618 0.035083 -0.680812 -0.195913 0.016436 0.997477 0.069063 85.945526 0.681517 -0.061718 0.729195 0.144783 0.000000 0.000000 0.000000 1.000000
0.731107 0.039013 -0.681146 -0.185139 0.013518 0.997339 0.071633 85.950523 0.682129 -0.061579 0.728635 0.146509 0.000000 0.000000 0.000000 1.000000
0.730601 0.042702 -0.681468 -0.173151 0.010731 0.997201 0.073991 85.959427 0.682721 -0.061371 0.728098 0.148386 0.000000 0.000000 0.000000 1.000000
0.730125 0.045941 -0.681767 -0.160869 0.008224 0.997074 0.075996 85.972656 0.683264 -0.061094 0.727611 0.150317 0.000000 0.000000 0.000000 1.000000
0.729723 0.048492 -0.682021 -0.148980 0.006185 0.996973 0.077502 85.989029 0.683715 -0.060774 0.727214 0.152673 0.000000 0.000000 0.000000 1.000000</float_array><technique_common><accessor source="#Hips-Matrix-animation-output-transform-array" count="22" stride="16"><param type="float4x4"/></accessor></technique_common></source><source id="Hips-Interpolations"><Name_array id="Hips-Interpolations-array" count="22">
 LINEAR LINEAR LINEAR LINEAR LINEAR LINEAR LINEAR LINEAR LINEAR LINEAR LINEAR
LINEAR LINEAR LINEAR LINEAR LINEAR LINEAR LINEAR LINEAR LINEAR LINEAR LINEAR</Name_array><technique_common><accessor source="#Hips-Interpolations-array" count="22"><param type="name"/></accessor></technique_common></source><sampler id="Hips-Matrix-animation-transform"><input semantic="INPUT" source="#Hips-Matrix-animation-input"/><input semantic="OUTPUT" source="#Hips-Matrix-animation-output-transform"/><input semantic="INTERPOLATION" source="#Hips-Interpolations"/></sampler><channel source="#Hips-Matrix-animation-transform" target="Hips/matrix"/></animation>
    <animation id="Spine-anim" name="Spine"><source id="Spine-Matrix-animation-input"><float_array id="Spine-Matrix-animation-input-array" count="22">

0.000000 0.033333 0.066667 0.100000 0.133333 0.166667 0.200000 0.233333 0.266667 0.300000 0.333333 0.366667 0.400000 0.433333 0.466667 0.500000
0.533333 0.566667 0.600000 0.633333 0.666667 0.700000</float_array><technique_common><accessor source="#Spine-Matrix-animation-input-array" count="22"><param name="TIME" type="float"/></accessor></technique_common></source><source id="Spine-Matrix-animation-output-transform"><float_array id="Spine-Matrix-animation-output-transform-array" count="352">

0.997983 0.062973 -0.007984 0.017300 -0.062924 0.964867 -0.255093 10.574800 -0.008360 0.255081 0.966884 -1.117200 0.000000 0.000000 0.000000 1.000000
0.997970 0.063232 -0.007555 0.017300 -0.063064 0.964831 -0.255195 10.574800 -0.008847 0.255153 0.966860 -1.117200 0.000000 0.000000 0.000000 1.000000
0.997934 0.063812 -0.007432 0.017300 -0.063592 0.964755 -0.255349 10.574800 -0.009125 0.255294 0.966820 -1.117200 0.000000 0.000000 0.000000 1.000000
0.997880 0.064635 -0.007620 0.017300 -0.064434 0.964650 -0.255536 10.574800 -0.009166 0.255485 0.966769 -1.117200 0.000000 0.000000 0.000000 1.000000
0.997812 0.065621 -0.008129 0.017300 -0.065515 0.964525 -0.255732 10.574800 -0.008941 0.255705 0.966714 -1.117200 0.000000 0.000000 0.000000 1.000000
0.997734 0.066686 -0.008965 0.017300 -0.066757 0.964392 -0.255912 10.574800 -0.008420 0.255930 0.966659 -1.117200 0.000000 0.000000 0.000000 1.000000
0.997651 0.067745 -0.010122 0.017300 -0.068076 0.964263 -0.256051 10.574800 -0.007586 0.256139 0.966610 -1.117200 0.000000 0.000000 0.000000 1.000000
0.997570 0.068718 -0.011480 0.017300 -0.069363 0.964147 -0.256142 10.574800 -0.006534 0.256316 0.966571 -1.117200 0.000000 0.000000 0.000000 1.000000
0.997496 0.069533 -0.012881 0.017300 -0.070510 0.964053 -0.256184 10.574800 -0.005395 0.256451 0.966542 -1.117200 0.000000 0.000000 0.000000 1.000000
0.997438 0.070116 -0.014183 0.017300 -0.071407 0.963988 -0.256179 10.574800 -0.004290 0.256535 0.966525 -1.117200 0.000000 0.000000 0.000000 1.000000
0.997403 0.070393 -0.015242 0.017300 -0.071947 0.963962 -0.256127 10.574800 -0.003337 0.256559 0.966523 -1.117200 0.000000 0.000000 0.000000 1.000000
0.997396 0.070334 -0.015960 0.017300 -0.072074 0.963976 -0.256038 10.574800 -0.002623 0.256522 0.966535 -1.117200 0.000000 0.000000 0.000000 1.000000
0.997413 0.070002 -0.016361 0.017300 -0.071857 0.964022 -0.255926 10.574800 -0.002143 0.256440 0.966558 -1.117200 0.000000 0.000000 0.000000 1.000000
0.997449 0.069453 -0.016457 0.017300 -0.071351 0.964093 -0.255802 10.574800 -0.001900 0.256323 0.966589 -1.117200 0.000000 0.000000 0.000000 1.000000
0.997502 0.068736 -0.016254 0.017300 -0.070606 0.964181 -0.255674 10.574800 -0.001902 0.256183 0.966626 -1.117200 0.000000 0.000000 0.000000 1.000000
0.997568 0.067901 -0.015759 0.017300 -0.069672 0.964282 -0.255552 10.574800 -0.002157 0.256028 0.966667 -1.117200 0.000000 0.000000 0.000000 1.000000
0.997641 0.066997 -0.014979 0.017300 -0.068599 0.964388 -0.255442 10.574800 -0.002668 0.255867 0.966708 -1.117200 0.000000 0.000000 0.000000 1.000000
0.997718 0.066073 -0.013920 0.017300 -0.067436 0.964494 -0.255351 10.574800 -0.003446 0.255707 0.966748 -1.117200 0.000000 0.000000 0.000000 1.000000
0.997794 0.065185 -0.012579 0.017300 -0.066234 0.964599 -0.255268 10.574800 -0.004506 0.255538 0.966789 -1.117200 0.000000 0.000000 0.000000 1.000000
0.997866 0.064359 -0.011045 0.017300 -0.065045 0.964701 -0.255190 10.574800 -0.005769 0.255363 0.966828 -1.117200 0.000000 0.000000 0.000000 1.000000
0.997930 0.063606 -0.009458 0.017300 -0.063912 0.964793 -0.255127 10.574800 -0.007102 0.255203 0.966861 -1.117200 0.000000 0.000000 0.000000 1.000000
0.997983 0.062973 -0.007984 0.017300 -0.062924 0.964867 -0.255093 10.574800 -0.008360 0.255081 0.966884 -1.117200 0.000000 0.000000 0.000000 1.000000</float_array><technique_common><accessor source="#Spine-Matrix-animation-output-transform-array" count="22" stride="16"><param type="float4x4"/></accessor></technique_common></source><source id="Spine-Interpolations"><Name_array id="Spine-Interpolations-array" count="22">
 LINEAR LINEAR LINEAR LINEAR LINEAR LINEAR LINEAR LINEAR LINEAR LINEAR LINEAR
LINEAR LINEAR LINEAR LINEAR LINEAR LINEAR LINEAR LINEAR LINEAR LINEAR LINEAR</Name_array><technique_common><accessor source="#Spine-Interpolations-array" count="22"><param type="name"/></accessor></technique_common></source><sampler id="Spine-Matrix-animation-transform"><input semantic="INPUT" source="#Spine-Matrix-animation-input"/><input semantic="OUTPUT" source="#Spine-Matrix-animation-output-transform"/><input semantic="INTERPOLATION" source="#Spine-Interpolations"/></sampler><channel source="#Spine-Matrix-animation-transform" target="Spine/matrix"/></animation>
    <animation id="Spine1-anim" name="Spine1"><source id="Spine1-Matrix-animation-input"><float_array id="Spine1-Matrix-animation-input-array" count="22">

0.000000 0.033333 0.066667 0.100000 0.133333 0.166667 0.200000 0.233333 0.266667 0.300000 0.333333 0.366667 0.400000 0.433333 0.466667 0.500000
0.533333 0.566667 0.600000 0.633333 0.666667 0.700000</float_array><technique_common><accessor source="#Spine1-Matrix-animation-input-array" count="22"><param name="TIME" type="float"/></accessor></technique_common></source><source id="Spine1-Matrix-animation-output-transform"><float_array id="Spine1-Matrix-animation-output-transform-array" count="352">

0.992710 0.116719 -0.030048 0.019000 -0.116320 0.862549 -0.492422 12.337300 -0.031557 0.492327 0.869838 -1.303400 0.000000 0.000000 0.000000 1.000000
0.992629 0.117547 -0.029499 0.019000 -0.116763 0.862379 -0.492614 12.337300 -0.032466 0.492428 0.869748 -1.303400 0.000000 0.000000 0.000000 1.000000
0.992459 0.118944 -0.029628 0.019000 -0.118030 0.862057 -0.492875 12.337300 -0.033083 0.492655 0.869595 -1.303400 0.000000 0.000000 0.000000 1.000000
0.992223 0.120702 -0.030396 0.019000 -0.119923 0.861628 -0.493170 12.337300 -0.033337 0.492980 0.869402 -1.303400 0.000000 0.000000 0.000000 1.000000
0.991946 0.122617 -0.031760 0.019000 -0.122247 0.861136 -0.493458 12.337300 -0.033157 0.493366 0.869190 -1.303400 0.000000 0.000000 0.000000 1.000000
0.991650 0.124485 -0.033677 0.019000 -0.124804 0.860632 -0.493697 12.337300 -0.032475 0.493778 0.868982 -1.303400 0.000000 0.000000 0.000000 1.000000
0.991359 0.126112 -0.036087 0.019000 -0.127399 0.860165 -0.493847 12.337300 -0.031239 0.494178 0.868800 -1.303400 0.000000 0.000000 0.000000 1.000000
0.991093 0.127405 -0.038758 0.019000 -0.129838 0.859769 -0.493902 12.337300 -0.029603 0.494535 0.868653 -1.303400 0.000000 0.000000 0.000000 1.000000
0.990871 0.128301 -0.041401 0.019000 -0.131922 0.859468 -0.493874 12.337300 -0.027782 0.494827 0.868547 -1.303400 0.000000 0.000000 0.000000 1.000000
0.990714 0.128730 -0.043745 0.019000 -0.133455 0.859289 -0.493774 12.337300 -0.025974 0.495027 0.868489 -1.303400 0.000000 0.000000 0.000000 1.000000
0.990649 0.128616 -0.045522 0.019000 -0.134239 0.859254 -0.493621 12.337300 -0.024373 0.495116 0.868485 -1.303400 0.000000 0.000000 0.000000 1.000000
0.990687 0.127947 -0.046562 0.019000 -0.134179 0.859370 -0.493436 12.337300 -0.023119 0.495088 0.868535 -1.303400 0.000000 0.000000 0.000000 1.000000
0.990809 0.126860 -0.046943 0.019000 -0.133429 0.859600 -0.493239 12.337300 -0.022220 0.494969 0.868626 -1.303400 0.000000 0.000000 0.000000 1.000000
0.990996 0.125473 -0.046722 0.019000 -0.132122 0.859912 -0.493046 12.337300 -0.021688 0.494780 0.868748 -1.303400 0.000000 0.000000 0.000000 1.000000
0.991230 0.123903 -0.045943 0.019000 -0.130379 0.860279 -0.492870 12.337300 -0.021544 0.494538 0.868889 -1.303400 0.000000 0.000000 0.000000 1.000000
0.991493 0.122264 -0.044653 0.019000 -0.128323 0.860674 -0.492721 12.337300 -0.021810 0.494259 0.869041 -1.303400 0.000000 0.000000 0.000000 1.000000
0.991765 0.120673 -0.042896 0.019000 -0.126077 0.861072 -0.492605 12.337300 -0.022507 0.493957 0.869195 -1.303400 0.000000 0.000000 0.000000 1.000000
0.992030 0.119246 -0.040716 0.019000 -0.123765 0.861450 -0.492531 12.337300 -0.023658 0.493645 0.869342 -1.303400 0.000000 0.000000 0.000000 1.000000
0.992268 0.118117 -0.038120 0.019000 -0.121506 0.861801 -0.492479 12.337300 -0.025318 0.493303 0.869489 -1.303400 0.000000 0.000000 0.000000 1.000000
0.992466 0.117326 -0.035289 0.019000 -0.119426 0.862117 -0.492434 12.337300 -0.027353 0.492939 0.869634 -1.303400 0.000000 0.000000 0.000000 1.000000
0.992616 0.116864 -0.032504 0.019000 -0.117655 0.862374 -0.492410 12.337300 -0.029514 0.492598 0.869756 -1.303400 0.000000 0.000000 0.000000 1.000000
0.992710 0.116719 -0.030048 0.019000 -0.116320 0.862549 -0.492422 12.337300 -0.031557 0.492327 0.869838 -1.303400 0.000000 0.000000 0.000000 1.000000</float_array><technique_common><accessor source="#Spine1-Matrix-animation-output-transform-array" count="22" stride="16"><param type="float4x4"/></accessor></technique_common></source><source id="Spine1-Interpolations"><Name_array id="Spine1-Interpolations-array" count="22">
 LINEAR LINEAR LINEAR LINEAR LINEAR LINEAR LINEAR LINEAR LINEAR LINEAR LINEAR
LINEAR LINEAR LINEAR LINEAR LINEAR LINEAR LINEAR LINEAR LINEAR LINEAR LINEAR</Name_array><technique_common><accessor source="#Spine1-Interpolations-array" count="22"><param type="name"/></accessor></technique_common></source><sampler id="Spine1-Matrix-animation-transform"><input semantic="INPUT" source="#Spine1-Matrix-animation-input"/><input semantic="OUTPUT" source="#Spine1-Matrix-animation-output-transform"/><input semantic="INTERPOLATION" source="#Spine1-Interpolations"/></sampler><channel source="#Spine1-Matrix-animation-transform" target="Spine1/matrix"/></animation>
    <animation id="Spine2-anim" name="Spine2"><source id="Spine2-Matrix-animation-input"><float_array id="Spine2-Matrix-animation-input-array" count="22">

0.000000 0.033333 0.066667 0.100000 0.133333 0.166667 0.200000 0.233333 0.266667 0.300000 0.333333 0.366667 0.400000 0.433333 0.466667 0.500000
0.533333 0.566667 0.600000 0.633333 0.666667 0.700000</float_array><technique_common><accessor source="#Spine2-Matrix-animation-input-array" count="22"><param name="TIME" type="float"/></accessor></technique_common></source><source id="Spine2-Matrix-animation-output-transform"><float_array id="Spine2-Matrix-animation-output-transform-array" count="352">

0.992710 0.116719 -0.030047 0.021700 -0.116320 0.862549 -0.492421 14.099800 -0.031557 0.492327 0.869838 -1.489600 0.000000 0.000000 0.000000 1.000000
0.992629 0.117547 -0.029499 0.021700 -0.116763 0.862379 -0.492614 14.099800 -0.032467 0.492428 0.869748 -1.489600 0.000000 0.000000 0.000000 1.000000
0.992459 0.118944 -0.029628 0.021700 -0.118030 0.862057 -0.492875 14.099800 -0.033083 0.492656 0.869595 -1.489600 0.000000 0.000000 0.000000 1.000000
0.992223 0.120702 -0.030396 0.021700 -0.119923 0.861627 -0.493170 14.099800 -0.033337 0.492980 0.869402 -1.489600 0.000000 0.000000 0.000000 1.000000
0.991946 0.122617 -0.031759 0.021700 -0.122247 0.861136 -0.493458 14.099800 -0.033157 0.493366 0.869190 -1.489600 0.000000 0.000000 0.000000 1.000000
0.991650 0.124485 -0.033676 0.021700 -0.124804 0.860632 -0.493697 14.099800 -0.032475 0.493778 0.868982 -1.489600 0.000000 0.000000 0.000000 1.000000
0.991359 0.126112 -0.036087 0.021700 -0.127399 0.860165 -0.493847 14.099800 -0.031239 0.494178 0.868800 -1.489600 0.000000 0.000000 0.000000 1.000000
0.991093 0.127405 -0.038758 0.021700 -0.129838 0.859769 -0.493902 14.099800 -0.029603 0.494535 0.868653 -1.489600 0.000000 0.000000 0.000000 1.000000
0.990871 0.128302 -0.041401 0.021700 -0.131922 0.859468 -0.493874 14.099800 -0.027782 0.494827 0.868547 -1.489600 0.000000 0.000000 0.000000 1.000000
0.990714 0.128729 -0.043745 0.021700 -0.133455 0.859289 -0.493774 14.099800 -0.025973 0.495027 0.868489 -1.489600 0.000000 0.000000 0.000000 1.000000
0.990649 0.128616 -0.045522 0.021700 -0.134239 0.859254 -0.493621 14.099800 -0.024372 0.495116 0.868485 -1.489600 0.000000 0.000000 0.000000 1.000000
0.990687 0.127948 -0.046562 0.021700 -0.134179 0.859370 -0.493436 14.099800 -0.023120 0.495088 0.868535 -1.489600 0.000000 0.000000 0.000000 1.000000
0.990809 0.126860 -0.046944 0.021700 -0.133429 0.859600 -0.493239 14.099800 -0.022219 0.494969 0.868626 -1.489600 0.000000 0.000000 0.000000 1.000000
0.990996 0.125473 -0.046722 0.021700 -0.132122 0.859912 -0.493047 14.099800 -0.021687 0.494780 0.868747 -1.489600 0.000000 0.000000 0.000000 1.000000
0.991230 0.123903 -0.045943 0.021700 -0.130379 0.860279 -0.492870 14.099800 -0.021544 0.494537 0.868889 -1.489600 0.000000 0.000000 0.000000 1.000000
0.991493 0.122265 -0.044653 0.021700 -0.128323 0.860674 -0.492720 14.099800 -0.021811 0.494259 0.869041 -1.489600 0.000000 0.000000 0.000000 1.000000
0.991765 0.120673 -0.042897 0.021700 -0.126077 0.861072 -0.492605 14.099800 -0.022507 0.493957 0.869195 -1.489600 0.000000 0.000000 0.000000 1.000000
0.992030 0.119246 -0.040715 0.021700 -0.123764 0.861450 -0.492531 14.099800 -0.023658 0.493645 0.869342 -1.489600 0.000000 0.000000 0.000000 1.000000
0.992268 0.118116 -0.038120 0.021700 -0.121506 0.861801 -0.492479 14.099800 -0.025318 0.493303 0.869489 -1.489600 0.000000 0.000000 0.000000 1.000000
0.992466 0.117326 -0.035289 0.021700 -0.119426 0.862117 -0.492434 14.099800 -0.027353 0.492939 0.869634 -1.489600 0.000000 0.000000 0.000000 1.000000
0.992616 0.116864 -0.032504 0.021700 -0.117655 0.862374 -0.492410 14.099800 -0.029515 0.492598 0.869756 -1.489600 0.000000 0.000000 0.000000 1.000000
0.992710 0.116719 -0.030047 0.021700 -0.116320 0.862549 -0.492421 14.099800 -0.031557 0.492327 0.869838 -1.489600 0.000000 0.000000 0.000000 1.000000</float_array><technique_common><accessor source="#Spine2-Matrix-animation-output-transform-array" count="22" stride="16"><param type="float4x4"/></accessor></technique_common></source><source id="Spine2-Interpolations"><Name_array id="Spine2-Interpolations-array" count="22">
 LINEAR LINEAR LINEAR LINEAR LINEAR LINEAR LINEAR LINEAR LINEAR LINEAR LINEAR
LINEAR LINEAR LINEAR LINEAR LINEAR LINEAR LINEAR LINEAR LINEAR LINEAR LINEAR</Name_array><technique_common><accessor source="#Spine2-Interpolations-array" count="22"><param type="name"/></accessor></technique_common></source><sampler id="Spine2-Matrix-animation-transform"><input semantic="INPUT" source="#Spine2-Matrix-animation-input"/><input semantic="OUTPUT" source="#Spine2-Matrix-animation-output-transform"/><input semantic="INTERPOLATION" source="#Spine2-Interpolations"/></sampler><channel source="#Spine2-Matrix-animation-transform" target="Spine2/matrix"/></animation>
    <animation id="Neck-anim" name="Neck"><source id="Neck-Matrix-animation-input"><float_array id="Neck-Matrix-animation-input-array" count="22">

0.000000 0.033333 0.066667 0.100000 0.133333 0.166667 0.200000 0.233333 0.266667 0.300000 0.333333 0.366667 0.400000 0.433333 0.466667 0.500000
0.533333 0.566667 0.600000 0.633333 0.666667 0.700000</float_array><technique_common><accessor source="#Neck-Matrix-animation-input-array" count="22"><param name="TIME" type="float"/></accessor></technique_common></source><source id="Neck-Matrix-animation-output-transform"><float_array id="Neck-Matrix-animation-output-transform-array" count="352">

0.990538 0.113187 0.077608 0.024400 -0.110959 0.993295 -0.032457 15.862300 -0.080761 0.023539 0.996455 -1.675800 0.000000 0.000000 0.000000 1.000000
0.991340 0.107496 0.075431 0.024400 -0.105326 0.993917 -0.032191 15.862300 -0.078433 0.023968 0.996631 -1.675800 0.000000 0.000000 0.000000 1.000000
0.992218 0.100956 0.072873 0.024400 -0.098846 0.994588 -0.032012 15.862300 -0.075711 0.024560 0.996827 -1.675800 0.000000 0.000000 0.000000 1.000000
0.993046 0.094450 0.070282 0.024400 -0.092396 0.995210 -0.031932 15.862300 -0.072962 0.025216 0.997016 -1.675800 0.000000 0.000000 0.000000 1.000000
0.993719 0.088866 0.068008 0.024400 -0.086856 0.995708 -0.031970 15.862300 -0.070557 0.025862 0.997172 -1.675800 0.000000 0.000000 0.000000 1.000000
0.994157 0.085099 0.066403 0.024400 -0.083112 0.996022 -0.032138 15.862300 -0.068874 0.026431 0.997275 -1.675800 0.000000 0.000000 0.000000 1.000000
0.994297 0.083945 0.065782 0.024400 -0.081952 0.996108 -0.032441 15.862300 -0.068249 0.026865 0.997307 -1.675800 0.000000 0.000000 0.000000 1.000000
0.994170 0.085201 0.066087 0.024400 -0.083176 0.995994 -0.032820 15.862300 -0.068618 0.027132 0.997274 -1.675800 0.000000 0.000000 0.000000 1.000000
0.993824 0.088349 0.067139 0.024400 -0.086275 0.995718 -0.033191 15.862300 -0.069784 0.027194 0.997191 -1.675800 0.000000 0.000000 0.000000 1.000000
0.993289 0.092974 0.068797 0.024400 -0.090843 0.995302 -0.033487 15.862300 -0.071588 0.027013 0.997068 -1.675800 0.000000 0.000000 0.000000 1.000000
0.992591 0.098661 0.070923 0.024400 -0.096474 0.994767 -0.033636 15.862300 -0.073871 0.026544 0.996914 -1.675800 0.000000 0.000000 0.000000 1.000000
0.991764 0.104982 0.073363 0.024400 -0.102748 0.994140 -0.033599 15.862300 -0.076461 0.025785 0.996739 -1.675800 0.000000 0.000000 0.000000 1.000000
0.990861 0.111486 0.075932 0.024400 -0.109217 0.993456 -0.033417 15.862300 -0.079161 0.024818 0.996553 -1.675800 0.000000 0.000000 0.000000 1.000000
0.989943 0.117723 0.078446 0.024400 -0.115434 0.992763 -0.033125 15.862300 -0.081778 0.023736 0.996368 -1.675800 0.000000 0.000000 0.000000 1.000000
0.989087 0.123252 0.080722 0.024400 -0.120956 0.992117 -0.032758 15.862300 -0.084123 0.022636 0.996198 -1.675800 0.000000 0.000000 0.000000 1.000000
0.988378 0.127632 0.082579 0.024400 -0.125344 0.991586 -0.032340 15.862300 -0.086012 0.021613 0.996060 -1.675800 0.000000 0.000000 0.000000 1.000000
0.987907 0.130425 0.083834 0.024400 -0.128157 0.991240 -0.031912 15.862300 -0.087262 0.020783 0.995969 -1.675800 0.000000 0.000000 0.000000 1.000000
0.987768 0.131182 0.084299 0.024400 -0.128942 0.991151 -0.031510 15.862300 -0.087686 0.020255 0.995942 -1.675800 0.000000 0.000000 0.000000 1.000000
0.988064 0.129316 0.083704 0.024400 -0.127091 0.991394 -0.031405 15.862300 -0.087045 0.020392 0.995996 -1.675800 0.000000 0.000000 0.000000 1.000000
0.988732 0.125136 0.082159 0.024400 -0.122908 0.991913 -0.031657 15.862300 -0.085456 0.021202 0.996116 -1.675800 0.000000 0.000000 0.000000 1.000000
0.989607 0.119479 0.080012 0.024400 -0.117246 0.992585 -0.032072 15.862300 -0.083251 0.022358 0.996278 -1.675800 0.000000 0.000000 0.000000 1.000000
0.990538 0.113187 0.077608 0.024400 -0.110959 0.993295 -0.032457 15.862300 -0.080761 0.023539 0.996455 -1.675800 0.000000 0.000000 0.000000 1.000000</float_array><technique_common><accessor source="#Neck-Matrix-animation-output-transform-array" count="22" stride="16"><param type="float4x4"/></accessor></technique_common></source><source id="Neck-Interpolations"><Name_array id="Neck-Interpolations-array" count="22">
 LINEAR LINEAR LINEAR LINEAR LINEAR LINEAR LINEAR LINEAR LINEAR LINEAR LINEAR
LINEAR LINEAR LINEAR LINEAR LINEAR LINEAR LINEAR LINEAR LINEAR LINEAR LINEAR</Name_array><technique_common><accessor source="#Neck-Interpolations-array" count="22"><param type="name"/></accessor></technique_common></source><sampler id="Neck-Matrix-animation-transform"><input semantic="INPUT" source="#Neck-Matrix-animation-input"/><input semantic="OUTPUT" source="#Neck-Matrix-animation-output-transform"/><input semantic="INTERPOLATION" source="#Neck-Interpolations"/></sampler><channel source="#Neck-Matrix-animation-transform" target="Neck/matrix"/></animation>
    <animation id="Head-anim" name="Head"><source id="Head-Matrix-animation-input"><float_array id="Head-Matrix-animation-input-array" count="22">

0.000000 0.033333 0.066667 0.100000 0.133333 0.166667 0.200000 0.233333 0.266667 0.300000 0.333333 0.366667 0.400000 0.433333 0.466667 0.500000
0.533333 0.566667 0.600000 0.633333 0.666667 0.700000</float_array><technique_common><accessor source="#Head-Matrix-animation-input-array" count="22"><param name="TIME" type="float"/></accessor></technique_common></source><source id="Head-Matrix-animation-output-transform"><float_array id="Head-Matrix-animation-output-transform-array" count="352">

0.991466 -0.026911 0.127560 0.000000 0.031816 0.998824 -0.036573 5.564000 -0.126426 0.040319 0.991156 0.988100 0.000000 0.000000 0.000000 1.000000
0.991530 -0.023655 0.127703 -0.000000 0.028545 0.998922 -0.036604 5.564000 -0.126699 0.039940 0.991137 0.988100 0.000000 0.000000 0.000000 1.000000
0.991639 -0.020424 0.127413 -0.000000 0.025165 0.999045 -0.035709 5.564000 -0.126562 0.038616 0.991207 0.988100 0.000000 0.000000 0.000000 1.000000
0.991778 -0.017637 0.126753 0.000000 0.022119 0.999176 -0.034040 5.564000 -0.126048 0.036563 0.991350 0.988100 0.000000 0.000000 0.000000 1.000000
0.991934 -0.015712 0.125777 0.000000 0.019855 0.999299 -0.031749 5.564000 -0.125190 0.033990 0.991550 0.988100 0.000000 0.000000 0.000000 1.000000
0.992101 -0.015071 0.124531 -0.000000 0.018821 0.999402 -0.028991 5.564000 -0.124019 0.031106 0.991792 0.988100 0.000000 0.000000 0.000000 1.000000
0.992269 -0.016077 0.123056 0.000000 0.019410 0.999475 -0.025934 5.564000 -0.122575 0.028122 0.992061 0.988100 0.000000 0.000000 0.000000 1.000000
0.992423 -0.018469 0.121473 0.000000 0.021399 0.999510 -0.022857 5.564000 -0.120991 0.025283 0.992332 0.988100 0.000000 0.000000 0.000000 1.000000
0.992543 -0.021799 0.119931 0.000000 0.024377 0.999501 -0.020074 5.564000 -0.119434 0.022848 0.992579 0.988100 0.000000 0.000000 0.000000 1.000000
0.992612 -0.025684 0.118584 0.000000 0.027997 0.999448 -0.017880 5.564000 -0.118059 0.021068 0.992783 0.988100 0.000000 0.000000 0.000000 1.000000
0.992616 -0.029743 0.117592 -0.000000 0.031907 0.999354 -0.016565 5.564000 -0.117024 0.020195 0.992924 0.988100 0.000000 0.000000 0.000000 1.000000
0.992554 -0.033655 0.117068 0.000000 0.035802 0.999226 -0.016285 5.564000 -0.116429 0.020355 0.992990 0.988100 0.000000 0.000000 0.000000 1.000000
0.992437 -0.037235 0.116968 0.000000 0.039472 0.999078 -0.016870 5.564000 -0.116232 0.021359 0.992992 0.988100 0.000000 0.000000 0.000000 1.000000
0.992284 -0.040289 0.117257 0.000000 0.042705 0.998923 -0.018167 5.564000 -0.116399 0.023034 0.992935 0.988100 0.000000 0.000000 0.000000 1.000000
0.992111 -0.042619 0.117899 -0.000000 0.045286 0.998773 -0.020037 5.564000 -0.116900 0.025218 0.992823 0.988100 0.000000 0.000000 0.000000 1.000000
0.991936 -0.044025 0.118849 0.000000 0.047001 0.998645 -0.022351 5.564000 -0.117704 0.027757 0.992661 0.988100 0.000000 0.000000 0.000000 1.000000
0.991777 -0.044308 0.120061 -0.000000 0.047634 0.998553 -0.024968 5.564000 -0.118781 0.030482 0.992453 0.988100 0.000000 0.000000 0.000000 1.000000
0.991650 -0.043263 0.121481 0.000000 0.046963 0.998511 -0.027757 5.564000 -0.120099 0.033230 0.992206 0.988100 0.000000 0.000000 0.000000 1.000000
0.991568 -0.040584 0.123072 0.000000 0.044649 0.998539 -0.030450 5.564000 -0.121656 0.035688 0.991930 0.988100 0.000000 0.000000 0.000000 1.000000
0.991519 -0.036548 0.124718 0.000000 0.040943 0.998621 -0.032860 5.564000 -0.123345 0.037687 0.991648 0.988100 0.000000 0.000000 0.000000 1.000000
0.991488 -0.031780 0.126263 0.000000 0.036460 0.998725 -0.034924 5.564000 -0.124992 0.039230 0.991382 0.988100 0.000000 0.000000 0.000000 1.000000
0.991466 -0.026911 0.127560 0.000000 0.031816 0.998824 -0.036573 5.564000 -0.126426 0.040319 0.991156 0.988100 0.000000 0.000000 0.000000 1.000000</float_array><technique_common><accessor source="#Head-Matrix-animation-output-transform-array" count="22" stride="16"><param type="float4x4"/></accessor></technique_common></source><source id="Head-Interpolations"><Name_array id="Head-Interpolations-array" count="22">
 LINEAR LINEAR LINEAR LINEAR LINEAR LINEAR LINEAR LINEAR LINEAR LINEAR LINEAR
LINEAR LINEAR LINEAR LINEAR LINEAR LINEAR LINEAR LINEAR LINEAR LINEAR LINEAR</Name_array><technique_common><accessor source="#Head-Interpolations-array" count="22"><param type="name"/></accessor></technique_common></source><sampler id="Head-Matrix-animation-transform"><input semantic="INPUT" source="#Head-Matrix-animation-input"/><input semantic="OUTPUT" source="#Head-Matrix-animation-output-transform"/><input semantic="INTERPOLATION" source="#Head-Interpolations"/></sampler><channel source="#Head-Matrix-animation-transform" target="Head/matrix"/></animation>
    <animation id="LeftShoulder-anim" name="LeftShoulder"><source id="LeftShoulder-Matrix-animation-input"><float_array id="LeftShoulder-Matrix-animation-input-array" count="22">

0.000000 0.033333 0.066667 0.100000 0.133333 0.166667 0.200000 0.233333 0.266667 0.300000 0.333333 0.366667 0.400000 0.433333 0.466667 0.500000
0.533333 0.566667 0.600000 0.633333 0.666667 0.700000</float_array><technique_common><accessor source="#LeftShoulder-Matrix-animation-input-array" count="22"><param name="TIME" type="float"/></accessor></technique_common></source><source id="LeftShoulder-Matrix-animation-output-transform"><float_array id="LeftShoulder-Matrix-animation-output-transform-array" count="352">

0.999507 -0.011631 0.029167 5.935000 0.009514 0.997381 0.071701 13.670200 -0.029925 -0.071388 0.997000 -1.662600 0.000000 0.000000 0.000000 1.000000
0.999515 -0.011612 0.028879 5.935000 0.009518 0.997387 0.071610 13.670200 -0.029636 -0.071301 0.997015 -1.662600 0.000000 0.000000 0.000000 1.000000
0.999539 -0.011607 0.028057 5.935000 0.009580 0.997406 0.071345 13.670200 -0.028812 -0.071044 0.997057 -1.662600 0.000000 0.000000 0.000000 1.000000
0.999572 -0.011674 0.026824 5.935000 0.009745 0.997433 0.070940 13.670200 -0.027583 -0.070648 0.997120 -1.662600 0.000000 0.000000 0.000000 1.000000
0.999609 -0.011866 0.025307 5.935000 0.010057 0.997466 0.070428 13.670200 -0.026079 -0.070145 0.997196 -1.662600 0.000000 0.000000 0.000000 1.000000
0.999646 -0.012238 0.023631 5.935000 0.010561 0.997502 0.069842 13.670200 -0.024426 -0.069567 0.997278 -1.662600 0.000000 0.000000 0.000000 1.000000
0.999677 -0.012841 0.021920 5.935000 0.011296 0.997538 0.069218 13.670200 -0.022755 -0.068948 0.997361 -1.662600 0.000000 0.000000 0.000000 1.000000
0.999701 -0.013645 0.020305 5.935000 0.012223 0.997569 0.068601 13.670200 -0.021192 -0.068332 0.997438 -1.662600 0.000000 0.000000 0.000000 1.000000
0.999716 -0.014512 0.018918 5.935000 0.013193 0.997595 0.068050 13.670200 -0.019860 -0.067781 0.997503 -1.662600 0.000000 0.000000 0.000000 1.000000
0.999723 -0.015288 0.017893 5.935000 0.014046 0.997612 0.067627 13.670200 -0.018884 -0.067357 0.997550 -1.662600 0.000000 0.000000 0.000000 1.000000
0.999724 -0.015824 0.017364 5.935000 0.014620 0.997619 0.067392 13.670200 -0.018389 -0.067120 0.997575 -1.662600 0.000000 0.000000 0.000000 1.000000
0.999721 -0.015992 0.017400 5.935000 0.014786 0.997618 0.067384 13.670200 -0.018436 -0.067108 0.997575 -1.662600 0.000000 0.000000 0.000000 1.000000
0.999715 -0.015824 0.017900 5.935000 0.014581 0.997608 0.067566 13.670200 -0.018926 -0.067285 0.997554 -1.662600 0.000000 0.000000 0.000000 1.000000
0.999704 -0.015499 0.018770 5.935000 0.014191 0.997592 0.067886 13.670200 -0.019777 -0.067599 0.997517 -1.662600 0.000000 0.000000 0.000000 1.000000
0.999688 -0.015066 0.019928 5.935000 0.013673 0.997570 0.068309 13.670200 -0.020908 -0.068016 0.997465 -1.662600 0.000000 0.000000 0.000000 1.000000
0.999667 -0.014558 0.021290 5.935000 0.013062 0.997544 0.068810 13.670200 -0.022239 -0.068509 0.997403 -1.662600 0.000000 0.000000 0.000000 1.000000
0.999643 -0.014005 0.022775 5.935000 0.012395 0.997515 0.069355 13.670200 -0.023690 -0.069048 0.997332 -1.662600 0.000000 0.000000 0.000000 1.000000
0.999614 -0.013437 0.024301 5.935000 0.011709 0.997484 0.069916 13.670200 -0.025179 -0.069604 0.997257 -1.662600 0.000000 0.000000 0.000000 1.000000
0.999584 -0.012886 0.025785 5.935000 0.011041 0.997453 0.070460 13.670200 -0.026627 -0.070146 0.997181 -1.662600 0.000000 0.000000 0.000000 1.000000
0.999555 -0.012381 0.027146 5.935000 0.010427 0.997425 0.070959 13.670200 -0.027954 -0.070645 0.997110 -1.662600 0.000000 0.000000 0.000000 1.000000
0.999528 -0.011953 0.028300 5.935000 0.009906 0.997400 0.071383 13.670200 -0.029080 -0.071069 0.997047 -1.662600 0.000000 0.000000 0.000000 1.000000
0.999507 -0.011631 0.029167 5.935000 0.009514 0.997381 0.071701 13.670200 -0.029925 -0.071388 0.997000 -1.662600 0.000000 0.000000 0.000000 1.000000</float_array><technique_common><accessor source="#LeftShoulder-Matrix-animation-output-transform-array" count="22" stride="16"><param type="float4x4"/></accessor></technique_common></source><source id="LeftShoulder-Interpolations"><Name_array id="LeftShoulder-Interpolations-array" count="22">
 LINEAR LINEAR LINEAR LINEAR LINEAR LINEAR LINEAR LINEAR LINEAR LINEAR LINEAR
LINEAR LINEAR LINEAR LINEAR LINEAR LINEAR LINEAR LINEAR LINEAR LINEAR LINEAR</Name_array><technique_common><accessor source="#LeftShoulder-Interpolations-array" count="22"><param type="name"/></accessor></technique_common></source><sampler id="LeftShoulder-Matrix-animation-transform"><input semantic="INPUT" source="#LeftShoulder-Matrix-animation-input"/><input semantic="OUTPUT" source="#LeftShoulder-Matrix-animation-output-transform"/><input semantic="INTERPOLATION" source="#LeftShoulder-Interpolations"/></sampler><channel source="#LeftShoulder-Matrix-animation-transform" target="LeftShoulder/matrix"/></animation>
    <animation id="LeftArm-anim" name="LeftArm"><source id="LeftArm-Matrix-animation-input"><float_array id="LeftArm-Matrix-animation-input-array" count="22">

0.000000 0.033333 0.066667 0.100000 0.133333 0.166667 0.200000 0.233333 0.266667 0.300000 0.333333 0.366667 0.400000 0.433333 0.466667 0.500000
0.533333 0.566667 0.600000 0.633333 0.666667 0.700000</float_array><technique_common><accessor source="#LeftArm-Matrix-animation-input-array" count="22"><param name="TIME" type="float"/></accessor></technique_common></source><source id="LeftArm-Matrix-animation-output-transform"><float_array id="LeftArm-Matrix-animation-output-transform-array" count="352">

0.986954 -0.118345 0.109163 12.499400 0.055564 0.886724 0.458948 -1.650000 -0.151112 -0.446895 0.881731 0.026500 0.000000 0.000000 0.000000 1.000000
0.987833 -0.111898 0.108001 12.499400 0.050295 0.887013 0.458998 -1.650000 -0.147159 -0.447981 0.881849 0.026500 0.000000 0.000000 0.000000 1.000000
0.989141 -0.103272 0.104575 12.499400 0.044123 0.887361 0.458959 -1.650000 -0.140194 -0.449361 0.882281 0.026500 0.000000 0.000000 0.000000 1.000000
0.990649 -0.093568 0.099291 12.499400 0.037829 0.887616 0.459027 -1.650000 -0.131082 -0.450979 0.882856 0.026500 0.000000 0.000000 0.000000 1.000000
0.992166 -0.083890 0.092566 12.499400 0.032192 0.887648 0.459396 -1.650000 -0.120705 -0.452817 0.883395 0.026500 0.000000 0.000000 0.000000 1.000000
0.993542 -0.075342 0.084840 12.499400 0.027987 0.887343 0.460260 -1.650000 -0.109959 -0.454914 0.883721 0.026500 0.000000 0.000000 0.000000 1.000000
0.994684 -0.068990 0.076443 12.499400 0.026005 0.886609 0.461788 -1.650000 -0.099634 -0.457346 0.883690 0.026500 0.000000 0.000000 0.000000 1.000000
0.995607 -0.065209 0.067183 12.499400 0.026700 0.885522 0.463830 -1.650000 -0.089738 -0.459999 0.883373 0.026500 0.000000 0.000000 0.000000 1.000000
0.996296 -0.063650 0.057827 12.499400 0.029443 0.884272 0.466043 -1.650000 -0.080798 -0.462614 0.882870 0.026500 0.000000 0.000000 0.000000 1.000000
0.996728 -0.063918 0.049482 12.499400 0.033389 0.883046 0.468097 -1.650000 -0.073614 -0.464913 0.882290 0.026500 0.000000 0.000000 0.000000 1.000000
0.996906 -0.065631 0.043254 12.499400 0.037691 0.882041 0.469662 -1.650000 -0.068976 -0.466579 0.881786 0.026500 0.000000 0.000000 0.000000 1.000000
0.996845 -0.068416 0.040252 12.499400 0.041503 0.881472 0.470409 -1.650000 -0.067664 -0.467254 0.881530 0.026500 0.000000 0.000000 0.000000 1.000000
0.996503 -0.072585 0.041396 12.499400 0.044682 0.881507 0.470053 -1.650000 -0.070610 -0.466559 0.881667 0.026500 0.000000 0.000000 0.000000 1.000000
0.995800 -0.078948 0.046359 12.499400 0.048112 0.882060 0.468674 -1.650000 -0.077893 -0.464475 0.882154 0.026500 0.000000 0.000000 0.000000 1.000000
0.994764 -0.086734 0.054057 12.499400 0.051627 0.882948 0.466624 -1.650000 -0.088202 -0.461390 0.882802 0.026500 0.000000 0.000000 0.000000 1.000000
0.993458 -0.095002 0.063373 12.499400 0.054919 0.883991 0.464267 -1.650000 -0.100128 -0.457750 0.883425 0.026500 0.000000 0.000000 0.000000 1.000000
0.992003 -0.102835 0.073176 12.499400 0.057667 0.885018 0.461972 -1.650000 -0.112268 -0.454058 0.883871 0.026500 0.000000 0.000000 0.000000 1.000000
0.990586 -0.109349 0.082358 12.499400 0.059535 0.885866 0.460105 -1.650000 -0.123270 -0.450871 0.884036 0.026500 0.000000 0.000000 0.000000 1.000000
0.989335 -0.113997 0.090671 12.499400 0.060070 0.886403 0.459001 -1.650000 -0.132696 -0.448659 0.883797 0.026500 0.000000 0.000000 0.000000 1.000000
0.988278 -0.116907 0.098181 12.499400 0.059327 0.886664 0.458593 -1.650000 -0.140666 -0.447393 0.883206 0.026500 0.000000 0.000000 0.000000 1.000000
0.987467 -0.118290 0.104479 12.499400 0.057696 0.886741 0.458653 -1.650000 -0.146900 -0.446876 0.882452 0.026500 0.000000 0.000000 0.000000 1.000000
0.986954 -0.118345 0.109163 12.499400 0.055564 0.886724 0.458948 -1.650000 -0.151112 -0.446895 0.881731 0.026500 0.000000 0.000000 0.000000 1.000000</float_array><technique_common><accessor source="#LeftArm-Matrix-animation-output-transform-array" count="22" stride="16"><param type="float4x4"/></accessor></technique_common></source><source id="LeftArm-Interpolations"><Name_array id="LeftArm-Interpolations-array" count="22">
 LINEAR LINEAR LINEAR LINEAR LINEAR LINEAR LINEAR LINEAR LINEAR LINEAR LINEAR
LINEAR LINEAR LINEAR LINEAR LINEAR LINEAR LINEAR LINEAR LINEAR LINEAR LINEAR</Name_array><technique_common><accessor source="#LeftArm-Interpolations-array" count="22"><param type="name"/></accessor></technique_common></source><sampler id="LeftArm-Matrix-animation-transform"><input semantic="INPUT" source="#LeftArm-Matrix-animation-input"/><input semantic="OUTPUT" source="#LeftArm-Matrix-animation-output-transform"/><input semantic="INTERPOLATION" source="#LeftArm-Interpolations"/></sampler><channel source="#LeftArm-Matrix-animation-transform" target="LeftArm/matrix"/></animation>
    <animation id="LeftForeArm-anim" name="LeftForeArm"><source id="LeftForeArm-Matrix-animation-input"><float_array id="LeftForeArm-Matrix-animation-input-array" count="22">

0.000000 0.033333 0.066667 0.100000 0.133333 0.166667 0.200000 0.233333 0.266667 0.300000 0.333333 0.366667 0.400000 0.433333 0.466667 0.500000
