<?xml version="1.0" encoding="utf-8"?>
<COLLADA xmlns="http://www.collada.org/2005/11/COLLADASchema" version="1.4.1">
  <asset><contributor><author>Mixamo</author><authoring_tool>COLLADA Mixamo exporter</authoring_tool><comments></comments></contributor><created>2018-10-30T13:57:52Z</created><modified>2018-10-30T13:57:52Z</modified><revision></revision><title></title><unit meter="0.010000"/><up_axis>Y_UP</up_axis></asset>
  <library_animations>
    <animation id="Hips-anim" name="Hips"><source id="Hips-Matrix-animation-input"><float_array id="Hips-Matrix-animation-input-array" count="33">

0.000000 0.033333 0.066667 0.100000 0.133333 0.166667 0.200000 0.233333 0.266667 0.300000 0.333333 0.366667 0.400000 0.433333 0.466667 0.500000
0.533333 0.566667 0.600000 0.633333 0.666667 0.700000 0.733333 0.766667 0.800000 0.833333 0.866667 0.900000 0.933333 0.966667 1.000000 1.033333
1.066667</float_array><technique_common><accessor source="#Hips-Matrix-animation-input-array" count="33"><param name="TIME" type="float"/></accessor></technique_common></source><source id="Hips-Matrix-animation-output-transform"><float_array id="Hips-Matrix-animation-output-transform-array" count="528">

0.816168 -0.022706 -0.577368 -5.247849 0.241706 0.921019 0.305455 142.754822 0.524831 -0.388856 0.757194 -7.125890 0.000000 0.000000 0.000000 1.000000
0.831441 -0.016827 -0.555359 -5.274466 0.223519 0.925222 0.306601 140.007721 0.508671 -0.379054 0.773028 -6.896853 0.000000 0.000000 0.000000 1.000000
0.843465 -0.034234 -0.536093 -4.909236 0.210516 0.939208 0.271240 136.733139 0.494217 -0.341638 0.799396 -6.206529 0.000000 0.000000 0.000000 1.000000
0.852474 -0.064981 -0.518715 -4.473101 0.199099 0.957821 0.207217 132.903839 0.483371 -0.279922 0.829455 -5.110026 0.000000 0.000000 0.000000 1.000000
0.860559 -0.091682 -0.501031 -4.237374 0.178545 0.975551 0.128152 128.221420 0.477032 -0.199739 0.855889 -3.588662 0.000000 0.000000 0.000000 1.000000
0.877177 -0.101736 -0.469265 -4.218712 0.141865 0.988578 0.050861 121.062149 0.458731 -0.111186 0.881591 -1.121858 0.000000 0.000000 0.000000 1.000000
0.909528 -0.093573 -0.404973 -4.403302 0.111748 0.993506 0.021415 112.410660 0.400339 -0.064733 0.914078 1.718503 0.000000 0.000000 0.000000 1.000000
0.939771 -0.064340 -0.335695 -4.545047 0.077206 0.996699 0.025106 101.965225 0.332972 -0.049512 0.941636 4.255842 0.000000 0.000000 0.000000 1.000000
0.962880 -0.031624 -0.268072 -4.646049 0.039323 0.998953 0.023398 89.929848 0.267051 -0.033071 0.963115 5.548536 0.000000 0.000000 0.000000 1.000000
0.977967 -0.059121 -0.200215 -4.828389 0.048417 0.997145 -0.057947 78.159584 0.203070 0.046976 0.978037 4.829733 0.000000 0.000000 0.000000 1.000000
0.969813 -0.137003 -0.201723 -4.299321 0.110834 0.984518 -0.135798 68.940987 0.217205 0.109341 0.969983 3.943418 0.000000 0.000000 0.000000 1.000000
0.948629 -0.220423 -0.226972 -3.364977 0.173466 0.962294 -0.209524 63.684216 0.264598 0.159389 0.951096 3.294216 0.000000 0.000000 0.000000 1.000000
0.929316 -0.281057 -0.239540 -2.267197 0.215936 0.939781 -0.264921 59.794464 0.299573 0.194470 0.934044 2.627621 0.000000 0.000000 0.000000 1.000000
0.911221 -0.307929 -0.273597 -1.227094 0.229762 0.931235 -0.282862 57.242382 0.341885 0.194888 0.919311 2.048966 0.000000 0.000000 0.000000 1.000000
0.889160 -0.330565 -0.316419 -0.469404 0.237976 0.924661 -0.297270 56.054611 0.390847 0.189021 0.900838 1.684063 0.000000 0.000000 0.000000 1.000000
0.875361 -0.332935 -0.350567 -0.017346 0.232941 0.925831 -0.297616 56.283852 0.423653 0.178860 0.887991 1.482482 0.000000 0.000000 0.000000 1.000000
0.867284 -0.310317 -0.389257 0.157766 0.212651 0.937944 -0.273937 58.064369 0.450109 0.154805 0.879453 1.258024 0.000000 0.000000 0.000000 1.000000
0.860953 -0.282158 -0.423258 0.048077 0.187021 0.949363 -0.252456 61.159172 0.473057 0.138195 0.870126 1.081392 0.000000 0.000000 0.000000 1.000000
0.857423 -0.246517 -0.451726 -0.285148 0.152602 0.960113 -0.234300 65.169922 0.491466 0.131960 0.860841 0.948573 0.000000 0.000000 0.000000 1.000000
0.847774 -0.210013 -0.487005 -0.604227 0.122173 0.970894 -0.206005 69.680183 0.516095 0.115147 0.848757 0.728162 0.000000 0.000000 0.000000 1.000000
0.831939 -0.179612 -0.524992 -0.783613 0.098751 0.978982 -0.178445 74.314392 0.546009 0.096612 0.832190 0.472617 0.000000 0.000000 0.000000 1.000000
0.816050 -0.147655 -0.558802 -0.814901 0.074087 0.985565 -0.152227 78.631714 0.573213 0.082825 0.815210 0.227747 0.000000 0.000000 0.000000 1.000000
0.799108 -0.114895 -0.590106 -0.787932 0.052946 0.991204 -0.121291 82.272324 0.598851 0.065681 0.798163 0.015482 0.000000 0.000000 0.000000 1.000000
0.781396 -0.081649 -0.618671 -0.767013 0.035397 0.995606 -0.086688 84.987061 0.623031 0.045839 0.780853 -0.137574 0.000000 0.000000 0.000000 1.000000
0.765400 -0.046149 -0.641897 -0.694666 0.019567 0.998633 -0.048464 86.773689 0.643257 0.024534 0.765257 -0.307080 0.000000 0.000000 0.000000 1.000000
0.750931 -0.013151 -0.660250 -0.549661 0.010001 0.999914 -0.008543 87.794891 0.660305 -0.000188 0.750997 -0.473406 0.000000 0.000000 0.000000 1.000000
0.741025 0.008885 -0.671419 -0.408539 0.006657 0.999766 0.020576 88.179756 0.671444 -0.019717 0.740793 -0.560446 0.000000 0.000000 0.000000 1.000000
0.736216 0.020586 -0.676433 -0.320818 0.005479 0.999323 0.036376 88.299957 0.676724 -0.030487 0.735605 -0.595772 0.000000 0.000000 0.000000 1.000000
0.733666 0.027527 -0.678953 -0.265165 0.004875 0.998940 0.045768 88.349998 0.679493 -0.036889 0.732754 -0.613242 0.000000 0.000000 0.000000 1.000000
0.731290 0.035273 -0.681154 -0.199913 0.004250 0.998407 0.056264 88.385406 0.682053 -0.044040 0.729975 -0.626574 0.000000 0.000000 0.000000 1.000000
0.729567 0.042164 -0.682609 -0.141743 0.003661 0.997843 0.065549 88.407280 0.683900 -0.050321 0.727839 -0.632541 0.000000 0.000000 0.000000 1.000000
0.728996 0.046425 -0.682942 -0.108082 0.003219 0.997454 0.071240 88.414581 0.684510 -0.054132 0.726991 -0.626647 0.000000 0.000000 0.000000 1.000000
0.728968 0.051130 -0.682636 -0.077200 0.002657 0.996988 0.077513 88.421661 0.684543 -0.058318 0.726636 -0.603112 0.000000 0.000000 0.000000 1.000000</float_array><technique_common><accessor source="#Hips-Matrix-animation-output-transform-array" count="33" stride="16"><param type="float4x4"/></accessor></technique_common></source><source id="Hips-Interpolations"><Name_array id="Hips-Interpolations-array" count="33">
 LINEAR LINEAR LINEAR LINEAR LINEAR LINEAR LINEAR LINEAR LINEAR LINEAR LINEAR
LINEAR LINEAR LINEAR LINEAR LINEAR LINEAR LINEAR LINEAR LINEAR LINEAR LINEAR LINEAR
LINEAR LINEAR LINEAR LINEAR LINEAR LINEAR LINEAR LINEAR LINEAR LINEAR</Name_array><technique_common><accessor source="#Hips-Interpolations-array" count="33"><param type="name"/></accessor></technique_common></source><sampler id="Hips-Matrix-animation-transform"><input semantic="INPUT" source="#Hips-Matrix-animation-input"/><input semantic="OUTPUT" source="#Hips-Matrix-animation-output-transform"/><input semantic="INTERPOLATION" source="#Hips-Interpolations"/></sampler><channel source="#Hips-Matrix-animation-transform" target="Hips/matrix"/></animation>
    <animation id="Spine-anim" name="Spine"><source id="Spine-Matrix-animation-input"><float_array id="Spine-Matrix-animation-input-array" count="33">

0.000000 0.033333 0.066667 0.100000 0.133333 0.166667 0.200000 0.233333 0.266667 0.300000 0.333333 0.366667 0.400000 0.433333 0.466667 0.500000
0.533333 0.566667 0.600000 0.633333 0.666667 0.700000 0.733333 0.766667 0.800000 0.833333 0.866667 0.900000 0.933333 0.966667 1.000000 1.033333
1.066667</float_array><technique_common><accessor source="#Spine-Matrix-animation-input-array" count="33"><param name="TIME" type="float"/></accessor></technique_common></source><source id="Spine-Matrix-animation-output-transform"><float_array id="Spine-Matrix-animation-output-transform-array" count="528">

0.997591 0.068600 -0.010307 0.017300 -0.068958 0.964475 -0.255016 10.574800 -0.007553 0.255112 0.966882 -1.117200 0.000000 0.000000 0.000000 1.000000
0.998033 0.061528 -0.012023 0.017300 -0.062574 0.965891 -0.251275 10.574800 -0.003848 0.251533 0.967841 -1.117200 0.000000 0.000000 0.000000 1.000000
0.998492 0.053431 -0.012606 0.017300 -0.054897 0.970332 -0.235463 10.574800 -0.000349 0.235800 0.971802 -1.117200 0.000000 0.000000 0.000000 1.000000
0.998892 0.044688 -0.014745 0.017300 -0.046790 0.976548 -0.210155 10.574800 0.005008 0.210612 0.977557 -1.117200 0.000000 0.000000 0.000000 1.000000
0.999196 0.035687 -0.018247 0.017300 -0.038371 0.983261 -0.178115 10.574800 0.011585 0.178672 0.983840 -1.117200 0.000000 0.000000 0.000000 1.000000
0.999475 0.027924 -0.016458 0.017300 -0.029994 0.989263 -0.143032 10.574800 0.012287 0.143451 0.989581 -1.117200 0.000000 0.000000 0.000000 1.000000
0.999711 0.021689 -0.010329 0.017300 -0.022749 0.992876 -0.116957 10.574800 0.007718 0.117158 0.993083 -1.117200 0.000000 0.000000 0.000000 1.000000
0.999868 0.015388 -0.005288 0.017300 -0.015831 0.995089 -0.097711 10.574800 0.003759 0.097782 0.995201 -1.117200 0.000000 0.000000 0.000000 1.000000
0.999961 0.008644 -0.001965 0.017300 -0.008787 0.995825 -0.090858 10.574800 0.001172 0.090872 0.995862 -1.117200 0.000000 0.000000 0.000000 1.000000
0.999994 0.003518 0.000580 0.017300 -0.003444 0.995218 -0.097615 10.574800 -0.000920 0.097613 0.995224 -1.117200 0.000000 0.000000 0.000000 1.000000
0.999926 0.007540 0.009532 0.017300 -0.006394 0.993345 -0.115002 10.574800 -0.010335 0.114933 0.993319 -1.117200 0.000000 0.000000 0.000000 1.000000
0.999865 0.010934 0.012277 0.017300 -0.009158 0.990606 -0.136438 10.574800 -0.013653 0.136307 0.990572 -1.117200 0.000000 0.000000 0.000000 1.000000
0.999871 0.006311 0.014784 0.017300 -0.003860 0.987058 -0.160318 10.574800 -0.015604 0.160240 0.986955 -1.117200 0.000000 0.000000 0.000000 1.000000
0.999805 -0.001782 0.019653 0.017300 0.005398 0.982626 -0.185518 10.574800 -0.018981 0.185588 0.982444 -1.117200 0.000000 0.000000 0.000000 1.000000
0.999695 -0.010041 0.022563 0.017300 0.014426 0.978972 -0.203485 10.574800 -0.020046 0.203749 0.978818 -1.117200 0.000000 0.000000 0.000000 1.000000
0.999463 -0.018807 0.026825 0.017300 0.024195 0.975795 -0.217345 10.574800 -0.022088 0.217877 0.975726 -1.117200 0.000000 0.000000 0.000000 1.000000
0.999159 -0.024877 0.032585 0.017300 0.031662 0.973166 -0.227916 10.574800 -0.026041 0.228756 0.973135 -1.117200 0.000000 0.000000 0.000000 1.000000
0.998957 -0.027425 0.036518 0.017300 0.035019 0.973261 -0.227018 10.574800 -0.029315 0.228060 0.973206 -1.117200 0.000000 0.000000 0.000000 1.000000
0.998736 -0.029000 0.041065 0.017300 0.037250 0.975439 -0.217097 10.574800 -0.033761 0.218353 0.975286 -1.117200 0.000000 0.000000 0.000000 1.000000
0.998620 -0.026095 0.045586 0.017300 0.034875 0.978362 -0.203942 10.574800 -0.039278 0.205250 0.977921 -1.117200 0.000000 0.000000 0.000000 1.000000
0.998568 -0.020634 0.049355 0.017300 0.029593 0.981658 -0.188339 10.574800 -0.044564 0.189530 0.980863 -1.117200 0.000000 0.000000 0.000000 1.000000
0.998401 -0.015842 0.054257 0.017300 0.025012 0.984645 -0.172767 10.574800 -0.050687 0.173848 0.983467 -1.117200 0.000000 0.000000 0.000000 1.000000
0.998123 -0.010369 0.060363 0.017300 0.019910 0.986967 -0.159687 10.574800 -0.057920 0.160589 0.985321 -1.117200 0.000000 0.000000 0.000000 1.000000
0.997770 -0.004665 0.066578 0.017300 0.014454 0.988984 -0.147316 10.574800 -0.065157 0.147950 0.986846 -1.117200 0.000000 0.000000 0.000000 1.000000
0.997438 0.000494 0.071540 0.017300 0.009109 0.990960 -0.133850 10.574800 -0.070959 0.134158 0.988416 -1.117200 0.000000 0.000000 0.000000 1.000000
0.997119 0.006084 0.075614 0.017300 0.003144 0.992607 -0.121331 10.574800 -0.075793 0.121219 0.989728 -1.117200 0.000000 0.000000 0.000000 1.000000
0.996841 0.011020 0.078661 0.017300 -0.002041 0.993555 -0.113330 10.574800 -0.079403 0.112811 0.990439 -1.117200 0.000000 0.000000 0.000000 1.000000
0.996675 0.014617 0.080156 0.017300 -0.005785 0.993988 -0.109334 10.574800 -0.081272 0.108507 0.990768 -1.117200 0.000000 0.000000 0.000000 1.000000
0.996582 0.017333 0.080774 0.017300 -0.008605 0.994203 -0.107173 10.574800 -0.082164 0.106111 0.990954 -1.117200 0.000000 0.000000 0.000000 1.000000
0.996517 0.019483 0.081087 0.017300 -0.010895 0.994409 -0.105030 10.574800 -0.082680 0.103780 0.991158 -1.117200 0.000000 0.000000 0.000000 1.000000
0.996468 0.021017 0.081296 0.017300 -0.012565 0.994589 -0.103121 10.574800 -0.083024 0.101736 0.991341 -1.117200 0.000000 0.000000 0.000000 1.000000
0.996448 0.021802 0.081337 0.017300 -0.013437 0.994692 -0.102015 10.574800 -0.083130 0.100559 0.991452 -1.117200 0.000000 0.000000 0.000000 1.000000
0.996468 0.021749 0.081106 0.017300 -0.013462 0.994759 -0.101353 10.574800 -0.082885 0.099903 0.991539 -1.117200 0.000000 0.000000 0.000000 1.000000</float_array><technique_common><accessor source="#Spine-Matrix-animation-output-transform-array" count="33" stride="16"><param type="float4x4"/></accessor></technique_common></source><source id="Spine-Interpolations"><Name_array id="Spine-Interpolations-array" count="33">
 LINEAR LINEAR LINEAR LINEAR LINEAR LINEAR LINEAR LINEAR LINEAR LINEAR LINEAR
LINEAR LINEAR LINEAR LINEAR LINEAR LINEAR LINEAR LINEAR LINEAR LINEAR LINEAR LINEAR
LINEAR LINEAR LINEAR LINEAR LINEAR LINEAR LINEAR LINEAR LINEAR LINEAR</Name_array><technique_common><accessor source="#Spine-Interpolations-array" count="33"><param type="name"/></accessor></technique_common></source><sampler id="Spine-Matrix-animation-transform"><input semantic="INPUT" source="#Spine-Matrix-animation-input"/><input semantic="OUTPUT" source="#Spine-Matrix-animation-output-transform"/><input semantic="INTERPOLATION" source="#Spine-Interpolations"/></sampler><channel source="#Spine-Matrix-animation-transform" target="Spine/matrix"/></animation>
    <animation id="Spine1-anim" name="Spine1"><source id="Spine1-Matrix-animation-input"><float_array id="Spine1-Matrix-animation-input-array" count="33">

0.000000 0.033333 0.066667 0.100000 0.133333 0.166667 0.200000 0.233333 0.266667 0.300000 0.333333 0.366667 0.400000 0.433333 0.466667 0.500000
0.533333 0.566667 0.600000 0.633333 0.666667 0.700000 0.733333 0.766667 0.800000 0.833333 0.866667 0.900000 0.933333 0.966667 1.000000 1.033333
1.066667</float_array><technique_common><accessor source="#Spine1-Matrix-animation-input-array" count="33"><param name="TIME" type="float"/></accessor></technique_common></source><source id="Spine1-Matrix-animation-output-transform"><float_array id="Spine1-Matrix-animation-output-transform-array" count="528">

0.992710 0.116719 -0.030048 0.019000 -0.116320 0.862549 -0.492422 12.337300 -0.031557 0.492327 0.869838 -1.303400 0.000000 0.000000 0.000000 1.000000
0.994241 0.102314 -0.031891 0.019000 -0.104882 0.867783 -0.485749 12.337300 -0.022024 0.486296 0.873516 -1.303400 0.000000 0.000000 0.000000 1.000000
0.995958 0.084561 -0.030285 0.019000 -0.089033 0.884882 -0.457227 12.337300 -0.011865 0.458075 0.888834 -1.303400 0.000000 0.000000 0.000000 1.000000
0.997346 0.065406 -0.031995 0.019000 -0.072778 0.908887 -0.410643 12.337300 0.002221 0.411882 0.911235 -1.303400 0.000000 0.000000 0.000000 1.000000
0.998193 0.047042 -0.037380 0.019000 -0.057178 0.934854 -0.350398 12.337300 0.018461 0.351903 0.935855 -1.303400 0.000000 0.000000 0.000000 1.000000
0.998845 0.033955 -0.033992 0.019000 -0.042206 0.958155 -0.283123 12.337300 0.022956 0.284230 0.958481 -1.303400 0.000000 0.000000 0.000000 1.000000
0.999398 0.026030 -0.022928 0.019000 -0.030651 0.972150 -0.232346 12.337300 0.016241 0.232908 0.972363 -1.303400 0.000000 0.000000 0.000000 1.000000
0.999742 0.018761 -0.012822 0.019000 -0.020898 0.980676 -0.194519 12.337300 0.008925 0.194737 0.980815 -1.303400 0.000000 0.000000 0.000000 1.000000
0.999879 0.014260 -0.006217 0.019000 -0.015150 0.983374 -0.180956 12.337300 0.003533 0.181028 0.983472 -1.303400 0.000000 0.000000 0.000000 1.000000
0.999914 0.012883 -0.002612 0.019000 -0.013145 0.980861 -0.194267 12.337300 0.000059 0.194285 0.980945 -1.303400 0.000000 0.000000 0.000000 1.000000
0.999795 0.015811 0.012674 0.019000 -0.012497 0.973459 -0.228522 12.337300 -0.015951 0.228316 0.973456 -1.303400 0.000000 0.000000 0.000000 1.000000
0.999733 0.015609 0.017059 0.019000 -0.010419 0.962713 -0.270323 12.337300 -0.020642 0.270073 0.962619 -1.303400 0.000000 0.000000 0.000000 1.000000
0.999742 0.002290 0.022616 0.019000 0.004984 0.948627 -0.316356 12.337300 -0.022178 0.316387 0.948371 -1.303400 0.000000 0.000000 0.000000 1.000000
0.999330 -0.014946 0.033418 0.019000 0.026102 0.930959 -0.364189 12.337300 -0.025667 0.364817 0.930725 -1.303400 0.000000 0.000000 0.000000 1.000000
0.998648 -0.031689 0.041211 0.019000 0.045492 0.916374 -0.397731 12.337300 -0.025160 0.399068 0.916576 -1.303400 0.000000 0.000000 0.000000 1.000000
0.997459 -0.048185 0.052479 0.019000 0.065915 0.903690 -0.423083 12.337300 -0.027038 0.425467 0.904570 -1.303400 0.000000 0.000000 0.000000 1.000000
0.996106 -0.058012 0.066383 0.019000 0.081482 0.893295 -0.442022 12.337300 -0.033657 0.445710 0.894544 -1.303400 0.000000 0.000000 0.000000 1.000000
0.995252 -0.061088 0.075778 0.019000 0.088352 0.893646 -0.439990 12.337300 -0.040841 0.444596 0.894800 -1.303400 0.000000 0.000000 0.000000 1.000000
0.994409 -0.061930 0.085533 0.019000 0.092426 0.902191 -0.421318 12.337300 -0.051075 0.426867 0.902871 -1.303400 0.000000 0.000000 0.000000 1.000000
0.994134 -0.053873 0.093784 0.019000 0.086948 0.913800 -0.396748 12.337300 -0.064325 0.402575 0.913124 -1.303400 0.000000 0.000000 0.000000 1.000000
0.994131 -0.041140 0.100058 0.019000 0.075356 0.926932 -0.367585 12.337300 -0.077624 0.372967 0.924592 -1.303400 0.000000 0.000000 0.000000 1.000000
0.993664 -0.029131 0.108552 0.019000 0.064471 0.938860 -0.338208 12.337300 -0.092063 0.343063 0.934790 -1.303400 0.000000 0.000000 0.000000 1.000000
0.992720 -0.015554 0.119436 0.019000 0.052565 0.948155 -0.313432 12.337300 -0.108369 0.317428 0.942070 -1.303400 0.000000 0.000000 0.000000 1.000000
0.991425 -0.001791 0.130665 0.019000 0.039943 0.956204 -0.289964 12.337300 -0.124423 0.292696 0.948076 -1.303400 0.000000 0.000000 0.000000 1.000000
0.990145 0.010306 0.139665 0.019000 0.027250 0.964047 -0.264330 12.337300 -0.137368 0.265531 0.954266 -1.303400 0.000000 0.000000 0.000000 1.000000
0.988862 0.021985 0.147206 0.019000 0.014211 0.970566 -0.240415 12.337300 -0.148158 0.239829 0.959443 -1.303400 0.000000 0.000000 0.000000 1.000000
0.987733 0.031882 0.152861 0.019000 0.003399 0.974313 -0.225174 12.337300 -0.156113 0.222932 0.962253 -1.303400 0.000000 0.000000 0.000000 1.000000
0.987059 0.039018 0.155539 0.019000 -0.004286 0.976018 -0.217646 12.337300 -0.160301 0.214163 0.963555 -1.303400 0.000000 0.000000 0.000000 1.000000
0.986674 0.044385 0.156539 0.019000 -0.010050 0.976861 -0.213638 12.337300 -0.162399 0.209218 0.964290 -1.303400 0.000000 0.000000 0.000000 1.000000
0.986401 0.048605 0.157008 0.019000 -0.014809 0.977670 -0.209622 12.337300 -0.163690 0.204447 0.965094 -1.303400 0.000000 0.000000 0.000000 1.000000
0.986196 0.051611 0.157336 0.019000 -0.018335 0.978377 -0.206017 12.337300 -0.164566 0.200288 0.965817 -1.303400 0.000000 0.000000 0.000000 1.000000
0.986106 0.053162 0.157380 0.019000 -0.020222 0.978779 -0.203920 12.337300 -0.164881 0.197904 0.966255 -1.303400 0.000000 0.000000 0.000000 1.000000
0.986177 0.053091 0.156961 0.019000 -0.020456 0.979041 -0.202631 12.337300 -0.164429 0.196620 0.966594 -1.303400 0.000000 0.000000 0.000000 1.000000</float_array><technique_common><accessor source="#Spine1-Matrix-animation-output-transform-array" count="33" stride="16"><param type="float4x4"/></accessor></technique_common></source><source id="Spine1-Interpolations"><Name_array id="Spine1-Interpolations-array" count="33">
 LINEAR LINEAR LINEAR LINEAR LINEAR LINEAR LINEAR LINEAR LINEAR LINEAR LINEAR
LINEAR LINEAR LINEAR LINEAR LINEAR LINEAR LINEAR LINEAR LINEAR LINEAR LINEAR LINEAR
LINEAR LINEAR LINEAR LINEAR LINEAR LINEAR LINEAR LINEAR LINEAR LINEAR</Name_array><technique_common><accessor source="#Spine1-Interpolations-array" count="33"><param type="name"/></accessor></technique_common></source><sampler id="Spine1-Matrix-animation-transform"><input semantic="INPUT" source="#Spine1-Matrix-animation-input"/><input semantic="OUTPUT" source="#Spine1-Matrix-animation-output-transform"/><input semantic="INTERPOLATION" source="#Spine1-Interpolations"/></sampler><channel source="#Spine1-Matrix-animation-transform" target="Spine1/matrix"/></animation>
    <animation id="Spine2-anim" name="Spine2"><source id="Spine2-Matrix-animation-input"><float_array id="Spine2-Matrix-animation-input-array" count="33">

0.000000 0.033333 0.066667 0.100000 0.133333 0.166667 0.200000 0.233333 0.266667 0.300000 0.333333 0.366667 0.400000 0.433333 0.466667 0.500000
0.533333 0.566667 0.600000 0.633333 0.666667 0.700000 0.733333 0.766667 0.800000 0.833333 0.866667 0.900000 0.933333 0.966667 1.000000 1.033333
1.066667</float_array><technique_common><accessor source="#Spine2-Matrix-animation-input-array" count="33"><param name="TIME" type="float"/></accessor></technique_common></source><source id="Spine2-Matrix-animation-output-transform"><float_array id="Spine2-Matrix-animation-output-transform-array" count="528">

0.992710 0.116719 -0.030048 0.021700 -0.116320 0.862549 -0.492422 14.099800 -0.031557 0.492328 0.869838 -1.489600 0.000000 0.000000 0.000000 1.000000
0.994241 0.102314 -0.031891 0.021700 -0.104882 0.867783 -0.485749 14.099800 -0.022024 0.486297 0.873516 -1.489600 0.000000 0.000000 0.000000 1.000000
0.995958 0.084561 -0.030284 0.021700 -0.089033 0.884882 -0.457227 14.099800 -0.011865 0.458075 0.888834 -1.489600 0.000000 0.000000 0.000000 1.000000
0.997346 0.065406 -0.031995 0.021700 -0.072778 0.908887 -0.410643 14.099800 0.002221 0.411882 0.911235 -1.489600 0.000000 0.000000 0.000000 1.000000
0.998193 0.047042 -0.037380 0.021700 -0.057178 0.934854 -0.350398 14.099800 0.018461 0.351903 0.935855 -1.489600 0.000000 0.000000 0.000000 1.000000
0.998845 0.033955 -0.033992 0.021700 -0.042206 0.958155 -0.283123 14.099800 0.022956 0.284230 0.958481 -1.489600 0.000000 0.000000 0.000000 1.000000
0.999398 0.026030 -0.022928 0.021700 -0.030651 0.972150 -0.232345 14.099800 0.016241 0.232908 0.972363 -1.489600 0.000000 0.000000 0.000000 1.000000
0.999742 0.018761 -0.012822 0.021700 -0.020898 0.980676 -0.194519 14.099800 0.008925 0.194737 0.980815 -1.489600 0.000000 0.000000 0.000000 1.000000
0.999879 0.014260 -0.006217 0.021700 -0.015150 0.983374 -0.180956 14.099800 0.003533 0.181028 0.983472 -1.489600 0.000000 0.000000 0.000000 1.000000
0.999914 0.012883 -0.002612 0.021700 -0.013145 0.980861 -0.194267 14.099800 0.000059 0.194285 0.980945 -1.489600 0.000000 0.000000 0.000000 1.000000
0.999795 0.015811 0.012674 0.021700 -0.012497 0.973459 -0.228521 14.099800 -0.015951 0.228316 0.973456 -1.489600 0.000000 0.000000 0.000000 1.000000
0.999733 0.015609 0.017058 0.021700 -0.010419 0.962713 -0.270323 14.099800 -0.020642 0.270073 0.962619 -1.489600 0.000000 0.000000 0.000000 1.000000
0.999742 0.002290 0.022616 0.021700 0.004984 0.948627 -0.316356 14.099800 -0.022178 0.316387 0.948371 -1.489600 0.000000 0.000000 0.000000 1.000000
0.999330 -0.014946 0.033418 0.021700 0.026102 0.930959 -0.364189 14.099800 -0.025667 0.364817 0.930725 -1.489600 0.000000 0.000000 0.000000 1.000000
0.998648 -0.031689 0.041211 0.021700 0.045492 0.916374 -0.397730 14.099800 -0.025161 0.399067 0.916576 -1.489600 0.000000 0.000000 0.000000 1.000000
0.997459 -0.048185 0.052479 0.021700 0.065915 0.903690 -0.423083 14.099800 -0.027038 0.425467 0.904570 -1.489600 0.000000 0.000000 0.000000 1.000000
0.996106 -0.058012 0.066383 0.021700 0.081482 0.893295 -0.442023 14.099800 -0.033657 0.445711 0.894544 -1.489600 0.000000 0.000000 0.000000 1.000000
0.995252 -0.061088 0.075778 0.021700 0.088352 0.893646 -0.439990 14.099800 -0.040841 0.444596 0.894800 -1.489600 0.000000 0.000000 0.000000 1.000000
0.994409 -0.061930 0.085533 0.021700 0.092426 0.902191 -0.421318 14.099800 -0.051075 0.426868 0.902871 -1.489600 0.000000 0.000000 0.000000 1.000000
0.994134 -0.053873 0.093784 0.021700 0.086948 0.913800 -0.396748 14.099800 -0.064325 0.402575 0.913124 -1.489600 0.000000 0.000000 0.000000 1.000000
0.994131 -0.041140 0.100058 0.021700 0.075356 0.926932 -0.367584 14.099800 -0.077624 0.372967 0.924592 -1.489600 0.000000 0.000000 0.000000 1.000000
0.993664 -0.029131 0.108552 0.021700 0.064471 0.938861 -0.338207 14.099800 -0.092063 0.343063 0.934790 -1.489600 0.000000 0.000000 0.000000 1.000000
0.992720 -0.015554 0.119436 0.021700 0.052565 0.948155 -0.313432 14.099800 -0.108369 0.317428 0.942070 -1.489600 0.000000 0.000000 0.000000 1.000000
0.991425 -0.001791 0.130665 0.021700 0.039943 0.956204 -0.289963 14.099800 -0.124423 0.292696 0.948076 -1.489600 0.000000 0.000000 0.000000 1.000000
0.990145 0.010307 0.139665 0.021700 0.027250 0.964047 -0.264330 14.099800 -0.137368 0.265531 0.954266 -1.489600 0.000000 0.000000 0.000000 1.000000
0.988862 0.021985 0.147206 0.021700 0.014211 0.970566 -0.240415 14.099800 -0.148158 0.239829 0.959443 -1.489600 0.000000 0.000000 0.000000 1.000000
0.987733 0.031882 0.152861 0.021700 0.003399 0.974313 -0.225174 14.099800 -0.156114 0.222932 0.962253 -1.489600 0.000000 0.000000 0.000000 1.000000
0.987059 0.039018 0.155539 0.021700 -0.004286 0.976018 -0.217646 14.099800 -0.160301 0.214163 0.963555 -1.489600 0.000000 0.000000 0.000000 1.000000
0.986674 0.044386 0.156539 0.021700 -0.010050 0.976861 -0.213638 14.099800 -0.162400 0.209218 0.964290 -1.489600 0.000000 0.000000 0.000000 1.000000
0.986401 0.048605 0.157008 0.021700 -0.014809 0.977670 -0.209622 14.099800 -0.163691 0.204447 0.965094 -1.489600 0.000000 0.000000 0.000000 1.000000
0.986196 0.051611 0.157336 0.021700 -0.018335 0.978377 -0.206017 14.099800 -0.164566 0.200288 0.965817 -1.489600 0.000000 0.000000 0.000000 1.000000
0.986106 0.053162 0.157380 0.021700 -0.020222 0.978779 -0.203920 14.099800 -0.164881 0.197904 0.966255 -1.489600 0.000000 0.000000 0.000000 1.000000
0.986177 0.053091 0.156961 0.021700 -0.020456 0.979041 -0.202631 14.099800 -0.164429 0.196620 0.966594 -1.489600 0.000000 0.000000 0.000000 1.000000</float_array><technique_common><accessor source="#Spine2-Matrix-animation-output-transform-array" count="33" stride="16"><param type="float4x4"/></accessor></technique_common></source><source id="Spine2-Interpolations"><Name_array id="Spine2-Interpolations-array" count="33">
 LINEAR LINEAR LINEAR LINEAR LINEAR LINEAR LINEAR LINEAR LINEAR LINEAR LINEAR
LINEAR LINEAR LINEAR LINEAR LINEAR LINEAR LINEAR LINEAR LINEAR LINEAR LINEAR LINEAR
LINEAR LINEAR LINEAR LINEAR LINEAR LINEAR LINEAR LINEAR LINEAR LINEAR</Name_array><technique_common><accessor source="#Spine2-Interpolations-array" count="33"><param type="name"/></accessor></technique_common></source><sampler id="Spine2-Matrix-animation-transform"><input semantic="INPUT" source="#Spine2-Matrix-animation-input"/><input semantic="OUTPUT" source="#Spine2-Matrix-animation-output-transform"/><input semantic="INTERPOLATION" source="#Spine2-Interpolations"/></sampler><channel source="#Spine2-Matrix-animation-transform" target="Spine2/matrix"/></animation>
    <animation id="Neck-anim" name="Neck"><source id="Neck-Matrix-animation-input"><float_array id="Neck-Matrix-animation-input-array" count="33">

0.000000 0.033333 0.066667 0.100000 0.133333 0.166667 0.200000 0.233333 0.266667 0.300000 0.333333 0.366667 0.400000 0.433333 0.466667 0.500000
0.533333 0.566667 0.600000 0.633333 0.666667 0.700000 0.733333 0.766667 0.800000 0.833333 0.866667 0.900000 0.933333 0.966667 1.000000 1.033333
1.066667</float_array><technique_common><accessor source="#Neck-Matrix-animation-input-array" count="33"><param name="TIME" type="float"/></accessor></technique_common></source><source id="Neck-Matrix-animation-output-transform"><float_array id="Neck-Matrix-animation-output-transform-array" count="528">

0.990538 0.113187 0.077608 0.024400 -0.110959 0.993295 -0.032456 15.862300 -0.080761 0.023538 0.996455 -1.675800 0.000000 0.000000 0.000000 1.000000
0.988507 0.125015 0.084999 0.024400 -0.123741 0.992111 -0.020110 15.862300 -0.086842 0.009361 0.996178 -1.675800 0.000000 0.000000 0.000000 1.000000
0.989344 0.116420 0.087437 0.024400 -0.116591 0.993175 -0.003175 15.862300 -0.087210 -0.007054 0.996165 -1.675800 0.000000 0.000000 0.000000 1.000000
0.990607 0.103072 0.089858 0.024400 -0.105025 0.994319 0.017277 15.862300 -0.087567 -0.026552 0.995805 -1.675800 0.000000 0.000000 0.000000 1.000000
0.990866 0.096324 0.094372 0.024400 -0.100025 0.994359 0.035293 15.862300 -0.090440 -0.044410 0.994911 -1.675800 0.000000 0.000000 0.000000 1.000000
0.991499 0.089221 0.094706 0.024400 -0.094241 0.994298 0.049911 15.862300 -0.089713 -0.058412 0.994253 -1.675800 0.000000 0.000000 0.000000 1.000000
0.994240 0.067827 0.082987 0.024400 -0.073218 0.995277 0.063747 15.862300 -0.078272 -0.069456 0.994510 -1.675800 0.000000 0.000000 0.000000 1.000000
0.997485 0.037795 0.059960 0.024400 -0.042569 0.995849 0.080455 15.862300 -0.056671 -0.082806 0.994953 -1.675800 0.000000 0.000000 0.000000 1.000000
0.999117 0.024434 0.034167 0.024400 -0.028058 0.993540 0.109956 15.862300 -0.031260 -0.110817 0.993349 -1.675800 0.000000 0.000000 0.000000 1.000000
0.999191 0.038254 0.012388 0.024400 -0.039799 0.984826 0.168921 15.862300 -0.005738 -0.169277 0.985552 -1.675800 0.000000 0.000000 0.000000 1.000000
0.997983 0.063377 -0.003714 0.024400 -0.060403 0.965902 0.251764 15.862300 0.019544 -0.251032 0.967782 -1.675800 0.000000 0.000000 0.000000 1.000000
0.997253 0.071541 -0.019195 0.024400 -0.061054 0.940641 0.333866 15.862300 0.041941 -0.331777 0.942425 -1.675800 0.000000 0.000000 0.000000 1.000000
0.997659 0.054677 -0.041069 0.024400 -0.034320 0.919803 0.390877 15.862300 0.059147 -0.388552 0.919526 -1.675800 0.000000 0.000000 0.000000 1.000000
0.997084 0.033417 -0.068608 0.024400 -0.002115 0.910782 0.412881 15.862300 0.076284 -0.411532 0.908197 -1.675800 0.000000 0.000000 0.000000 1.000000
0.994988 0.028200 -0.095939 0.024400 0.013398 0.913169 0.407360 15.862300 0.099096 -0.406604 0.908214 -1.675800 0.000000 0.000000 0.000000 1.000000
0.991869 0.035400 -0.122244 0.024400 0.014914 0.921585 0.387891 15.862300 0.126390 -0.386560 0.913563 -1.675800 0.000000 0.000000 0.000000 1.000000
0.988078 0.040205 -0.148614 0.024400 0.015772 0.933786 0.357483 15.862300 0.153146 -0.355565 0.922019 -1.675800 0.000000 0.000000 0.000000 1.000000
0.984912 0.037010 -0.169049 0.024400 0.017673 0.950244 0.311005 15.862300 0.172148 -0.309301 0.935253 -1.675800 0.000000 0.000000 0.000000 1.000000
0.984250 0.028957 -0.174393 0.024400 0.015700 0.968277 0.249387 15.862300 0.176082 -0.248197 0.952572 -1.675800 0.000000 0.000000 0.000000 1.000000
0.986386 0.020560 -0.163156 0.024400 0.010092 0.982715 0.184851 15.862300 0.164136 -0.183981 0.969129 -1.675800 0.000000 0.000000 0.000000 1.000000
0.989496 0.014150 -0.143868 0.024400 0.004797 0.991436 0.130502 15.862300 0.144482 -0.129821 0.980954 -1.675800 0.000000 0.000000 0.000000 1.000000
0.992008 0.009922 -0.125782 0.024400 0.002058 0.995498 0.094761 15.862300 0.126156 -0.094263 0.987522 -1.675800 0.000000 0.000000 0.000000 1.000000
0.993886 0.006149 -0.110239 0.024400 0.002546 0.996907 0.078552 15.862300 0.110381 -0.078353 0.990796 -1.675800 0.000000 0.000000 0.000000 1.000000
0.995653 0.002109 -0.093113 0.024400 0.005149 0.996968 0.077639 15.862300 0.092995 -0.077781 0.992624 -1.675800 0.000000 0.000000 0.000000 1.000000
0.997312 -0.001014 -0.073267 0.024400 0.007343 0.996254 0.086162 15.862300 0.072905 -0.086468 0.993583 -1.675800 0.000000 0.000000 0.000000 1.000000
0.998489 -0.002438 -0.054902 0.024400 0.007747 0.995283 0.096707 15.862300 0.054407 -0.096986 0.993798 -1.675800 0.000000 0.000000 0.000000 1.000000
0.999099 -0.002598 -0.042364 0.024400 0.006905 0.994777 0.101839 15.862300 0.041878 -0.102040 0.993898 -1.675800 0.000000 0.000000 0.000000 1.000000
0.999364 -0.002144 -0.035596 0.024400 0.005664 0.995061 0.099107 15.862300 0.035208 -0.099246 0.994440 -1.675800 0.000000 0.000000 0.000000 1.000000
0.999503 -0.001512 -0.031483 0.024400 0.004412 0.995726 0.092255 15.862300 0.031209 -0.092348 0.995238 -1.675800 0.000000 0.000000 0.000000 1.000000
0.999612 -0.001063 -0.027820 0.024400 0.003450 0.996298 0.085896 15.862300 0.027625 -0.085958 0.995916 -1.675800 0.000000 0.000000 0.000000 1.000000
0.999694 -0.001081 -0.024694 0.024400 0.003082 0.996697 0.081152 15.862300 0.024525 -0.081203 0.996396 -1.675800 0.000000 0.000000 0.000000 1.000000
0.999737 -0.001805 -0.022862 0.024400 0.003572 0.996985 0.077506 15.862300 0.022653 -0.077568 0.996730 -1.675800 0.000000 0.000000 0.000000 1.000000
0.999743 -0.003438 -0.022413 0.024400 0.005113 0.997160 0.075132 15.862300 0.022091 -0.075228 0.996922 -1.675800 0.000000 0.000000 0.000000 1.000000</float_array><technique_common><accessor source="#Neck-Matrix-animation-output-transform-array" count="33" stride="16"><param type="float4x4"/></accessor></technique_common></source><source id="Neck-Interpolations"><Name_array id="Neck-Interpolations-array" count="33">
 LINEAR LINEAR LINEAR LINEAR LINEAR LINEAR LINEAR LINEAR LINEAR LINEAR LINEAR
LINEAR LINEAR LINEAR LINEAR LINEAR LINEAR LINEAR LINEAR LINEAR LINEAR LINEAR LINEAR
LINEAR LINEAR LINEAR LINEAR LINEAR LINEAR LINEAR LINEAR LINEAR LINEAR</Name_array><technique_common><accessor source="#Neck-Interpolations-array" count="33"><param type="name"/></accessor></technique_common></source><sampler id="Neck-Matrix-animation-transform"><input semantic="INPUT" source="#Neck-Matrix-animation-input"/><input semantic="OUTPUT" source="#Neck-Matrix-animation-output-transform"/><input semantic="INTERPOLATION" source="#Neck-Interpolations"/></sampler><channel source="#Neck-Matrix-animation-transform" target="Neck/matrix"/></animation>
    <animation id="Head-anim" name="Head"><source id="Head-Matrix-animation-input"><float_array id="Head-Matrix-animation-input-array" count="33">

0.000000 0.033333 0.066667 0.100000 0.133333 0.166667 0.200000 0.233333 0.266667 0.300000 0.333333 0.366667 0.400000 0.433333 0.466667 0.500000
0.533333 0.566667 0.600000 0.633333 0.666667 0.700000 0.733333 0.766667 0.800000 0.833333 0.866667 0.900000 0.933333 0.966667 1.000000 1.033333
1.066667</float_array><technique_common><accessor source="#Head-Matrix-animation-input-array" count="33"><param name="TIME" type="float"/></accessor></technique_common></source><source id="Head-Matrix-animation-output-transform"><float_array id="Head-Matrix-animation-output-transform-array" count="528">

0.991466 -0.026911 0.127560 0.000000 0.031816 0.998824 -0.036572 5.564000 -0.126426 0.040318 0.991156 0.988100 0.000000 0.000000 0.000000 1.000000
0.988986 -0.045308 0.140903 0.000000 0.052663 0.997414 -0.048910 5.564000 -0.138322 0.055792 0.988815 0.988100 0.000000 0.000000 0.000000 1.000000
0.986349 -0.036368 0.160602 0.000000 0.045329 0.997592 -0.052489 5.564000 -0.158306 0.059052 0.985623 0.988100 0.000000 0.000000 0.000000 1.000000
0.982658 -0.014862 0.184830 0.000000 0.028343 0.997108 -0.070513 5.564000 -0.183248 0.074529 0.980238 0.988100 0.000000 0.000000 0.000000 1.000000
0.977328 0.003082 0.211709 0.000000 0.022537 0.992699 -0.118491 5.564000 -0.210529 0.120576 0.970123 0.988100 0.000000 0.000000 0.000000 1.000000
0.972664 0.007924 0.232080 0.000000 0.038585 0.980010 -0.195172 5.564000 -0.228987 0.198791 0.952915 0.988100 0.000000 0.000000 0.000000 1.000000
0.971277 0.000521 0.237950 -0.000000 0.068989 0.956430 -0.283694 5.564000 -0.227731 0.291961 0.928923 0.988100 0.000000 0.000000 0.000000 1.000000
0.973895 -0.020894 0.226033 0.000000 0.102447 0.929033 -0.355531 5.564000 -0.202564 0.369407 0.906921 0.988100 0.000000 0.000000 0.000000 1.000000
0.980873 -0.057344 0.186009 0.000000 0.124416 0.919627 -0.372569 5.564000 -0.149694 0.388585 0.909172 0.988100 0.000000 0.000000 0.000000 1.000000
0.991710 -0.075679 0.103845 0.000000 0.102974 0.951478 -0.289975 5.564000 -0.076861 0.298264 0.951384 0.988100 0.000000 0.000000 0.000000 1.000000
0.998753 -0.049593 -0.005760 0.000000 0.048924 0.995174 -0.085059 5.564000 0.009951 0.084671 0.996359 0.988100 0.000000 0.000000 0.000000 1.000000
0.995900 0.009500 -0.089961 -0.000000 0.007102 0.983190 0.182449 5.564000 0.090182 -0.182340 0.979091 0.988100 0.000000 0.000000 0.000000 1.000000
0.992087 0.063019 -0.108591 0.000000 -0.016342 0.922362 0.385980 5.564000 0.124485 -0.381151 0.916094 0.988100 0.000000 0.000000 0.000000 1.000000
0.993078 0.086647 -0.079297 0.000000 -0.039019 0.880155 0.473080 5.564000 0.110784 -0.466712 0.877443 0.988100 0.000000 0.000000 0.000000 1.000000
0.995246 0.086842 -0.044094 0.000000 -0.055508 0.877764 0.475867 5.564000 0.080029 -0.471157 0.878411 0.988100 0.000000 0.000000 0.000000 1.000000
0.996524 0.080658 -0.020850 0.000000 -0.063272 0.895559 0.440421 5.564000 0.054196 -0.437571 0.897549 0.988100 0.000000 0.000000 0.000000 1.000000
0.997153 0.075366 -0.002404 -0.000000 -0.068217 0.915231 0.397112 5.564000 0.032129 -0.395817 0.917767 0.988100 0.000000 0.000000 0.000000 1.000000
0.997231 0.071022 0.022060 0.000000 -0.074217 0.931418 0.356305 5.564000 0.004759 -0.356955 0.934109 0.988100 0.000000 0.000000 0.000000 1.000000
0.995971 0.068108 0.058329 0.000000 -0.082858 0.947696 0.308231 5.564000 -0.034285 -0.311822 0.949522 0.988100 0.000000 0.000000 0.000000 1.000000
0.992248 0.064895 0.105988 0.000000 -0.089240 0.965601 0.244236 5.564000 -0.086492 -0.251801 0.963906 0.988100 0.000000 0.000000 0.000000 1.000000
0.985905 0.060618 0.155938 0.000000 -0.088348 0.980135 0.177565 5.564000 -0.142077 -0.188840 0.971676 0.988100 0.000000 0.000000 0.000000 1.000000
0.978748 0.055354 0.197454 0.000000 -0.082784 0.987587 0.133488 5.564000 -0.187614 -0.146997 0.971181 0.988100 0.000000 0.000000 0.000000 1.000000
0.971997 0.048697 0.229894 0.000000 -0.077958 0.989713 0.119965 5.564000 -0.221687 -0.134527 0.965794 0.988100 0.000000 0.000000 0.000000 1.000000
0.964713 0.039803 0.260277 0.000000 -0.074616 0.989312 0.125273 5.564000 -0.252509 -0.140274 0.957373 0.988100 0.000000 0.000000 0.000000 1.000000
0.956261 0.029521 0.291020 0.000000 -0.071936 0.988074 0.136146 5.564000 -0.283530 -0.151126 0.946980 0.988100 0.000000 0.000000 0.000000 1.000000
0.948275 0.020508 0.316786 0.000000 -0.069865 0.986926 0.145246 5.564000 -0.309666 -0.159866 0.937310 0.988100 0.000000 0.000000 0.000000 1.000000
0.943051 0.014433 0.332335 -0.000000 -0.067177 0.986738 0.147770 5.564000 -0.325795 -0.161679 0.931513 0.988100 0.000000 0.000000 0.000000 1.000000
0.940807 0.010540 0.338779 0.000000 -0.062267 0.987880 0.142185 5.564000 -0.333175 -0.154863 0.930060 0.988100 0.000000 0.000000 0.000000 1.000000
0.939905 0.007577 0.341352 0.000000 -0.055881 0.989687 0.131899 5.564000 -0.336832 -0.143047 0.930635 0.988100 0.000000 0.000000 0.000000 1.000000
0.939057 0.005373 0.343719 -0.000000 -0.050152 0.991321 0.121522 5.564000 -0.340083 -0.131354 0.931177 0.988100 0.000000 0.000000 0.000000 1.000000
0.938180 0.004269 0.346123 0.000000 -0.046212 0.992518 0.113019 5.564000 -0.343050 -0.122027 0.931357 0.988100 0.000000 0.000000 0.000000 1.000000
0.937536 0.004489 0.347860 -0.000000 -0.044269 0.993328 0.106492 5.564000 -0.345061 -0.115239 0.931479 0.988100 0.000000 0.000000 0.000000 1.000000
0.937032 0.006188 0.349190 -0.000000 -0.044709 0.993742 0.102364 5.564000 -0.346371 -0.111530 0.931444 0.988100 0.000000 0.000000 0.000000 1.000000</float_array><technique_common><accessor source="#Head-Matrix-animation-output-transform-array" count="33" stride="16"><param type="float4x4"/></accessor></technique_common></source><source id="Head-Interpolations"><Name_array id="Head-Interpolations-array" count="33">
 LINEAR LINEAR LINEAR LINEAR LINEAR LINEAR LINEAR LINEAR LINEAR LINEAR LINEAR
LINEAR LINEAR LINEAR LINEAR LINEAR LINEAR LINEAR LINEAR LINEAR LINEAR LINEAR LINEAR
