<?xml version="1.0" encoding="utf-8"?>
<COLLADA xmlns="http://www.collada.org/2005/11/COLLADASchema" version="1.4.1">
  <asset><contributor><author>Mixamo</author><authoring_tool>COLLADA Mixamo exporter</authoring_tool><comments></comments></contributor><created>2018-12-17T13:59:42Z</created><modified>2018-12-17T13:59:42Z</modified><revision></revision><title></title><unit meter="0.010000"/><up_axis>Y_UP</up_axis></asset>
  <library_animations>
    <animation id="Hips-anim" name="Hips"><source id="Hips-Matrix-animation-input"><float_array id="Hips-Matrix-animation-input-array" count="39">

0.000000 0.033333 0.066667 0.100000 0.133333 0.166667 0.200000 0.233333 0.266667 0.300000 0.333333 0.366667 0.400000 0.433333 0.466667 0.500000
0.533333 0.566667 0.600000 0.633333 0.666667 0.700000 0.733333 0.766667 0.800000 0.833333 0.866667 0.900000 0.933333 0.966667 1.000000 1.033333
1.066667 1.100000 1.133333 1.166667 1.200000 1.233333 1.266667</float_array><technique_common><accessor source="#Hips-Matrix-animation-input-array" count="39"><param name="TIME" type="float"/></accessor></technique_common></source><source id="Hips-Matrix-animation-output-transform"><float_array id="Hips-Matrix-animation-output-transform-array" count="624">

0.467817 -0.083849 -0.879839 0.854573 0.030345 0.996426 -0.078825 85.738464 0.883304 0.010177 0.468690 -0.473028 0.000000 0.000000 0.000000 1.000000
0.470357 -0.073433 -0.879415 0.747190 0.025399 0.997245 -0.069687 85.876442 0.882110 0.010442 0.470927 -0.438817 0.000000 0.000000 0.000000 1.000000
0.481079 -0.062662 -0.874435 0.652912 0.016025 0.997904 -0.062693 86.234909 0.876531 0.016148 0.481075 -0.659641 0.000000 0.000000 0.000000 1.000000
0.497532 -0.053480 -0.865795 0.943756 -0.001044 0.998060 -0.062250 86.760132 0.867445 0.031875 0.496511 -1.513603 0.000000 0.000000 0.000000 1.000000
0.515764 -0.047629 -0.855406 1.537791 -0.031840 0.996698 -0.074694 87.392906 0.856139 0.065760 0.512544 -2.905838 0.000000 0.000000 0.000000 1.000000
0.519376 -0.046015 -0.853306 2.185980 -0.069183 0.993007 -0.095658 88.014488 0.851741 0.108717 0.512561 -4.423708 0.000000 0.000000 0.000000 1.000000
0.509206 -0.050792 -0.859145 2.828335 -0.091473 0.989409 -0.112708 88.547699 0.855770 0.135980 0.499167 -5.908490 0.000000 0.000000 0.000000 1.000000
0.504211 -0.063394 -0.861251 3.416672 -0.091656 0.987741 -0.126364 88.843040 0.858703 0.142653 0.492219 -7.151281 0.000000 0.000000 0.000000 1.000000
0.513244 -0.091133 -0.853391 3.862844 -0.068998 0.986746 -0.146871 88.516991 0.855465 0.134263 0.500154 -8.038282 0.000000 0.000000 0.000000 1.000000
0.526667 -0.106243 -0.843406 4.158830 -0.049742 0.986607 -0.155344 87.896385 0.848615 0.123767 0.514329 -8.776814 0.000000 0.000000 0.000000 1.000000
0.537702 -0.100140 -0.837167 4.198712 -0.042821 0.988397 -0.145734 87.220154 0.842047 0.114210 0.527175 -9.606463 0.000000 0.000000 0.000000 1.000000
0.534812 -0.090996 -0.840057 3.939934 -0.035609 0.990874 -0.130003 86.816238 0.844220 0.099441 0.526691 -10.449893 0.000000 0.000000 0.000000 1.000000
0.528180 -0.085762 -0.844791 3.556463 -0.029773 0.992404 -0.119361 86.689636 0.848610 0.088196 0.521615 -11.109226 0.000000 0.000000 0.000000 1.000000
0.521591 -0.081459 -0.849298 3.044399 -0.023937 0.993643 -0.110004 86.891830 0.852860 0.077707 0.516325 -11.571048 0.000000 0.000000 0.000000 1.000000
0.515019 -0.077940 -0.853628 2.565262 -0.018224 0.994637 -0.101809 87.168640 0.856985 0.067990 0.510836 -11.908665 0.000000 0.000000 0.000000 1.000000
0.508452 -0.075085 -0.857810 2.195193 -0.012694 0.995429 -0.094655 87.441124 0.860996 0.059017 0.505175 -12.047878 0.000000 0.000000 0.000000 1.000000
0.501880 -0.072779 -0.861870 1.897609 -0.007394 0.996056 -0.088415 87.708344 0.864906 0.050747 0.499362 -12.033460 0.000000 0.000000 0.000000 1.000000
0.495286 -0.070869 -0.865835 1.658412 -0.002444 0.996549 -0.082966 87.883087 0.868727 0.043208 0.493403 -11.938380 0.000000 0.000000 0.000000 1.000000
0.488671 -0.069237 -0.869716 1.475027 0.002107 0.996937 -0.078181 87.924988 0.872465 0.036372 0.487320 -11.587380 0.000000 0.000000 0.000000 1.000000
0.482042 -0.067804 -0.873520 1.239832 0.006296 0.997243 -0.073934 87.865120 0.876125 0.030140 0.481140 -10.920908 0.000000 0.000000 0.000000 1.000000
0.475400 -0.066489 -0.877254 0.961907 0.010158 0.997488 -0.070097 87.692993 0.879711 0.024413 0.474882 -9.966921 0.000000 0.000000 0.000000 1.000000
0.468743 -0.065295 -0.880918 0.697074 0.013916 0.997686 -0.066545 87.608406 0.883225 0.018933 0.468567 -9.008423 0.000000 0.000000 0.000000 1.000000
0.462058 -0.064060 -0.884533 0.447586 0.017456 0.997851 -0.063148 87.599518 0.886678 0.013738 0.462184 -8.042611 0.000000 0.000000 0.000000 1.000000
0.455351 -0.062612 -0.888108 0.253480 0.020633 0.997998 -0.059780 87.636940 0.890073 0.008896 0.455731 -7.063362 0.000000 0.000000 0.000000 1.000000
0.448616 -0.060860 -0.891650 0.099714 0.023487 0.998137 -0.056312 87.672722 0.893416 0.004320 0.449210 -6.082800 0.000000 0.000000 0.000000 1.000000
0.441860 -0.058724 -0.895160 0.026017 0.026078 0.998274 -0.052616 87.657501 0.896705 -0.000095 0.442629 -5.112837 0.000000 0.000000 0.000000 1.000000
0.435088 -0.056061 -0.898641 0.011472 0.028341 0.998418 -0.048564 87.480629 0.899942 -0.004339 0.435988 -4.155114 0.000000 0.000000 0.000000 1.000000
0.428297 -0.052764 -0.902096 0.048731 0.030286 0.998571 -0.044028 87.226852 0.903130 -0.008464 0.429283 -3.219049 0.000000 0.000000 0.000000 1.000000
0.421479 -0.048303 -0.905551 0.158142 0.029389 0.998783 -0.039597 87.000648 0.906362 -0.009924 0.422385 -2.297107 0.000000 0.000000 0.000000 1.000000
0.418072 -0.044244 -0.907336 0.297067 0.027891 0.998968 -0.035861 86.791321 0.907986 -0.010314 0.418874 -1.404189 0.000000 0.000000 0.000000 1.000000
0.416749 -0.044302 -0.907941 0.453402 0.026618 0.998978 -0.036526 86.599998 0.908632 -0.008946 0.417503 -0.542908 0.000000 0.000000 0.000000 1.000000
0.418676 -0.048199 -0.906856 0.596853 0.025999 0.998817 -0.041083 86.419510 0.907764 -0.006377 0.419434 0.197992 0.000000 0.000000 0.000000 1.000000
0.425174 -0.052693 -0.903577 0.745350 0.024859 0.998607 -0.046537 86.251205 0.904770 -0.002675 0.425891 0.697977 0.000000 0.000000 0.000000 1.000000
0.434124 -0.057608 -0.899009 0.866932 0.023636 0.998338 -0.052559 86.102554 0.900543 0.001568 0.434764 0.924531 0.000000 0.000000 0.000000 1.000000
0.443466 -0.062817 -0.894087 0.952404 0.022466 0.998007 -0.058975 85.977753 0.896010 0.006067 0.443993 0.928836 0.000000 0.000000 0.000000 1.000000
0.452179 -0.068177 -0.889318 0.980558 0.023335 0.997637 -0.064616 85.878723 0.891622 0.008466 0.452701 0.753031 0.000000 0.000000 0.000000 1.000000
0.458571 -0.072654 -0.885683 0.972270 0.025105 0.997314 -0.068813 85.805649 0.888303 0.009320 0.459163 0.446697 0.000000 0.000000 0.000000 1.000000
0.463595 -0.074877 -0.882878 0.925593 0.026119 0.997145 -0.070852 85.761650 0.885662 0.009787 0.464227 0.029093 0.000000 0.000000 0.000000 1.000000
0.467817 -0.083849 -0.879839 0.854570 0.030345 0.996426 -0.078825 85.738449 0.883304 0.010177 0.468690 -0.473035 0.000000 0.000000 0.000000 1.000000</float_array><technique_common><accessor source="#Hips-Matrix-animation-output-transform-array" count="39" stride="16"><param type="float4x4"/></accessor></technique_common></source><source id="Hips-Interpolations"><Name_array id="Hips-Interpolations-array" count="39">
 LINEAR LINEAR LINEAR LINEAR LINEAR LINEAR LINEAR LINEAR LINEAR LINEAR LINEAR
LINEAR LINEAR LINEAR LINEAR LINEAR LINEAR LINEAR LINEAR LINEAR LINEAR LINEAR LINEAR
LINEAR LINEAR LINEAR LINEAR LINEAR LINEAR LINEAR LINEAR LINEAR LINEAR LINEAR LINEAR
LINEAR LINEAR LINEAR LINEAR</Name_array><technique_common><accessor source="#Hips-Interpolations-array" count="39"><param type="name"/></accessor></technique_common></source><sampler id="Hips-Matrix-animation-transform"><input semantic="INPUT" source="#Hips-Matrix-animation-input"/><input semantic="OUTPUT" source="#Hips-Matrix-animation-output-transform"/><input semantic="INTERPOLATION" source="#Hips-Interpolations"/></sampler><channel source="#Hips-Matrix-animation-transform" target="Hips/matrix"/></animation>
    <animation id="Spine-anim" name="Spine"><source id="Spine-Matrix-animation-input"><float_array id="Spine-Matrix-animation-input-array" count="39">

0.000000 0.033333 0.066667 0.100000 0.133333 0.166667 0.200000 0.233333 0.266667 0.300000 0.333333 0.366667 0.400000 0.433333 0.466667 0.500000
0.533333 0.566667 0.600000 0.633333 0.666667 0.700000 0.733333 0.766667 0.800000 0.833333 0.866667 0.900000 0.933333 0.966667 1.000000 1.033333
1.066667 1.100000 1.133333 1.166667 1.200000 1.233333 1.266667</float_array><technique_common><accessor source="#Spine-Matrix-animation-input-array" count="39"><param name="TIME" type="float"/></accessor></technique_common></source><source id="Spine-Matrix-animation-output-transform"><float_array id="Spine-Matrix-animation-output-transform-array" count="624">

0.997170 0.074973 -0.005631 0.017300 -0.073857 0.962810 -0.259888 10.574800 -0.014063 0.259568 0.965622 -1.117200 0.000000 0.000000 0.000000 1.000000
0.997873 0.064955 -0.005504 0.017300 -0.063999 0.960132 -0.272122 10.574800 -0.012391 0.271895 0.962247 -1.117200 0.000000 0.000000 0.000000 1.000000
0.999269 0.035060 -0.015220 0.017300 -0.038031 0.951743 -0.304530 10.574800 0.003809 0.304886 0.952381 -1.117200 0.000000 0.000000 0.000000 1.000000
0.998755 0.016504 -0.047085 0.017300 -0.032011 0.935839 -0.350972 10.574800 0.038271 0.352042 0.935201 -1.117200 0.000000 0.000000 0.000000 1.000000
0.996612 0.012278 -0.081327 0.017300 -0.044298 0.913257 -0.404969 10.574800 0.069300 0.407199 0.910706 -1.117200 0.000000 0.000000 0.000000 1.000000
0.995999 0.024829 -0.085848 0.017300 -0.061813 0.885171 -0.461141 10.574800 0.064540 0.464602 0.883164 -1.117200 0.000000 0.000000 0.000000 1.000000
0.994935 0.064176 -0.077369 0.017300 -0.094934 0.852923 -0.513332 10.574800 0.033046 0.518077 0.854696 -1.117200 0.000000 0.000000 0.000000 1.000000
0.992625 0.102548 -0.064647 0.017300 -0.121127 0.817687 -0.562775 10.574800 -0.004850 0.566455 0.824078 -1.117200 0.000000 0.000000 0.000000 1.000000
0.992542 0.112588 -0.046737 0.017300 -0.118611 0.803441 -0.583451 10.574800 -0.028139 0.584643 0.810803 -1.117200 0.000000 0.000000 0.000000 1.000000
0.994683 0.099230 -0.027549 0.017300 -0.096264 0.800850 -0.591078 10.574800 -0.036590 0.590587 0.806144 -1.117200 0.000000 0.000000 0.000000 1.000000
0.997180 0.074206 -0.011174 0.017300 -0.065917 0.794985 -0.603037 10.574800 -0.035866 0.602073 0.797635 -1.117200 0.000000 0.000000 0.000000 1.000000
0.997853 0.065465 -0.001875 0.017300 -0.053300 0.795113 -0.604115 10.574800 -0.038057 0.602918 0.796895 -1.117200 0.000000 0.000000 0.000000 1.000000
0.998121 0.061270 0.000667 0.017300 -0.048699 0.799843 -0.598230 10.574800 -0.037187 0.597074 0.801324 -1.117200 0.000000 0.000000 0.000000 1.000000
0.998248 0.058608 -0.008154 0.017300 -0.052205 0.807425 -0.587655 10.574800 -0.027857 0.587051 0.809070 -1.117200 0.000000 0.000000 0.000000 1.000000
0.998000 0.060421 -0.018606 0.017300 -0.060389 0.823990 -0.563377 10.574800 -0.018709 0.563373 0.825991 -1.117200 0.000000 0.000000 0.000000 1.000000
0.997373 0.066048 -0.029741 0.017300 -0.071744 0.844158 -0.531273 10.574800 -0.009983 0.532011 0.846679 -1.117200 0.000000 0.000000 0.000000 1.000000
0.996978 0.066558 -0.040066 0.017300 -0.077679 0.861587 -0.501630 10.574800 0.001133 0.503227 0.864154 -1.117200 0.000000 0.000000 0.000000 1.000000
0.996906 0.061717 -0.048680 0.017300 -0.077462 0.876541 -0.475054 10.574800 0.013351 0.477355 0.878609 -1.117200 0.000000 0.000000 0.000000 1.000000
0.997211 0.053600 -0.051933 0.017300 -0.071217 0.891489 -0.447409 10.574800 0.022317 0.449860 0.892820 -1.117200 0.000000 0.000000 0.000000 1.000000
0.997704 0.044277 -0.051248 0.017300 -0.061850 0.903978 -0.423082 10.574800 0.027595 0.425280 0.904641 -1.117200 0.000000 0.000000 0.000000 1.000000
0.998294 0.034592 -0.047039 0.017300 -0.050435 0.916788 -0.396177 10.574800 0.029420 0.397873 0.916969 -1.117200 0.000000 0.000000 0.000000 1.000000
0.998848 0.025463 -0.040684 0.017300 -0.038856 0.926599 -0.374039 10.574800 0.028174 0.375189 0.926520 -1.117200 0.000000 0.000000 0.000000 1.000000
0.999208 0.020498 -0.034103 0.017300 -0.031159 0.936122 -0.350293 10.574800 0.024745 0.351078 0.936019 -1.117200 0.000000 0.000000 0.000000 1.000000
0.999381 0.020553 -0.028546 0.017300 -0.028767 0.944571 -0.327044 10.574800 0.020242 0.327663 0.944578 -1.117200 0.000000 0.000000 0.000000 1.000000
0.999516 0.020916 -0.023042 0.017300 -0.026973 0.951572 -0.306240 10.574800 0.015520 0.306714 0.951675 -1.117200 0.000000 0.000000 0.000000 1.000000
0.999611 0.021605 -0.017618 0.017300 -0.025754 0.957620 -0.286881 10.574800 0.010673 0.287223 0.957804 -1.117200 0.000000 0.000000 0.000000 1.000000
0.999670 0.022522 -0.012361 0.017300 -0.025020 0.962712 -0.269370 10.574800 0.005834 0.269591 0.962957 -1.117200 0.000000 0.000000 0.000000 1.000000
0.999693 0.023620 -0.007457 0.017300 -0.024741 0.966406 -0.255826 10.574800 0.001164 0.255932 0.966694 -1.117200 0.000000 0.000000 0.000000 1.000000
0.999611 0.027702 -0.003168 0.017300 -0.027621 0.968295 -0.248277 10.574800 -0.003810 0.248268 0.968684 -1.117200 0.000000 0.000000 0.000000 1.000000
0.999411 0.034295 0.001205 0.017300 -0.032970 0.969360 -0.243420 10.574800 -0.009516 0.243237 0.969920 -1.117200 0.000000 0.000000 0.000000 1.000000
0.999145 0.041043 0.004965 0.017300 -0.038667 0.970239 -0.239041 10.574800 -0.014628 0.238645 0.970997 -1.117200 0.000000 0.000000 0.000000 1.000000
0.998838 0.047686 0.007032 0.017300 -0.044672 0.970592 -0.236549 10.574800 -0.018106 0.235960 0.971594 -1.117200 0.000000 0.000000 0.000000 1.000000
0.998521 0.053966 0.006570 0.017300 -0.050876 0.970184 -0.236969 10.574800 -0.019163 0.236284 0.971495 -1.117200 0.000000 0.000000 0.000000 1.000000
0.998206 0.059685 0.004745 0.017300 -0.056823 0.969350 -0.239021 10.574800 -0.018866 0.238322 0.971003 -1.117200 0.000000 0.000000 0.000000 1.000000
0.997901 0.064715 0.002209 0.017300 -0.062230 0.967905 -0.243488 10.574800 -0.017896 0.242840 0.969901 -1.117200 0.000000 0.000000 0.000000 1.000000
0.997625 0.068880 -0.000561 0.017300 -0.066851 0.966220 -0.248898 10.574800 -0.016602 0.248344 0.968530 -1.117200 0.000000 0.000000 0.000000 1.000000
0.997427 0.071628 -0.003045 0.017300 -0.070030 0.964325 -0.255291 10.574800 -0.015349 0.254847 0.966860 -1.117200 0.000000 0.000000 0.000000 1.000000
0.997297 0.073314 -0.004864 0.017300 -0.072057 0.962968 -0.259810 10.574800 -0.014364 0.259458 0.965648 -1.117200 0.000000 0.000000 0.000000 1.000000
0.997173 0.074925 -0.005748 0.017300 -0.073841 0.962808 -0.259899 10.574800 -0.013939 0.259589 0.965619 -1.117200 0.000000 0.000000 0.000000 1.000000</float_array><technique_common><accessor source="#Spine-Matrix-animation-output-transform-array" count="39" stride="16"><param type="float4x4"/></accessor></technique_common></source><source id="Spine-Interpolations"><Name_array id="Spine-Interpolations-array" count="39">
 LINEAR LINEAR LINEAR LINEAR LINEAR LINEAR LINEAR LINEAR LINEAR LINEAR LINEAR
LINEAR LINEAR LINEAR LINEAR LINEAR LINEAR LINEAR LINEAR LINEAR LINEAR LINEAR LINEAR
LINEAR LINEAR LINEAR LINEAR LINEAR LINEAR LINEAR LINEAR LINEAR LINEAR LINEAR LINEAR
LINEAR LINEAR LINEAR LINEAR</Name_array><technique_common><accessor source="#Spine-Interpolations-array" count="39"><param type="name"/></accessor></technique_common></source><sampler id="Spine-Matrix-animation-transform"><input semantic="INPUT" source="#Spine-Matrix-animation-input"/><input semantic="OUTPUT" source="#Spine-Matrix-animation-output-transform"/><input semantic="INTERPOLATION" source="#Spine-Interpolations"/></sampler><channel source="#Spine-Matrix-animation-transform" target="Spine/matrix"/></animation>
    <animation id="Spine1-anim" name="Spine1"><source id="Spine1-Matrix-animation-input"><float_array id="Spine1-Matrix-animation-input-array" count="39">

0.000000 0.033333 0.066667 0.100000 0.133333 0.166667 0.200000 0.233333 0.266667 0.300000 0.333333 0.366667 0.400000 0.433333 0.466667 0.500000
0.533333 0.566667 0.600000 0.633333 0.666667 0.700000 0.733333 0.766667 0.800000 0.833333 0.866667 0.900000 0.933333 0.966667 1.000000 1.033333
1.066667 1.100000 1.133333 1.166667 1.200000 1.233333 1.266667</float_array><technique_common><accessor source="#Spine1-Matrix-animation-input-array" count="39"><param name="TIME" type="float"/></accessor></technique_common></source><source id="Spine1-Matrix-animation-output-transform"><float_array id="Spine1-Matrix-animation-output-transform-array" count="624">

0.998759 0.048816 0.009842 0.019000 -0.047557 0.993615 -0.102308 12.337300 -0.014774 0.101713 0.994704 -1.303400 0.000000 0.000000 0.000000 1.000000
0.998927 0.045351 0.009351 0.019000 -0.044104 0.993365 -0.106213 12.337300 -0.014105 0.105687 0.994299 -1.303400 0.000000 0.000000 0.000000 1.000000
0.999221 0.039020 0.005881 0.019000 -0.038068 0.992435 -0.116720 12.337300 -0.010391 0.116405 0.993147 -1.303400 0.000000 0.000000 0.000000 1.000000
0.999346 0.035860 -0.004754 0.019000 -0.036174 0.990587 -0.132018 12.337300 -0.000025 0.132103 0.991236 -1.303400 0.000000 0.000000 0.000000 1.000000
0.999234 0.036962 -0.012839 0.019000 -0.038476 0.987838 -0.150650 12.337300 0.007115 0.151028 0.988504 -1.303400 0.000000 0.000000 0.000000 1.000000
0.999127 0.040322 -0.010898 0.019000 -0.041594 0.984351 -0.171242 12.337300 0.003823 0.171546 0.985169 -1.303400 0.000000 0.000000 0.000000 1.000000
0.999012 0.044410 -0.001895 0.019000 -0.043946 0.980387 -0.192120 12.337300 -0.006674 0.192013 0.981370 -1.303400 0.000000 0.000000 0.000000 1.000000
0.998858 0.047084 0.008077 0.019000 -0.044292 0.976117 -0.212683 12.337300 -0.017898 0.212083 0.977088 -1.303400 0.000000 0.000000 0.000000 1.000000
0.998791 0.045979 0.017382 0.019000 -0.041062 0.974829 -0.219140 12.337300 -0.027020 0.218161 0.975539 -1.303400 0.000000 0.000000 0.000000 1.000000
0.998914 0.040939 0.022253 0.019000 -0.035024 0.974668 -0.220897 12.337300 -0.030732 0.219877 0.975043 -1.303400 0.000000 0.000000 0.000000 1.000000
0.999012 0.036500 0.025338 0.019000 -0.030010 0.974808 -0.221019 12.337300 -0.032767 0.220040 0.974940 -1.303400 0.000000 0.000000 0.000000 1.000000
0.999021 0.034954 0.027122 0.019000 -0.028140 0.975064 -0.220134 12.337300 -0.034140 0.219155 0.975092 -1.303400 0.000000 0.000000 0.000000 1.000000
0.998999 0.035254 0.027540 0.019000 -0.028428 0.975609 -0.217665 12.337300 -0.034542 0.216664 0.975635 -1.303400 0.000000 0.000000 0.000000 1.000000
0.999002 0.037213 0.024686 0.019000 -0.031141 0.976736 -0.212173 12.337300 -0.032007 0.211193 0.976920 -1.303400 0.000000 0.000000 0.000000 1.000000
0.998972 0.040360 0.020653 0.019000 -0.035315 0.978376 -0.203795 12.337300 -0.028431 0.202856 0.978796 -1.303400 0.000000 0.000000 0.000000 1.000000
0.998937 0.043192 0.016088 0.019000 -0.039268 0.980294 -0.193604 12.337300 -0.024133 0.192766 0.980948 -1.303400 0.000000 0.000000 0.000000 1.000000
0.998957 0.044147 0.011646 0.019000 -0.041261 0.982117 -0.183695 12.337300 -0.019547 0.183023 0.982914 -1.303400 0.000000 0.000000 0.000000 1.000000
0.999043 0.043091 0.007506 0.019000 -0.041123 0.983808 -0.174446 12.337300 -0.014902 0.173971 0.984638 -1.303400 0.000000 0.000000 0.000000 1.000000
0.999130 0.041422 0.004818 0.019000 -0.040055 0.985410 -0.165417 12.337300 -0.011599 0.165080 0.986212 -1.303400 0.000000 0.000000 0.000000 1.000000
0.999203 0.039743 0.003723 0.019000 -0.038669 0.986893 -0.156673 12.337300 -0.009901 0.156404 0.987644 -1.303400 0.000000 0.000000 0.000000 1.000000
0.999265 0.038189 0.003418 0.019000 -0.037261 0.988259 -0.148177 12.337300 -0.009036 0.147941 0.988955 -1.303400 0.000000 0.000000 0.000000 1.000000
0.999321 0.036626 0.003961 0.019000 -0.035712 0.989515 -0.139947 12.337300 -0.009045 0.139710 0.990151 -1.303400 0.000000 0.000000 0.000000 1.000000
0.999372 0.035069 0.005060 0.019000 -0.034095 0.990664 -0.131990 12.337300 -0.009642 0.131735 0.991238 -1.303400 0.000000 0.000000 0.000000 1.000000
0.999418 0.033521 0.006254 0.019000 -0.032484 0.991705 -0.124360 12.337300 -0.010371 0.124084 0.992217 -1.303400 0.000000 0.000000 0.000000 1.000000
0.999460 0.031985 0.007527 0.019000 -0.030886 0.992643 -0.117069 12.337300 -0.011216 0.116774 0.993095 -1.303400 0.000000 0.000000 0.000000 1.000000
0.999496 0.030489 0.008888 0.019000 -0.029326 0.993485 -0.110127 12.337300 -0.012188 0.109811 0.993878 -1.303400 0.000000 0.000000 0.000000 1.000000
0.999524 0.029063 0.010316 0.019000 -0.027830 0.994156 -0.104305 12.337300 -0.013287 0.103968 0.994492 -1.303400 0.000000 0.000000 0.000000 1.000000
0.999546 0.027724 0.011793 0.019000 -0.026397 0.994562 -0.100745 12.337300 -0.014522 0.100388 0.994842 -1.303400 0.000000 0.000000 0.000000 1.000000
0.999552 0.026818 0.013253 0.019000 -0.025388 0.994832 -0.098311 12.337300 -0.015821 0.097930 0.995068 -1.303400 0.000000 0.000000 0.000000 1.000000
0.999536 0.026711 0.014621 0.019000 -0.025173 0.994985 -0.096809 12.337300 -0.017133 0.096396 0.995196 -1.303400 0.000000 0.000000 0.000000 1.000000
0.999480 0.027943 0.016086 0.019000 -0.026281 0.995070 -0.095632 12.337300 -0.018679 0.095159 0.995287 -1.303400 0.000000 0.000000 0.000000 1.000000
0.999379 0.030697 0.017298 0.019000 -0.028915 0.995032 -0.095263 12.337300 -0.020136 0.094703 0.995302 -1.303400 0.000000 0.000000 0.000000 1.000000
0.999270 0.033963 0.017485 0.019000 -0.032132 0.994854 -0.096094 12.337300 -0.020659 0.095462 0.995219 -1.303400 0.000000 0.000000 0.000000 1.000000
0.999163 0.037407 0.016524 0.019000 -0.035637 0.994661 -0.096852 12.337300 -0.020059 0.096182 0.995162 -1.303400 0.000000 0.000000 0.000000 1.000000
0.999050 0.040841 0.015230 0.019000 -0.039161 0.994430 -0.097852 12.337300 -0.019142 0.097163 0.995084 -1.303400 0.000000 0.000000 0.000000 1.000000
0.998937 0.043990 0.013774 0.019000 -0.042417 0.994188 -0.098945 12.337300 -0.018047 0.098255 0.994998 -1.303400 0.000000 0.000000 0.000000 1.000000
0.998840 0.046560 0.012299 0.019000 -0.045100 0.993956 -0.100087 12.337300 -0.016885 0.099417 0.994903 -1.303400 0.000000 0.000000 0.000000 1.000000
0.998775 0.048259 0.010942 0.019000 -0.046907 0.993756 -0.101234 12.337300 -0.015759 0.100597 0.994802 -1.303400 0.000000 0.000000 0.000000 1.000000
0.998759 0.048817 0.009842 0.019000 -0.047557 0.993615 -0.102308 12.337300 -0.014774 0.101713 0.994704 -1.303400 0.000000 0.000000 0.000000 1.000000</float_array><technique_common><accessor source="#Spine1-Matrix-animation-output-transform-array" count="39" stride="16"><param type="float4x4"/></accessor></technique_common></source><source id="Spine1-Interpolations"><Name_array id="Spine1-Interpolations-array" count="39">
 LINEAR LINEAR LINEAR LINEAR LINEAR LINEAR LINEAR LINEAR LINEAR LINEAR LINEAR
LINEAR LINEAR LINEAR LINEAR LINEAR LINEAR LINEAR LINEAR LINEAR LINEAR LINEAR LINEAR
LINEAR LINEAR LINEAR LINEAR LINEAR LINEAR LINEAR LINEAR LINEAR LINEAR LINEAR LINEAR
LINEAR LINEAR LINEAR LINEAR</Name_array><technique_common><accessor source="#Spine1-Interpolations-array" count="39"><param type="name"/></accessor></technique_common></source><sampler id="Spine1-Matrix-animation-transform"><input semantic="INPUT" source="#Spine1-Matrix-animation-input"/><input semantic="OUTPUT" source="#Spine1-Matrix-animation-output-transform"/><input semantic="INTERPOLATION" source="#Spine1-Interpolations"/></sampler><channel source="#Spine1-Matrix-animation-transform" target="Spine1/matrix"/></animation>
    <animation id="Spine2-anim" name="Spine2"><source id="Spine2-Matrix-animation-input"><float_array id="Spine2-Matrix-animation-input-array" count="39">

0.000000 0.033333 0.066667 0.100000 0.133333 0.166667 0.200000 0.233333 0.266667 0.300000 0.333333 0.366667 0.400000 0.433333 0.466667 0.500000
0.533333 0.566667 0.600000 0.633333 0.666667 0.700000 0.733333 0.766667 0.800000 0.833333 0.866667 0.900000 0.933333 0.966667 1.000000 1.033333
1.066667 1.100000 1.133333 1.166667 1.200000 1.233333 1.266667</float_array><technique_common><accessor source="#Spine2-Matrix-animation-input-array" count="39"><param name="TIME" type="float"/></accessor></technique_common></source><source id="Spine2-Matrix-animation-output-transform"><float_array id="Spine2-Matrix-animation-output-transform-array" count="624">

0.998690 0.049895 0.011313 0.021700 -0.048482 0.993577 -0.102243 14.099800 -0.016341 0.101561 0.994695 -1.489600 0.000000 0.000000 0.000000 1.000000
0.998889 0.046067 0.009911 0.021700 -0.044758 0.993342 -0.106154 14.099800 -0.014735 0.105593 0.994300 -1.489600 0.000000 0.000000 0.000000 1.000000
0.999220 0.039160 0.005136 0.021700 -0.038293 0.992424 -0.116743 14.099800 -0.009669 0.116455 0.993149 -1.489600 0.000000 0.000000 0.000000 1.000000
0.999339 0.035858 -0.006035 0.021700 -0.036341 0.990556 -0.132202 14.099800 0.001238 0.132334 0.991204 -1.489600 0.000000 0.000000 0.000000 1.000000
0.999207 0.037026 -0.014669 0.021700 -0.038819 0.987773 -0.150987 14.099800 0.008899 0.151436 0.988427 -1.489600 0.000000 0.000000 0.000000 1.000000
0.999093 0.040450 -0.013333 0.021700 -0.042141 0.984251 -0.171679 14.099800 0.006179 0.172085 0.985063 -1.489600 0.000000 0.000000 0.000000 1.000000
0.998990 0.044708 -0.004399 0.021700 -0.044718 0.980259 -0.192596 14.099800 -0.004298 0.192598 0.981268 -1.489600 0.000000 0.000000 0.000000 1.000000
0.998846 0.047683 0.005709 0.021700 -0.045374 0.975990 -0.213039 14.099800 -0.015730 0.212534 0.977027 -1.489600 0.000000 0.000000 0.000000 1.000000
0.998788 0.046847 0.015089 0.021700 -0.042401 0.974688 -0.219511 14.099800 -0.024991 0.218605 0.975493 -1.489600 0.000000 0.000000 0.000000 1.000000
0.998927 0.041896 0.019724 0.021700 -0.036499 0.974495 -0.221421 14.099800 -0.028498 0.220464 0.974979 -1.489600 0.000000 0.000000 0.000000 1.000000
0.999046 0.037477 0.022422 0.021700 -0.031584 0.974605 -0.221694 14.099800 -0.030161 0.220774 0.974859 -1.489600 0.000000 0.000000 0.000000 1.000000
0.999071 0.035918 0.023811 0.021700 -0.029782 0.974838 -0.220916 14.099800 -0.031147 0.220002 0.975002 -1.489600 0.000000 0.000000 0.000000 1.000000
0.999057 0.036173 0.024014 0.021700 -0.030063 0.975364 -0.218542 14.099800 -0.031328 0.217614 0.975532 -1.489600 0.000000 0.000000 0.000000 1.000000
0.999051 0.038058 0.021181 0.021700 -0.032681 0.976484 -0.213097 14.099800 -0.028793 0.212202 0.976802 -1.489600 0.000000 0.000000 0.000000 1.000000
0.999006 0.041097 0.017237 0.021700 -0.036708 0.978146 -0.204655 14.099800 -0.025271 0.203818 0.978682 -1.489600 0.000000 0.000000 0.000000 1.000000
0.998957 0.043829 0.012798 0.021700 -0.040511 0.980088 -0.194389 14.099800 -0.021063 0.193668 0.980841 -1.489600 0.000000 0.000000 0.000000 1.000000
0.998963 0.044730 0.008498 0.021700 -0.042399 0.981936 -0.184403 14.099800 -0.016593 0.183851 0.982814 -1.489600 0.000000 0.000000 0.000000 1.000000
0.999037 0.043640 0.004515 0.021700 -0.042177 0.983645 -0.175112 14.099800 -0.012083 0.174753 0.984538 -1.489600 0.000000 0.000000 0.000000 1.000000
0.999119 0.041923 0.001995 0.021700 -0.041010 0.985264 -0.166051 14.099800 -0.008927 0.165823 0.986115 -1.489600 0.000000 0.000000 0.000000 1.000000
0.999191 0.040192 0.001017 0.021700 -0.039532 0.986762 -0.157286 14.099800 -0.007325 0.157119 0.987553 -1.489600 0.000000 0.000000 0.000000 1.000000
0.999255 0.038597 0.000828 0.021700 -0.038044 0.988139 -0.148776 14.099800 -0.006561 0.148633 0.988871 -1.489600 0.000000 0.000000 0.000000 1.000000
0.999314 0.037004 0.001548 0.021700 -0.036420 0.989405 -0.140536 14.099800 -0.006732 0.140384 0.990074 -1.489600 0.000000 0.000000 0.000000 1.000000
0.999368 0.035421 0.002841 0.021700 -0.034732 0.990564 -0.132574 14.099800 -0.007510 0.132392 0.991169 -1.489600 0.000000 0.000000 0.000000 1.000000
0.999418 0.033852 0.004222 0.021700 -0.033060 0.991614 -0.124937 14.099800 -0.008416 0.124725 0.992156 -1.489600 0.000000 0.000000 0.000000 1.000000
0.999462 0.032300 0.005686 0.021700 -0.031407 0.992560 -0.117637 14.099800 -0.009444 0.117396 0.993040 -1.489600 0.000000 0.000000 0.000000 1.000000
0.999499 0.030794 0.007245 0.021700 -0.029804 0.993409 -0.110684 14.099800 -0.010606 0.110412 0.993829 -1.489600 0.000000 0.000000 0.000000 1.000000
0.999529 0.029365 0.008866 0.021700 -0.028275 0.994087 -0.104841 14.099800 -0.011892 0.104541 0.994449 -1.489600 0.000000 0.000000 0.000000 1.000000
0.999552 0.028034 0.010521 0.021700 -0.026826 0.994497 -0.101268 14.099800 -0.013302 0.100941 0.994804 -1.489600 0.000000 0.000000 0.000000 1.000000
0.999557 0.027167 0.012133 0.021700 -0.025838 0.994774 -0.098783 14.099800 -0.014753 0.098425 0.995035 -1.489600 0.000000 0.000000 0.000000 1.000000
0.999540 0.027097 0.013623 0.021700 -0.025647 0.994930 -0.097243 14.099800 -0.016189 0.096849 0.995167 -1.489600 0.000000 0.000000 0.000000 1.000000
0.999483 0.028342 0.015159 0.021700 -0.026759 0.995018 -0.096039 14.099800 -0.017805 0.095584 0.995262 -1.489600 0.000000 0.000000 0.000000 1.000000
0.999381 0.031126 0.016398 0.021700 -0.029420 0.994980 -0.095652 14.099800 -0.019293 0.095110 0.995280 -1.489600 0.000000 0.000000 0.000000 1.000000
0.999270 0.034428 0.016555 0.021700 -0.032675 0.994797 -0.096499 14.099800 -0.019791 0.095888 0.995195 -1.489600 0.000000 0.000000 0.000000 1.000000
0.999157 0.037938 0.015708 0.021700 -0.036236 0.994600 -0.097255 14.099800 -0.019313 0.096603 0.995136 -1.489600 0.000000 0.000000 0.000000 1.000000
0.999030 0.041481 0.014765 0.021700 -0.039837 0.994370 -0.098186 14.099800 -0.018755 0.097503 0.995058 -1.489600 0.000000 0.000000 0.000000 1.000000
0.998903 0.044756 0.013776 0.021700 -0.043174 0.994132 -0.099189 14.099800 -0.018134 0.098486 0.994973 -1.489600 0.000000 0.000000 0.000000 1.000000
0.998792 0.047446 0.012797 0.021700 -0.045930 0.993904 -0.100227 14.099800 -0.017474 0.099519 0.994882 -1.489600 0.000000 0.000000 0.000000 1.000000
0.998715 0.049253 0.011946 0.021700 -0.047795 0.993710 -0.101268 14.099800 -0.016859 0.100567 0.994787 -1.489600 0.000000 0.000000 0.000000 1.000000
0.998690 0.049896 0.011313 0.021700 -0.048482 0.993577 -0.102243 14.099800 -0.016341 0.101560 0.994695 -1.489600 0.000000 0.000000 0.000000 1.000000</float_array><technique_common><accessor source="#Spine2-Matrix-animation-output-transform-array" count="39" stride="16"><param type="float4x4"/></accessor></technique_common></source><source id="Spine2-Interpolations"><Name_array id="Spine2-Interpolations-array" count="39">
 LINEAR LINEAR LINEAR LINEAR LINEAR LINEAR LINEAR LINEAR LINEAR LINEAR LINEAR
LINEAR LINEAR LINEAR LINEAR LINEAR LINEAR LINEAR LINEAR LINEAR LINEAR LINEAR LINEAR
LINEAR LINEAR LINEAR LINEAR LINEAR LINEAR LINEAR LINEAR LINEAR LINEAR LINEAR LINEAR
LINEAR LINEAR LINEAR LINEAR</Name_array><technique_common><accessor source="#Spine2-Interpolations-array" count="39"><param type="name"/></accessor></technique_common></source><sampler id="Spine2-Matrix-animation-transform"><input semantic="INPUT" source="#Spine2-Matrix-animation-input"/><input semantic="OUTPUT" source="#Spine2-Matrix-animation-output-transform"/><input semantic="INTERPOLATION" source="#Spine2-Interpolations"/></sampler><channel source="#Spine2-Matrix-animation-transform" target="Spine2/matrix"/></animation>
    <animation id="Neck-anim" name="Neck"><source id="Neck-Matrix-animation-input"><float_array id="Neck-Matrix-animation-input-array" count="39">

0.000000 0.033333 0.066667 0.100000 0.133333 0.166667 0.200000 0.233333 0.266667 0.300000 0.333333 0.366667 0.400000 0.433333 0.466667 0.500000
0.533333 0.566667 0.600000 0.633333 0.666667 0.700000 0.733333 0.766667 0.800000 0.833333 0.866667 0.900000 0.933333 0.966667 1.000000 1.033333
1.066667 1.100000 1.133333 1.166667 1.200000 1.233333 1.266667</float_array><technique_common><accessor source="#Neck-Matrix-animation-input-array" count="39"><param name="TIME" type="float"/></accessor></technique_common></source><source id="Neck-Matrix-animation-output-transform"><float_array id="Neck-Matrix-animation-output-transform-array" count="624">

0.997548 -0.065339 0.025080 0.024400 0.063642 0.995960 0.063343 15.862300 -0.029118 -0.061592 0.997677 -1.675800 0.000000 0.000000 0.000000 1.000000
0.997593 -0.064180 0.026241 0.024400 0.062385 0.995980 0.064287 15.862300 -0.030261 -0.062495 0.997586 -1.675800 0.000000 0.000000 0.000000 1.000000
0.997573 -0.063302 0.029002 0.024400 0.061198 0.995774 0.068476 15.862300 -0.033214 -0.066535 0.997231 -1.675800 0.000000 0.000000 0.000000 1.000000
0.997215 -0.066940 0.032895 0.024400 0.064143 0.994747 0.079770 15.862300 -0.038062 -0.077438 0.996270 -1.675800 0.000000 0.000000 0.000000 1.000000
0.996439 -0.074985 0.038543 0.024400 0.071150 0.993145 0.092745 15.862300 -0.045233 -0.089672 0.994944 -1.675800 0.000000 0.000000 0.000000 1.000000
0.995951 -0.083731 0.032736 0.024400 0.079948 0.991411 0.103501 15.862300 -0.041121 -0.100465 0.994090 -1.675800 0.000000 0.000000 0.000000 1.000000
0.995322 -0.094950 0.017849 0.024400 0.092502 0.989883 0.107584 15.862300 -0.027884 -0.105429 0.994036 -1.675800 0.000000 0.000000 0.000000 1.000000
0.994530 -0.104436 -0.001664 0.024400 0.104128 0.990097 0.094152 15.862300 -0.008185 -0.093811 0.995556 -1.675800 0.000000 0.000000 0.000000 1.000000
0.994061 -0.107331 -0.017957 0.024400 0.108326 0.991704 0.069200 15.862300 0.010381 -0.070735 0.997441 -1.675800 0.000000 0.000000 0.000000 1.000000
0.993839 -0.106268 -0.031486 0.024400 0.107727 0.992975 0.048954 15.862300 0.026063 -0.052044 0.998305 -1.675800 0.000000 0.000000 0.000000 1.000000
0.993818 -0.103543 -0.040062 0.024400 0.105199 0.993576 0.041704 15.862300 0.035486 -0.045660 0.998327 -1.675800 0.000000 0.000000 0.000000 1.000000
0.993953 -0.100574 -0.044070 0.024400 0.102330 0.993963 0.039585 15.862300 0.039822 -0.043855 0.998244 -1.675800 0.000000 0.000000 0.000000 1.000000
0.994286 -0.096839 -0.044908 0.024400 0.098608 0.994362 0.039002 15.862300 0.040878 -0.043207 0.998229 -1.675800 0.000000 0.000000 0.000000 1.000000
0.994734 -0.092846 -0.043405 0.024400 0.094559 0.994747 0.039216 15.862300 0.039536 -0.043114 0.998288 -1.675800 0.000000 0.000000 0.000000 1.000000
0.995285 -0.088589 -0.039499 0.024400 0.090163 0.995123 0.040006 15.862300 0.035762 -0.043378 0.998418 -1.675800 0.000000 0.000000 0.000000 1.000000
0.995910 -0.083911 -0.033510 0.024400 0.085283 0.995478 0.041842 15.862300 0.029847 -0.044529 0.998562 -1.675800 0.000000 0.000000 0.000000 1.000000
0.996578 -0.078843 -0.024823 0.024400 0.079947 0.995682 0.047187 15.862300 0.020995 -0.049010 0.998578 -1.675800 0.000000 0.000000 0.000000 1.000000
0.997211 -0.073289 -0.014073 0.024400 0.073963 0.995711 0.055588 15.862300 0.009938 -0.056474 0.998355 -1.675800 0.000000 0.000000 0.000000 1.000000
0.997767 -0.066697 -0.003440 0.024400 0.066781 0.995760 0.063268 15.862300 -0.000794 -0.063356 0.997991 -1.675800 0.000000 0.000000 0.000000 1.000000
0.998015 -0.062691 0.006036 0.024400 0.062107 0.995546 0.070932 15.862300 -0.010456 -0.070417 0.997463 -1.675800 0.000000 0.000000 0.000000 1.000000
0.998087 -0.060633 0.012068 0.024400 0.059585 0.995498 0.073712 15.862300 -0.016483 -0.072852 0.997207 -1.675800 0.000000 0.000000 0.000000 1.000000
0.998113 -0.059241 0.016151 0.024400 0.057891 0.995572 0.074061 15.862300 -0.020467 -0.072987 0.997123 -1.675800 0.000000 0.000000 0.000000 1.000000
0.998108 -0.058439 0.019099 0.024400 0.056920 0.995764 0.072205 15.862300 -0.023238 -0.070981 0.997207 -1.675800 0.000000 0.000000 0.000000 1.000000
0.998067 -0.058476 0.021031 0.024400 0.056915 0.996034 0.068388 15.862300 -0.024947 -0.067059 0.997437 -1.675800 0.000000 0.000000 0.000000 1.000000
0.998032 -0.058624 0.022253 0.024400 0.057103 0.996333 0.063713 15.862300 -0.025906 -0.062317 0.997720 -1.675800 0.000000 0.000000 0.000000 1.000000
0.998009 -0.058747 0.022942 0.024400 0.057307 0.996608 0.059071 15.862300 -0.026334 -0.057638 0.997990 -1.675800 0.000000 0.000000 0.000000 1.000000
0.997991 -0.058924 0.023273 0.024400 0.057562 0.996804 0.055402 15.862300 -0.026464 -0.053951 0.998193 -1.675800 0.000000 0.000000 0.000000 1.000000
0.997966 -0.059308 0.023355 0.024400 0.057985 0.996869 0.053749 15.862300 -0.026470 -0.052286 0.998281 -1.675800 0.000000 0.000000 0.000000 1.000000
0.997927 -0.059983 0.023322 0.024400 0.058670 0.996847 0.053413 15.862300 -0.026452 -0.051934 0.998300 -1.675800 0.000000 0.000000 0.000000 1.000000
0.997867 -0.061014 0.023226 0.024400 0.059701 0.996779 0.053550 15.862300 -0.026418 -0.052049 0.998295 -1.675800 0.000000 0.000000 0.000000 1.000000
0.997791 -0.062254 0.023168 0.024400 0.060934 0.996686 0.053883 15.862300 -0.026446 -0.052353 0.998278 -1.675800 0.000000 0.000000 0.000000 1.000000
0.997709 -0.063559 0.023188 0.024400 0.062205 0.996545 0.055035 15.862300 -0.026606 -0.053466 0.998215 -1.675800 0.000000 0.000000 0.000000 1.000000
0.997631 -0.064729 0.023284 0.024400 0.063317 0.996365 0.056995 15.862300 -0.026888 -0.055386 0.998103 -1.675800 0.000000 0.000000 0.000000 1.000000
0.997569 -0.065608 0.023470 0.024400 0.064138 0.996214 0.058690 15.862300 -0.027232 -0.057042 0.998000 -1.675800 0.000000 0.000000 0.000000 1.000000
0.997510 -0.066438 0.023668 0.024400 0.064900 0.996045 0.060675 15.862300 -0.027606 -0.058988 0.997877 -1.675800 0.000000 0.000000 0.000000 1.000000
0.997503 -0.066419 0.024006 0.024400 0.064817 0.995953 0.062256 15.862300 -0.028044 -0.060544 0.997771 -1.675800 0.000000 0.000000 0.000000 1.000000
0.997522 -0.065990 0.024391 0.024400 0.064339 0.995924 0.063211 15.862300 -0.028463 -0.061485 0.997702 -1.675800 0.000000 0.000000 0.000000 1.000000
0.997538 -0.065622 0.024738 0.024400 0.063943 0.995935 0.063440 15.862300 -0.028801 -0.061702 0.997679 -1.675800 0.000000 0.000000 0.000000 1.000000
0.997548 -0.065344 0.025080 0.024400 0.063644 0.995953 0.063451 15.862300 -0.029125 -0.061699 0.997670 -1.675800 0.000000 0.000000 0.000000 1.000000</float_array><technique_common><accessor source="#Neck-Matrix-animation-output-transform-array" count="39" stride="16"><param type="float4x4"/></accessor></technique_common></source><source id="Neck-Interpolations"><Name_array id="Neck-Interpolations-array" count="39">
 LINEAR LINEAR LINEAR LINEAR LINEAR LINEAR LINEAR LINEAR LINEAR LINEAR LINEAR
LINEAR LINEAR LINEAR LINEAR LINEAR LINEAR LINEAR LINEAR LINEAR LINEAR LINEAR LINEAR
LINEAR LINEAR LINEAR LINEAR LINEAR LINEAR LINEAR LINEAR LINEAR LINEAR LINEAR LINEAR
LINEAR LINEAR LINEAR LINEAR</Name_array><technique_common><accessor source="#Neck-Interpolations-array" count="39"><param type="name"/></accessor></technique_common></source><sampler id="Neck-Matrix-animation-transform"><input semantic="INPUT" source="#Neck-Matrix-animation-input"/><input semantic="OUTPUT" source="#Neck-Matrix-animation-output-transform"/><input semantic="INTERPOLATION" source="#Neck-Interpolations"/></sampler><channel source="#Neck-Matrix-animation-transform" target="Neck/matrix"/></animation>
    <animation id="Head-anim" name="Head"><source id="Head-Matrix-animation-input"><float_array id="Head-Matrix-animation-input-array" count="39">

0.000000 0.033333 0.066667 0.100000 0.133333 0.166667 0.200000 0.233333 0.266667 0.300000 0.333333 0.366667 0.400000 0.433333 0.466667 0.500000
0.533333 0.566667 0.600000 0.633333 0.666667 0.700000 0.733333 0.766667 0.800000 0.833333 0.866667 0.900000 0.933333 0.966667 1.000000 1.033333
1.066667 1.100000 1.133333 1.166667 1.200000 1.233333 1.266667</float_array><technique_common><accessor source="#Head-Matrix-animation-input-array" count="39"><param name="TIME" type="float"/></accessor></technique_common></source><source id="Head-Matrix-animation-output-transform"><float_array id="Head-Matrix-animation-output-transform-array" count="624">

0.575399 -0.024191 0.817515 0.000000 -0.239970 0.950576 0.197028 5.564000 -0.781876 -0.309549 0.541156 0.988100 0.000000 0.000000 0.000000 1.000000
0.575280 -0.031386 0.817354 0.000000 -0.235022 0.950784 0.201926 5.564000 -0.783465 -0.308260 0.539591 0.988100 0.000000 0.000000 0.000000 1.000000
