<?xml version="1.0" encoding="utf-8"?>
<COLLADA xmlns="http://www.collada.org/2005/11/COLLADASchema" version="1.4.1">
  <asset><contributor><author>Mixamo</author><authoring_tool>COLLADA Mixamo exporter</authoring_tool><comments></comments></contributor><created>2018-10-29T20:05:57Z</created><modified>2018-10-29T20:05:57Z</modified><revision></revision><title></title><unit meter="0.010000"/><up_axis>Y_UP</up_axis></asset>
  <library_animations>
    <animation id="Hips-anim" name="Hips"><source id="Hips-Matrix-animation-input"><float_array id="Hips-Matrix-animation-input-array" count="301">

0.000000 0.033333 0.066667 0.100000 0.133333 0.166667 0.200000 0.233333 0.266667 0.300000 0.333333 0.366667 0.400000 0.433333 0.466667 0.500000
0.533333 0.566667 0.600000 0.633333 0.666667 0.700000 0.733333 0.766667 0.800000 0.833333 0.866667 0.900000 0.933333 0.966667 1.000000 1.033333
1.066667 1.100000 1.133333 1.166667 1.200000 1.233333 1.266667 1.300000 1.333333 1.366667 1.400000 1.433333 1.466667 1.500000 1.533333 1.566667
1.600000 1.633333 1.666667 1.700000 1.733333 1.766667 1.800000 1.833333 1.866667 1.900000 1.933333 1.966667 2.000000 2.033333 2.066667 2.100000
2.133333 2.166667 2.200000 2.233333 2.266667 2.300000 2.333333 2.366667 2.400000 2.433333 2.466667 2.500000 2.533333 2.566667 2.600000 2.633333
2.666667 2.700000 2.733333 2.766667 2.800000 2.833333 2.866667 2.900000 2.933333 2.966667 3.000000 3.033333 3.066667 3.100000 3.133333 3.166667
3.200000 3.233333 3.266667 3.300000 3.333333 3.366667 3.400000 3.433333 3.466667 3.500000 3.533333 3.566667 3.600000 3.633333 3.666667 3.700000
3.733333 3.766667 3.800000 3.833333 3.866667 3.900000 3.933333 3.966667 4.000000 4.033333 4.066667 4.100000 4.133333 4.166667 4.200000 4.233333
4.266667 4.300000 4.333333 4.366667 4.400000 4.433333 4.466667 4.500000 4.533333 4.566667 4.600000 4.633333 4.666667 4.700000 4.733333 4.766667
4.800000 4.833333 4.866667 4.900000 4.933333 4.966667 5.000000 5.033333 5.066667 5.100000 5.133333 5.166667 5.200000 5.233333 5.266667 5.300000
5.333333 5.366667 5.400000 5.433333 5.466667 5.500000 5.533333 5.566667 5.600000 5.633333 5.666667 5.700000 5.733333 5.766667 5.800000 5.833333
5.866667 5.900000 5.933333 5.966667 6.000000 6.033333 6.066667 6.100000 6.133333 6.166667 6.200000 6.233333 6.266667 6.300000 6.333333 6.366667
6.400000 6.433333 6.466667 6.500000 6.533333 6.566667 6.600000 6.633333 6.666667 6.700000 6.733333 6.766667 6.800000 6.833333 6.866667 6.900000
6.933333 6.966667 7.000000 7.033333 7.066667 7.100000 7.133333 7.166667 7.200000 7.233333 7.266667 7.300000 7.333333 7.366667 7.400000 7.433333
7.466667 7.500000 7.533333 7.566667 7.600000 7.633333 7.666667 7.700000 7.733333 7.766667 7.800000 7.833333 7.866667 7.900000 7.933333 7.966667
8.000000 8.033333 8.066667 8.100000 8.133333 8.166667 8.200000 8.233333 8.266667 8.300000 8.333333 8.366667 8.400000 8.433333 8.466667 8.500000
8.533333 8.566667 8.600000 8.633333 8.666667 8.700000 8.733333 8.766667 8.800000 8.833333 8.866667 8.900000 8.933333 8.966667 9.000000 9.033333
9.066667 9.100000 9.133333 9.166667 9.200000 9.233333 9.266667 9.300000 9.333333 9.366667 9.400000 9.433333 9.466667 9.500000 9.533333 9.566667
9.600000 9.633333 9.666667 9.700000 9.733333 9.766667 9.800000 9.833333 9.866667 9.900000 9.933333 9.966667 10.000000</float_array><technique_common><accessor source="#Hips-Matrix-animation-input-array" count="301"><param name="TIME" type="float"/></accessor></technique_common></source><source id="Hips-Matrix-animation-output-transform"><float_array id="Hips-Matrix-animation-output-transform-array" count="4816">

0.729014 0.051118 -0.682587 -0.077046 0.002668 0.996988 0.077513 88.420921 0.684493 -0.058329 0.726682 -0.604186 0.000000 0.000000 0.000000 1.000000
0.728710 0.051383 -0.682892 -0.065228 0.002676 0.996960 0.077869 88.430077 0.684817 -0.058572 0.726357 -0.614589 0.000000 0.000000 0.000000 1.000000
0.728492 0.051711 -0.683100 -0.051655 0.002610 0.996930 0.078252 88.439781 0.685050 -0.058789 0.726120 -0.620878 0.000000 0.000000 0.000000 1.000000
0.728489 0.052098 -0.683074 -0.037987 0.002440 0.996900 0.078635 88.450768 0.685053 -0.058951 0.726104 -0.620090 0.000000 0.000000 0.000000 1.000000
0.728768 0.052517 -0.682744 -0.026639 0.002214 0.996869 0.079042 88.463379 0.684757 -0.059115 0.726370 -0.609703 0.000000 0.000000 0.000000 1.000000
0.729265 0.052962 -0.682179 -0.019087 0.002035 0.996828 0.079565 88.477112 0.684229 -0.059412 0.726843 -0.589332 0.000000 0.000000 0.000000 1.000000
0.729821 0.053436 -0.681547 -0.014942 0.001964 0.996772 0.080255 88.492439 0.683635 -0.059911 0.727361 -0.560538 0.000000 0.000000 0.000000 1.000000
0.730269 0.053894 -0.681031 -0.012809 0.001987 0.996712 0.081006 88.511688 0.683157 -0.060509 0.727760 -0.525143 0.000000 0.000000 0.000000 1.000000
0.730513 0.054251 -0.680741 -0.011135 0.002036 0.996662 0.081613 88.536804 0.682896 -0.061006 0.727964 -0.483924 0.000000 0.000000 0.000000 1.000000
0.730539 0.054495 -0.680693 -0.007958 0.002056 0.996631 0.081995 88.566307 0.682868 -0.061300 0.727966 -0.437457 0.000000 0.000000 0.000000 1.000000
0.730378 0.054715 -0.680848 -0.000363 0.002043 0.996607 0.082283 88.595024 0.683040 -0.061489 0.727788 -0.387599 0.000000 0.000000 0.000000 1.000000
0.730124 0.055006 -0.681098 0.013877 0.002057 0.996573 0.082690 88.617111 0.683312 -0.061775 0.727508 -0.337633 0.000000 0.000000 0.000000 1.000000
0.729977 0.055392 -0.681223 0.033090 0.002143 0.996520 0.083327 88.630798 0.683468 -0.062286 0.727318 -0.290145 0.000000 0.000000 0.000000 1.000000
0.730168 0.055859 -0.680981 0.051729 0.002259 0.996450 0.084158 88.640556 0.683264 -0.062988 0.727449 -0.245373 0.000000 0.000000 0.000000 1.000000
0.730702 0.056384 -0.680364 0.064379 0.002298 0.996375 0.085040 88.654427 0.682693 -0.063703 0.727924 -0.202160 0.000000 0.000000 0.000000 1.000000
0.731262 0.056905 -0.679719 0.070621 0.002193 0.996313 0.085770 88.678207 0.682094 -0.064211 0.728440 -0.160529 0.000000 0.000000 0.000000 1.000000
0.731437 0.057338 -0.679494 0.074531 0.001967 0.996277 0.086187 88.710953 0.681906 -0.064376 0.728601 -0.121925 0.000000 0.000000 0.000000 1.000000
0.731106 0.057650 -0.679823 0.080213 0.001698 0.996267 0.086310 88.746338 0.682261 -0.064256 0.728279 -0.087216 0.000000 0.000000 0.000000 1.000000
0.730537 0.057891 -0.680415 0.088344 0.001459 0.996266 0.086330 88.777512 0.682872 -0.064060 0.727724 -0.054988 0.000000 0.000000 0.000000 1.000000
0.730107 0.058123 -0.680856 0.096954 0.001288 0.996257 0.086429 88.800888 0.683332 -0.063980 0.727299 -0.022223 0.000000 0.000000 0.000000 1.000000
0.730003 0.058344 -0.680949 0.103949 0.001199 0.996239 0.086644 88.817444 0.683443 -0.064067 0.727187 0.013987 0.000000 0.000000 0.000000 1.000000
0.730155 0.058512 -0.680772 0.108461 0.001192 0.996216 0.086903 88.830856 0.683281 -0.064265 0.727322 0.054607 0.000000 0.000000 0.000000 1.000000
0.730398 0.058607 -0.680503 0.110974 0.001250 0.996195 0.087138 88.844482 0.683020 -0.064496 0.727546 0.098169 0.000000 0.000000 0.000000 1.000000
0.730593 0.058646 -0.680290 0.112511 0.001340 0.996180 0.087317 88.858910 0.682811 -0.064705 0.727724 0.141348 0.000000 0.000000 0.000000 1.000000
0.730644 0.058637 -0.680236 0.114162 0.001436 0.996171 0.087413 88.872208 0.682757 -0.064845 0.727762 0.179816 0.000000 0.000000 0.000000 1.000000
0.730500 0.058572 -0.680396 0.116594 0.001522 0.996173 0.087390 88.882301 0.682911 -0.064874 0.727615 0.209294 0.000000 0.000000 0.000000 1.000000
0.730205 0.058468 -0.680722 0.119441 0.001566 0.996186 0.087242 88.889153 0.683226 -0.064770 0.727328 0.227371 0.000000 0.000000 0.000000 1.000000
0.729894 0.058374 -0.681064 0.121712 0.001526 0.996205 0.087019 88.894226 0.683559 -0.064554 0.727035 0.234611 0.000000 0.000000 0.000000 1.000000
0.729657 0.058316 -0.681322 0.123077 0.001411 0.996226 0.086781 88.897232 0.683812 -0.064281 0.726821 0.232945 0.000000 0.000000 0.000000 1.000000
0.729487 0.058272 -0.681508 0.124703 0.001290 0.996245 0.086564 88.894684 0.683994 -0.064027 0.726672 0.223433 0.000000 0.000000 0.000000 1.000000
0.729362 0.058218 -0.681647 0.127903 0.001235 0.996259 0.086409 88.882126 0.684127 -0.063866 0.726561 0.205986 0.000000 0.000000 0.000000 1.000000
0.729340 0.058193 -0.681672 0.132904 0.001241 0.996262 0.086377 88.859138 0.684151 -0.063844 0.726541 0.180935 0.000000 0.000000 0.000000 1.000000
0.729493 0.058262 -0.681502 0.138193 0.001236 0.996252 0.086494 88.831627 0.683987 -0.063939 0.726687 0.149833 0.000000 0.000000 0.000000 1.000000
0.729777 0.058403 -0.681186 0.141492 0.001169 0.996237 0.086667 88.808975 0.683685 -0.064044 0.726962 0.115221 0.000000 0.000000 0.000000 1.000000
0.729998 0.058477 -0.680943 0.141812 0.001070 0.996234 0.086700 88.797737 0.683449 -0.064019 0.727186 0.079153 0.000000 0.000000 0.000000 1.000000
0.729951 0.058345 -0.681005 0.140838 0.001017 0.996256 0.086445 88.796310 0.683499 -0.063793 0.727159 0.041865 0.000000 0.000000 0.000000 1.000000
0.729595 0.058026 -0.681413 0.141881 0.001056 0.996297 0.085970 88.795258 0.683879 -0.063443 0.726832 0.002035 0.000000 0.000000 0.000000 1.000000
0.729135 0.057697 -0.681934 0.146368 0.001151 0.996335 0.085528 88.783821 0.684369 -0.063146 0.726396 -0.040876 0.000000 0.000000 0.000000 1.000000
0.728876 0.057510 -0.682226 0.152261 0.001242 0.996353 0.085318 88.758041 0.684645 -0.063034 0.726146 -0.084573 0.000000 0.000000 0.000000 1.000000
0.728950 0.057437 -0.682153 0.156023 0.001323 0.996354 0.085306 88.723732 0.684566 -0.063086 0.726216 -0.125275 0.000000 0.000000 0.000000 1.000000
0.729185 0.057335 -0.681911 0.155899 0.001427 0.996354 0.085300 88.691360 0.684315 -0.063173 0.726445 -0.160883 0.000000 0.000000 0.000000 1.000000
0.729275 0.057123 -0.681832 0.152753 0.001570 0.996367 0.085153 88.668510 0.684219 -0.063170 0.726536 -0.192728 0.000000 0.000000 0.000000 1.000000
0.729040 0.056833 -0.682108 0.148391 0.001728 0.996391 0.084866 88.655113 0.684469 -0.063049 0.726310 -0.224630 0.000000 0.000000 0.000000 1.000000
0.728541 0.056527 -0.682666 0.144545 0.001886 0.996420 0.084519 88.644859 0.684999 -0.062863 0.725826 -0.260711 0.000000 0.000000 0.000000 1.000000
0.727994 0.056240 -0.683273 0.142423 0.002030 0.996448 0.084180 88.631004 0.685581 -0.062670 0.725294 -0.303310 0.000000 0.000000 0.000000 1.000000
0.727596 0.055994 -0.683717 0.142321 0.002131 0.996474 0.083876 88.610687 0.686002 -0.062485 0.724911 -0.352040 0.000000 0.000000 0.000000 1.000000
0.727433 0.055799 -0.683906 0.143274 0.002163 0.996497 0.083603 88.586037 0.686175 -0.062295 0.724764 -0.404090 0.000000 0.000000 0.000000 1.000000
0.727473 0.055615 -0.683879 0.143984 0.002154 0.996519 0.083332 88.561813 0.686133 -0.062095 0.724821 -0.455854 0.000000 0.000000 0.000000 1.000000
0.727633 0.055382 -0.683727 0.144286 0.002172 0.996545 0.083032 88.541870 0.685963 -0.061902 0.724998 -0.504285 0.000000 0.000000 0.000000 1.000000
0.727802 0.055068 -0.683573 0.145724 0.002261 0.996573 0.082691 88.526535 0.685784 -0.061729 0.725183 -0.547039 0.000000 0.000000 0.000000 1.000000
0.727855 0.054700 -0.683546 0.150160 0.002413 0.996603 0.082321 88.513031 0.685727 -0.061567 0.725250 -0.582147 0.000000 0.000000 0.000000 1.000000
0.727715 0.054353 -0.683723 0.157679 0.002568 0.996632 0.081962 88.498535 0.685875 -0.061401 0.725124 -0.608559 0.000000 0.000000 0.000000 1.000000
0.727412 0.054110 -0.684064 0.166411 0.002664 0.996656 0.081668 88.482880 0.686195 -0.061229 0.724836 -0.627090 0.000000 0.000000 0.000000 1.000000
0.727065 0.053994 -0.684443 0.174084 0.002678 0.996672 0.081469 88.468033 0.686564 -0.061066 0.724501 -0.640396 0.000000 0.000000 0.000000 1.000000
0.726803 0.053939 -0.684725 0.179215 0.002648 0.996684 0.081324 88.455910 0.686841 -0.060919 0.724250 -0.651620 0.000000 0.000000 0.000000 1.000000
0.726708 0.053846 -0.684833 0.181613 0.002621 0.996699 0.081149 88.447174 0.686942 -0.060767 0.724168 -0.662805 0.000000 0.000000 0.000000 1.000000
0.726778 0.053669 -0.684772 0.182258 0.002609 0.996720 0.080886 88.441437 0.686867 -0.060573 0.724254 -0.674560 0.000000 0.000000 0.000000 1.000000
0.726907 0.053416 -0.684656 0.182939 0.002611 0.996748 0.080537 88.437630 0.686731 -0.060330 0.724404 -0.686774 0.000000 0.000000 0.000000 1.000000
0.726951 0.053116 -0.684632 0.184956 0.002649 0.996780 0.080146 88.434364 0.686684 -0.060076 0.724469 -0.698668 0.000000 0.000000 0.000000 1.000000
0.726846 0.052812 -0.684767 0.188212 0.002734 0.996809 0.079780 88.430786 0.686795 -0.059860 0.724382 -0.708040 0.000000 0.000000 0.000000 1.000000
0.726643 0.052577 -0.685001 0.191551 0.002826 0.996830 0.079509 88.427650 0.687010 -0.059710 0.724191 -0.711201 0.000000 0.000000 0.000000 1.000000
0.726455 0.052475 -0.685208 0.193841 0.002864 0.996841 0.079377 88.427094 0.687209 -0.059626 0.724009 -0.704753 0.000000 0.000000 0.000000 1.000000
0.726343 0.052507 -0.685324 0.194552 0.002826 0.996841 0.079369 88.431549 0.687327 -0.059586 0.723900 -0.687416 0.000000 0.000000 0.000000 1.000000
0.726263 0.052620 -0.685400 0.193777 0.002733 0.996837 0.079426 88.442223 0.687411 -0.059557 0.723822 -0.660493 0.000000 0.000000 0.000000 1.000000
0.726106 0.052765 -0.685556 0.192091 0.002626 0.996831 0.079504 88.458183 0.687578 -0.059529 0.723666 -0.626466 0.000000 0.000000 0.000000 1.000000
0.725803 0.052933 -0.685863 0.189838 0.002540 0.996822 0.079620 88.477020 0.687898 -0.059530 0.723362 -0.587574 0.000000 0.000000 0.000000 1.000000
0.725401 0.053148 -0.686271 0.186786 0.002489 0.996806 0.079828 88.496048 0.688322 -0.059615 0.722952 -0.545290 0.000000 0.000000 0.000000 1.000000
0.725033 0.053432 -0.686638 0.182316 0.002468 0.996778 0.080172 88.514053 0.688710 -0.059822 0.722565 -0.500855 0.000000 0.000000 0.000000 1.000000
0.724808 0.053778 -0.686848 0.175866 0.002459 0.996741 0.080636 88.531647 0.688946 -0.060135 0.722314 -0.455587 0.000000 0.000000 0.000000 1.000000
0.724747 0.054142 -0.686884 0.167295 0.002446 0.996699 0.081143 88.550735 0.689010 -0.060489 0.722223 -0.410599 0.000000 0.000000 0.000000 1.000000
0.724787 0.054472 -0.686816 0.156483 0.002421 0.996662 0.081601 88.573303 0.688969 -0.060806 0.722236 -0.366024 0.000000 0.000000 0.000000 1.000000
0.724842 0.054732 -0.686737 0.143974 0.002391 0.996633 0.081954 88.599953 0.688911 -0.061046 0.722271 -0.320953 0.000000 0.000000 0.000000 1.000000
0.724853 0.054912 -0.686712 0.131396 0.002392 0.996612 0.082217 88.629395 0.688900 -0.061237 0.722265 -0.274519 0.000000 0.000000 0.000000 1.000000
0.724813 0.055026 -0.686744 0.120605 0.002470 0.996591 0.082460 88.658722 0.688941 -0.061465 0.722207 -0.227143 0.000000 0.000000 0.000000 1.000000
0.724795 0.055135 -0.686755 0.111696 0.002629 0.996564 0.082783 88.685097 0.688960 -0.061806 0.722159 -0.180318 0.000000 0.000000 0.000000 1.000000
0.724891 0.055336 -0.686637 0.102779 0.002795 0.996524 0.083261 88.707787 0.688858 -0.062275 0.722217 -0.135144 0.000000 0.000000 0.000000 1.000000
0.725124 0.055697 -0.686362 0.091931 0.002875 0.996470 0.083900 88.728638 0.688612 -0.062811 0.722404 -0.091659 0.000000 0.000000 0.000000 1.000000
0.725385 0.056192 -0.686046 0.079148 0.002840 0.996410 0.084615 88.750702 0.688337 -0.063327 0.722621 -0.049689 0.000000 0.000000 0.000000 1.000000
0.725538 0.056702 -0.685842 0.066146 0.002757 0.996352 0.085290 88.775658 0.688176 -0.063772 0.722735 -0.009946 0.000000 0.000000 0.000000 1.000000
0.725560 0.057101 -0.685785 0.054321 0.002721 0.996306 0.085834 88.802666 0.688153 -0.064144 0.722725 0.026085 0.000000 0.000000 0.000000 1.000000
0.725576 0.057332 -0.685749 0.043947 0.002764 0.996272 0.086218 88.829147 0.688136 -0.064453 0.722713 0.057138 0.000000 0.000000 0.000000 1.000000
0.725740 0.057436 -0.685567 0.034703 0.002850 0.996249 0.086482 88.852005 0.687963 -0.064717 0.722854 0.082777 0.000000 0.000000 0.000000 1.000000
0.726088 0.057498 -0.685194 0.027177 0.002934 0.996229 0.086708 88.868721 0.687596 -0.064968 0.723181 0.103205 0.000000 0.000000 0.000000 1.000000
0.726495 0.057591 -0.684755 0.022289 0.002995 0.996207 0.086963 88.878632 0.687166 -0.065229 0.723567 0.119169 0.000000 0.000000 0.000000 1.000000
0.726768 0.057746 -0.684451 0.019884 0.003009 0.996183 0.087241 88.883659 0.686876 -0.065464 0.723820 0.131790 0.000000 0.000000 0.000000 1.000000
0.726795 0.057939 -0.684406 0.018191 0.002950 0.996163 0.087464 88.887474 0.686848 -0.065588 0.723836 0.142263 0.000000 0.000000 0.000000 1.000000
0.726581 0.058089 -0.684621 0.015515 0.002835 0.996158 0.087531 88.893082 0.687075 -0.065539 0.723624 0.151471 0.000000 0.000000 0.000000 1.000000
0.726213 0.058093 -0.685010 0.011865 0.002740 0.996171 0.087385 88.900558 0.687464 -0.065337 0.723274 0.159526 0.000000 0.000000 0.000000 1.000000
0.725825 0.057910 -0.685438 0.008378 0.002733 0.996199 0.087059 88.906563 0.687874 -0.065063 0.722908 0.165652 0.000000 0.000000 0.000000 1.000000
0.725557 0.057621 -0.685746 0.005975 0.002801 0.996233 0.086675 88.906898 0.688157 -0.064809 0.722662 0.167983 0.000000 0.000000 0.000000 1.000000
0.725518 0.057370 -0.685808 0.004876 0.002846 0.996261 0.086351 88.899811 0.688198 -0.064601 0.722641 0.164420 0.000000 0.000000 0.000000 1.000000
0.725701 0.057229 -0.685626 0.004872 0.002775 0.996283 0.086097 88.887428 0.688005 -0.064384 0.722845 0.153881 0.000000 0.000000 0.000000 1.000000
0.725964 0.057161 -0.685353 0.005616 0.002577 0.996307 0.085825 88.873856 0.687728 -0.064071 0.723135 0.136663 0.000000 0.000000 0.000000 1.000000
0.726119 0.057084 -0.685195 0.006820 0.002305 0.996340 0.085449 88.862091 0.687565 -0.063626 0.723330 0.113982 0.000000 0.000000 0.000000 1.000000
0.726072 0.056946 -0.685257 0.008687 0.002026 0.996383 0.084948 88.852333 0.687616 -0.063067 0.723330 0.087200 0.000000 0.000000 0.000000 1.000000
0.725856 0.056736 -0.685503 0.012017 0.001778 0.996434 0.084353 88.842804 0.687845 -0.062447 0.723167 0.057404 0.000000 0.000000 0.000000 1.000000
0.725576 0.056478 -0.685820 0.017842 0.001575 0.996487 0.083728 88.831131 0.688140 -0.061831 0.722938 0.025383 0.000000 0.000000 0.000000 1.000000
0.725356 0.056223 -0.686074 0.026251 0.001408 0.996536 0.083153 88.815941 0.688372 -0.061282 0.722764 -0.008055 0.000000 0.000000 0.000000 1.000000
0.725303 0.056010 -0.686148 0.036305 0.001257 0.996576 0.082678 88.797226 0.688429 -0.060829 0.722748 -0.041908 0.000000 0.000000 0.000000 1.000000
0.725449 0.055835 -0.686008 0.046791 0.001101 0.996609 0.082280 88.776230 0.688275 -0.060445 0.722927 -0.075254 0.000000 0.000000 0.000000 1.000000
0.725727 0.055661 -0.685728 0.056981 0.000939 0.996641 0.081891 88.754585 0.687983 -0.060075 0.723236 -0.107941 0.000000 0.000000 0.000000 1.000000
0.725994 0.055444 -0.685462 0.066610 0.000801 0.996676 0.081465 88.733368 0.687700 -0.059692 0.723537 -0.140764 0.000000 0.000000 0.000000 1.000000
0.726143 0.055174 -0.685327 0.075717 0.000728 0.996713 0.081014 88.712502 0.687544 -0.059327 0.723715 -0.174879 0.000000 0.000000 0.000000 1.000000
0.726154 0.054882 -0.685339 0.084251 0.000732 0.996747 0.080595 88.690781 0.687532 -0.059026 0.723751 -0.210999 0.000000 0.000000 0.000000 1.000000
0.726086 0.054603 -0.685432 0.092004 0.000790 0.996775 0.080242 88.667061 0.687603 -0.058804 0.723702 -0.249084 0.000000 0.000000 0.000000 1.000000
0.726007 0.054346 -0.685537 0.098660 0.000866 0.996799 0.079939 88.641754 0.687687 -0.058630 0.723636 -0.288872 0.000000 0.000000 0.000000 1.000000
0.725940 0.054104 -0.685627 0.104023 0.000938 0.996822 0.079653 88.616982 0.687758 -0.058466 0.723582 -0.330097 0.000000 0.000000 0.000000 1.000000
0.725880 0.053883 -0.685707 0.107979 0.000994 0.996843 0.079385 88.594360 0.687820 -0.058306 0.723536 -0.372586 0.000000 0.000000 0.000000 1.000000
0.725821 0.053713 -0.685783 0.110564 0.001031 0.996861 0.079169 88.573914 0.687883 -0.058169 0.723487 -0.415820 0.000000 0.000000 0.000000 1.000000
0.725762 0.053599 -0.685855 0.112230 0.001056 0.996872 0.079022 88.554749 0.687945 -0.058075 0.723435 -0.459093 0.000000 0.000000 0.000000 1.000000
0.725714 0.053507 -0.685913 0.113788 0.001094 0.996880 0.078922 88.536842 0.687996 -0.058026 0.723391 -0.501736 0.000000 0.000000 0.000000 1.000000
0.725698 0.053403 -0.685937 0.116076 0.001169 0.996886 0.078849 88.520531 0.688012 -0.058022 0.723376 -0.543225 0.000000 0.000000 0.000000 1.000000
0.725742 0.053299 -0.685899 0.119698 0.001269 0.996889 0.078808 88.505432 0.687965 -0.058064 0.723417 -0.582539 0.000000 0.000000 0.000000 1.000000
0.725836 0.053222 -0.685806 0.125222 0.001364 0.996889 0.078807 88.490387 0.687867 -0.058136 0.723505 -0.618604 0.000000 0.000000 0.000000 1.000000
0.725929 0.053180 -0.685711 0.133333 0.001431 0.996887 0.078828 88.475266 0.687768 -0.058205 0.723593 -0.651188 0.000000 0.000000 0.000000 1.000000
0.725983 0.053158 -0.685655 0.144022 0.001467 0.996886 0.078841 88.461319 0.687711 -0.058243 0.723644 -0.681357 0.000000 0.000000 0.000000 1.000000
0.726007 0.053145 -0.685631 0.156270 0.001481 0.996886 0.078839 88.450294 0.687686 -0.058253 0.723668 -0.710251 0.000000 0.000000 0.000000 1.000000
0.726043 0.053125 -0.685594 0.168739 0.001500 0.996887 0.078834 88.443008 0.687648 -0.058265 0.723703 -0.737870 0.000000 0.000000 0.000000 1.000000
0.726113 0.053083 -0.685523 0.180752 0.001556 0.996886 0.078842 88.439201 0.687573 -0.058315 0.723770 -0.762855 0.000000 0.000000 0.000000 1.000000
0.726209 0.053027 -0.685426 0.192554 0.001656 0.996883 0.078878 88.438217 0.687472 -0.058417 0.723857 -0.783168 0.000000 0.000000 0.000000 1.000000
0.726307 0.052985 -0.685325 0.204462 0.001781 0.996876 0.078960 88.439949 0.687368 -0.058570 0.723944 -0.796535 0.000000 0.000000 0.000000 1.000000
0.726383 0.052995 -0.685244 0.216172 0.001905 0.996864 0.079114 88.444672 0.687287 -0.058772 0.724004 -0.801092 0.000000 0.000000 0.000000 1.000000
0.726424 0.053090 -0.685193 0.226842 0.002005 0.996844 0.079364 88.452179 0.687244 -0.059026 0.724025 -0.796104 0.000000 0.000000 0.000000 1.000000
0.726409 0.053298 -0.685193 0.235965 0.002066 0.996815 0.079728 88.461502 0.687260 -0.059331 0.723984 -0.781867 0.000000 0.000000 0.000000 1.000000
0.726308 0.053617 -0.685275 0.243799 0.002085 0.996777 0.080200 88.472008 0.687366 -0.059679 0.723855 -0.759232 0.000000 0.000000 0.000000 1.000000
0.726127 0.054032 -0.685434 0.250425 0.002065 0.996732 0.080758 88.483948 0.687558 -0.060056 0.723642 -0.729270 0.000000 0.000000 0.000000 1.000000
0.725937 0.054512 -0.685597 0.255230 0.002008 0.996682 0.081373 88.497604 0.687758 -0.060448 0.723419 -0.693309 0.000000 0.000000 0.000000 1.000000
0.725857 0.054996 -0.685644 0.257337 0.001918 0.996633 0.081971 88.513466 0.687843 -0.060814 0.723307 -0.652595 0.000000 0.000000 0.000000 1.000000
0.725957 0.055394 -0.685506 0.256588 0.001812 0.996593 0.082451 88.532692 0.687738 -0.061098 0.723383 -0.607921 0.000000 0.000000 0.000000 1.000000
0.726190 0.055657 -0.685238 0.253813 0.001717 0.996568 0.082764 88.557068 0.687492 -0.061279 0.723602 -0.559715 0.000000 0.000000 0.000000 1.000000
0.726415 0.055806 -0.684986 0.249893 0.001662 0.996552 0.082952 88.587006 0.687254 -0.061396 0.723818 -0.508180 0.000000 0.000000 0.000000 1.000000
0.726491 0.055895 -0.684899 0.245420 0.001671 0.996540 0.083101 88.620407 0.687174 -0.061516 0.723884 -0.453594 0.000000 0.000000 0.000000 1.000000
0.726382 0.055983 -0.685008 0.241121 0.001745 0.996524 0.083293 88.653313 0.687289 -0.061698 0.723759 -0.396856 0.000000 0.000000 0.000000 1.000000
0.726210 0.056152 -0.685175 0.237228 0.001832 0.996497 0.083609 88.681824 0.687470 -0.061973 0.723564 -0.339821 0.000000 0.000000 0.000000 1.000000
0.726142 0.056472 -0.685222 0.233184 0.001866 0.996456 0.084100 88.704544 0.687543 -0.062347 0.723463 -0.284721 0.000000 0.000000 0.000000 1.000000
0.726233 0.056918 -0.685088 0.227672 0.001837 0.996402 0.084730 88.723511 0.687446 -0.062793 0.723516 -0.233209 0.000000 0.000000 0.000000 1.000000
0.726400 0.057373 -0.684874 0.219762 0.001807 0.996347 0.085383 88.742531 0.687270 -0.063259 0.723642 -0.185987 0.000000 0.000000 0.000000 1.000000
0.726517 0.057729 -0.684719 0.209998 0.001832 0.996298 0.085942 88.764511 0.687146 -0.063693 0.723722 -0.143034 0.000000 0.000000 0.000000 1.000000
0.726532 0.057959 -0.684684 0.200016 0.001905 0.996262 0.086356 88.789581 0.687130 -0.064045 0.723706 -0.104107 0.000000 0.000000 0.000000 1.000000
0.726472 0.058114 -0.684734 0.191149 0.001971 0.996238 0.086642 88.815765 0.687193 -0.064292 0.723624 -0.068933 0.000000 0.000000 0.000000 1.000000
0.726389 0.058253 -0.684811 0.183434 0.002005 0.996218 0.086869 88.840569 0.687281 -0.064474 0.723525 -0.037567 0.000000 0.000000 0.000000 1.000000
0.726344 0.058412 -0.684844 0.175805 0.002042 0.996195 0.087134 88.862129 0.687328 -0.064688 0.723461 -0.010232 0.000000 0.000000 0.000000 1.000000
0.726395 0.058592 -0.684775 0.167010 0.002125 0.996163 0.087490 88.879776 0.687274 -0.065008 0.723484 0.012925 0.000000 0.000000 0.000000 1.000000
0.726557 0.058781 -0.684587 0.156762 0.002241 0.996126 0.087909 88.893730 0.687102 -0.065405 0.723611 0.032055 0.000000 0.000000 0.000000 1.000000
0.726760 0.058968 -0.684356 0.145417 0.002338 0.996090 0.088312 88.904312 0.686888 -0.065782 0.723780 0.047020 0.000000 0.000000 0.000000 1.000000
0.726872 0.059131 -0.684223 0.133728 0.002401 0.996062 0.088631 88.911346 0.686769 -0.066066 0.723867 0.057318 0.000000 0.000000 0.000000 1.000000
0.726814 0.059231 -0.684275 0.122510 0.002465 0.996043 0.088836 88.914520 0.686830 -0.066254 0.723792 0.062830 0.000000 0.000000 0.000000 1.000000
0.726634 0.059246 -0.684466 0.112190 0.002562 0.996034 0.088934 88.913811 0.687020 -0.066376 0.723600 0.064000 0.000000 0.000000 0.000000 1.000000
0.726470 0.059176 -0.684645 0.102185 0.002683 0.996034 0.088938 88.909660 0.687192 -0.066448 0.723430 0.061327 0.000000 0.000000 0.000000 1.000000
0.726446 0.059037 -0.684683 0.090797 0.002795 0.996041 0.088850 88.903221 0.687218 -0.066458 0.723405 0.055076 0.000000 0.000000 0.000000 1.000000
0.726594 0.058828 -0.684544 0.076441 0.002880 0.996058 0.088656 88.896133 0.687061 -0.066388 0.723560 0.045790 0.000000 0.000000 0.000000 1.000000
0.726838 0.058545 -0.684309 0.058927 0.002958 0.996084 0.088360 88.889549 0.686802 -0.066247 0.723819 0.034279 0.000000 0.000000 0.000000 1.000000
0.727058 0.058199 -0.684105 0.039700 0.003075 0.996115 0.088010 88.882797 0.686569 -0.066092 0.724054 0.020696 0.000000 0.000000 0.000000 1.000000
0.727174 0.057847 -0.684011 0.020945 0.003250 0.996142 0.087700 88.873627 0.686446 -0.065996 0.724180 0.003944 0.000000 0.000000 0.000000 1.000000
0.727218 0.057576 -0.683987 0.004348 0.003428 0.996159 0.087498 88.860435 0.686398 -0.065974 0.724228 -0.017143 0.000000 0.000000 0.000000 1.000000
0.727295 0.057403 -0.683920 -0.009546 0.003522 0.996171 0.087357 88.843613 0.686315 -0.065943 0.724308 -0.043126 0.000000 0.000000 0.000000 1.000000
0.727487 0.057240 -0.683730 -0.021198 0.003517 0.996190 0.087141 88.824913 0.686113 -0.065798 0.724514 -0.073966 0.000000 0.000000 0.000000 1.000000
0.727778 0.056983 -0.683441 -0.031501 0.003477 0.996223 0.086765 88.806252 0.685804 -0.065522 0.724831 -0.109216 0.000000 0.000000 0.000000 1.000000
0.728074 0.056633 -0.683155 -0.040837 0.003470 0.996264 0.086288 88.788750 0.685490 -0.065194 0.725158 -0.148281 0.000000 0.000000 0.000000 1.000000
0.728281 0.056267 -0.682965 -0.049067 0.003492 0.996306 0.085806 88.772278 0.685270 -0.064876 0.725394 -0.190610 0.000000 0.000000 0.000000 1.000000
0.728385 0.055908 -0.682883 -0.056009 0.003502 0.996349 0.085307 88.755867 0.685159 -0.064527 0.725530 -0.235930 0.000000 0.000000 0.000000 1.000000
0.728457 0.055499 -0.682840 -0.061448 0.003475 0.996401 0.084690 88.738747 0.685083 -0.064066 0.725643 -0.283898 0.000000 0.000000 0.000000 1.000000
0.728575 0.054986 -0.682756 -0.065462 0.003445 0.996466 0.083927 88.721107 0.684958 -0.063499 0.725810 -0.333763 0.000000 0.000000 0.000000 1.000000
0.728745 0.054387 -0.682622 -0.068994 0.003457 0.996536 0.083088 88.703873 0.684776 -0.062909 0.726033 -0.384564 0.000000 0.000000 0.000000 1.000000
0.728915 0.053744 -0.682491 -0.073348 0.003513 0.996607 0.082232 88.687576 0.684595 -0.062338 0.726253 -0.435352 0.000000 0.000000 0.000000 1.000000
0.729026 0.053089 -0.682424 -0.079161 0.003568 0.996679 0.081348 88.671143 0.684477 -0.061740 0.726415 -0.484955 0.000000 0.000000 0.000000 1.000000
0.729060 0.052456 -0.682437 -0.085992 0.003585 0.996753 0.080446 88.652725 0.684441 -0.061096 0.726504 -0.531563 0.000000 0.000000 0.000000 1.000000
0.729031 0.051899 -0.682510 -0.093460 0.003583 0.996818 0.079626 88.631042 0.684471 -0.060495 0.726526 -0.573253 0.000000 0.000000 0.000000 1.000000
0.728949 0.051442 -0.682633 -0.102085 0.003624 0.996869 0.078992 88.606651 0.684559 -0.060055 0.726480 -0.609182 0.000000 0.000000 0.000000 1.000000
0.728815 0.051047 -0.682805 -0.112915 0.003735 0.996906 0.078516 88.581482 0.684700 -0.059774 0.726370 -0.639570 0.000000 0.000000 0.000000 1.000000
0.728658 0.050648 -0.683002 -0.126422 0.003882 0.996940 0.078069 88.557831 0.684866 -0.059537 0.726232 -0.664718 0.000000 0.000000 0.000000 1.000000
0.728545 0.050209 -0.683156 -0.142511 0.004018 0.996980 0.077559 88.537483 0.684987 -0.059250 0.726142 -0.684691 0.000000 0.000000 0.000000 1.000000
0.728544 0.049739 -0.683191 -0.161121 0.004135 0.997023 0.076996 88.521042 0.684987 -0.058920 0.726169 -0.700095 0.000000 0.000000 0.000000 1.000000
0.728644 0.049264 -0.683119 -0.181970 0.004246 0.997066 0.076433 88.507271 0.684880 -0.058593 0.726296 -0.712348 0.000000 0.000000 0.000000 1.000000
0.728740 0.048821 -0.683048 -0.203946 0.004347 0.997105 0.075907 88.493988 0.684777 -0.058286 0.726418 -0.722744 0.000000 0.000000 0.000000 1.000000
0.728698 0.048457 -0.683119 -0.226182 0.004428 0.997139 0.075456 88.480156 0.684821 -0.058009 0.726399 -0.731565 0.000000 0.000000 0.000000 1.000000
0.728455 0.048193 -0.683396 -0.249356 0.004503 0.997164 0.075120 88.466759 0.685079 -0.057799 0.726173 -0.738196 0.000000 0.000000 0.000000 1.000000
0.728046 0.048001 -0.683846 -0.275320 0.004596 0.997181 0.074888 88.456192 0.685513 -0.057665 0.725773 -0.741621 0.000000 0.000000 0.000000 1.000000
0.727567 0.047848 -0.684366 -0.305689 0.004683 0.997195 0.074698 88.449677 0.686021 -0.057552 0.725302 -0.740755 0.000000 0.000000 0.000000 1.000000
0.727128 0.047766 -0.684838 -0.339844 0.004690 0.997208 0.074532 88.445343 0.686486 -0.057406 0.724874 -0.734696 0.000000 0.000000 0.000000 1.000000
0.726802 0.047837 -0.685179 -0.374930 0.004589 0.997211 0.074490 88.439789 0.686832 -0.057284 0.724555 -0.723220 0.000000 0.000000 0.000000 1.000000
0.726612 0.048085 -0.685363 -0.407789 0.004453 0.997197 0.074684 88.431641 0.687033 -0.057318 0.724362 -0.706659 0.000000 0.000000 0.000000 1.000000
0.726573 0.048427 -0.685380 -0.437137 0.004393 0.997165 0.075115 88.423576 0.687075 -0.057587 0.724301 -0.685585 0.000000 0.000000 0.000000 1.000000
0.726711 0.048740 -0.685212 -0.464405 0.004465 0.997124 0.075662 88.421471 0.686929 -0.058044 0.724403 -0.660776 0.000000 0.000000 0.000000 1.000000
0.727019 0.048941 -0.684871 -0.491398 0.004634 0.997084 0.076171 88.430260 0.686602 -0.058552 0.724672 -0.633366 0.000000 0.000000 0.000000 1.000000
0.727410 0.049025 -0.684450 -0.517560 0.004808 0.997056 0.076526 88.450012 0.686187 -0.058956 0.725032 -0.604478 0.000000 0.000000 0.000000 1.000000
0.727744 0.049070 -0.684091 -0.539896 0.004889 0.997041 0.076718 88.475052 0.685832 -0.059176 0.725351 -0.575164 0.000000 0.000000 0.000000 1.000000
0.727873 0.049207 -0.683944 -0.555633 0.004854 0.997027 0.076898 88.497665 0.685694 -0.059292 0.725471 -0.546110 0.000000 0.000000 0.000000 1.000000
0.727752 0.049534 -0.684050 -0.564964 0.004796 0.996996 0.077299 88.512840 0.685824 -0.059535 0.725328 -0.517098 0.000000 0.000000 0.000000 1.000000
0.727541 0.050046 -0.684236 -0.571447 0.004828 0.996938 0.078050 88.521851 0.686047 -0.060088 0.725072 -0.485960 0.000000 0.000000 0.000000 1.000000
0.727542 0.050627 -0.684193 -0.580009 0.004963 0.996859 0.079041 88.531418 0.686045 -0.060901 0.725006 -0.449199 0.000000 0.000000 0.000000 1.000000
0.727901 0.051132 -0.683773 -0.593374 0.005141 0.996781 0.080011 88.549545 0.685663 -0.061755 0.725295 -0.404795 0.000000 0.000000 0.000000 1.000000
0.728438 0.051486 -0.683174 -0.610399 0.005312 0.996718 0.080779 88.580139 0.685091 -0.062472 0.725774 -0.354323 0.000000 0.000000 0.000000 1.000000
0.728834 0.051746 -0.682732 -0.627292 0.005457 0.996669 0.081366 88.619705 0.684669 -0.063029 0.726124 -0.301405 0.000000 0.000000 0.000000 1.000000
0.728941 0.052038 -0.682596 -0.640323 0.005555 0.996624 0.081910 88.659981 0.684554 -0.063499 0.726191 -0.248703 0.000000 0.000000 0.000000 1.000000
0.728846 0.052426 -0.682668 -0.647843 0.005599 0.996574 0.082511 88.693954 0.684655 -0.063960 0.726055 -0.197012 0.000000 0.000000 0.000000 1.000000
0.728731 0.052882 -0.682755 -0.650664 0.005614 0.996519 0.083177 88.720123 0.684777 -0.064447 0.725897 -0.146657 0.000000 0.000000 0.000000 1.000000
0.728743 0.053349 -0.682707 -0.651199 0.005611 0.996462 0.083855 88.741364 0.684765 -0.064939 0.725865 -0.098425 0.000000 0.000000 0.000000 1.000000
0.728899 0.053765 -0.682507 -0.651230 0.005585 0.996411 0.084457 88.761345 0.684599 -0.065372 0.725983 -0.052917 0.000000 0.000000 0.000000 1.000000
0.729039 0.054062 -0.682334 -0.650361 0.005562 0.996375 0.084885 88.782013 0.684450 -0.065680 0.726095 -0.010021 0.000000 0.000000 0.000000 1.000000
0.728942 0.054205 -0.682426 -0.646837 0.005581 0.996357 0.085103 88.803429 0.684553 -0.065844 0.725984 0.030631 0.000000 0.000000 0.000000 1.000000
0.728557 0.054263 -0.682833 -0.639797 0.005628 0.996350 0.085182 88.824532 0.684962 -0.065902 0.725592 0.068927 0.000000 0.000000 0.000000 1.000000
0.728056 0.054356 -0.683359 -0.630546 0.005630 0.996344 0.085249 88.844238 0.685494 -0.065913 0.725088 0.104002 0.000000 0.000000 0.000000 1.000000
0.727677 0.054541 -0.683748 -0.621181 0.005542 0.996334 0.085373 88.861427 0.685898 -0.065913 0.724707 0.134584 0.000000 0.000000 0.000000 1.000000
0.727533 0.054765 -0.683883 -0.612409 0.005393 0.996322 0.085523 88.874657 0.686051 -0.065909 0.724562 0.159603 0.000000 0.000000 0.000000 1.000000
0.727567 0.054949 -0.683833 -0.603286 0.005248 0.996312 0.085642 88.882561 0.686017 -0.065899 0.724595 0.178822 0.000000 0.000000 0.000000 1.000000
0.727628 0.055060 -0.683758 -0.592452 0.005160 0.996306 0.085720 88.884857 0.685952 -0.065900 0.724656 0.192277 0.000000 0.000000 0.000000 1.000000
0.727636 0.055118 -0.683745 -0.579370 0.005142 0.996300 0.085786 88.883018 0.685944 -0.065936 0.724661 0.199693 0.000000 0.000000 0.000000 1.000000
0.727688 0.055154 -0.683687 -0.564269 0.005157 0.996294 0.085861 88.878609 0.685889 -0.066006 0.724707 0.200238 0.000000 0.000000 0.000000 1.000000
0.727935 0.055171 -0.683422 -0.547364 0.005155 0.996289 0.085919 88.872284 0.685626 -0.066066 0.724950 0.193073 0.000000 0.000000 0.000000 1.000000
0.728350 0.055136 -0.682983 -0.528723 0.005118 0.996292 0.085887 88.865189 0.685186 -0.066052 0.725367 0.178155 0.000000 0.000000 0.000000 1.000000
0.728675 0.055012 -0.682646 -0.508532 0.005077 0.996307 0.085708 88.859962 0.684840 -0.065919 0.725705 0.156377 0.000000 0.000000 0.000000 1.000000
0.728665 0.054813 -0.682673 -0.487003 0.005056 0.996334 0.085394 88.858894 0.684852 -0.065676 0.725717 0.128814 0.000000 0.000000 0.000000 1.000000
0.728305 0.054589 -0.683076 -0.464249 0.005053 0.996367 0.085014 88.861168 0.685235 -0.065367 0.725383 0.095812 0.000000 0.000000 0.000000 1.000000
0.727806 0.054385 -0.683623 -0.440598 0.005036 0.996400 0.084630 88.862770 0.685764 -0.065037 0.724912 0.057682 0.000000 0.000000 0.000000 1.000000
0.727448 0.054204 -0.684018 -0.417116 0.004991 0.996431 0.084269 88.859024 0.686144 -0.064715 0.724581 0.015811 0.000000 0.000000 0.000000 1.000000
0.727383 0.054013 -0.684102 -0.394769 0.004947 0.996459 0.083936 88.847725 0.686213 -0.064438 0.724540 -0.027613 0.000000 0.000000 0.000000 1.000000
0.727574 0.053762 -0.683920 -0.373568 0.004972 0.996485 0.083621 88.829605 0.686012 -0.064241 0.724749 -0.071550 0.000000 0.000000 0.000000 1.000000
0.727887 0.053448 -0.683611 -0.352897 0.005082 0.996510 0.083323 88.807030 0.685679 -0.064124 0.725074 -0.116431 0.000000 0.000000 0.000000 1.000000
0.728211 0.053153 -0.683289 -0.332822 0.005206 0.996530 0.083069 88.782158 0.685334 -0.064049 0.725407 -0.161927 0.000000 0.000000 0.000000 1.000000
0.728430 0.052961 -0.683070 -0.314483 0.005271 0.996545 0.082886 88.756927 0.685100 -0.063977 0.725634 -0.205722 0.000000 0.000000 0.000000 1.000000
0.728388 0.052842 -0.683124 -0.299413 0.005299 0.996557 0.082736 88.734085 0.685144 -0.063884 0.725601 -0.245813 0.000000 0.000000 0.000000 1.000000
0.728033 0.052683 -0.683514 -0.288908 0.005359 0.996575 0.082520 88.716537 0.685521 -0.063740 0.725258 -0.283141 0.000000 0.000000 0.000000 1.000000
0.727548 0.052421 -0.684051 -0.284012 0.005445 0.996604 0.082164 88.704849 0.686035 -0.063502 0.724792 -0.320689 0.000000 0.000000 0.000000 1.000000
0.727234 0.052121 -0.684408 -0.285095 0.005441 0.996644 0.081681 88.695160 0.686368 -0.063125 0.724509 -0.359716 0.000000 0.000000 0.000000 1.000000
0.727265 0.051922 -0.684390 -0.290489 0.005219 0.996687 0.081161 88.680420 0.686337 -0.062597 0.724585 -0.398530 0.000000 0.000000 0.000000 1.000000
0.727587 0.051913 -0.684048 -0.295850 0.004764 0.996726 0.080710 88.656212 0.685999 -0.061982 0.724958 -0.435161 0.000000 0.000000 0.000000 1.000000
0.728035 0.052040 -0.683562 -0.295950 0.004231 0.996755 0.080390 88.624687 0.685527 -0.061419 0.725452 -0.470281 0.000000 0.000000 0.000000 1.000000
0.728488 0.052143 -0.683071 -0.288619 0.003826 0.996774 0.080170 88.593269 0.685048 -0.061016 0.725938 -0.505956 0.000000 0.000000 0.000000 1.000000
0.728936 0.052087 -0.682598 -0.276179 0.003622 0.996794 0.079931 88.569176 0.684572 -0.060737 0.726410 -0.542479 0.000000 0.000000 0.000000 1.000000
0.729374 0.051846 -0.682148 -0.262199 0.003519 0.996827 0.079525 88.554947 0.684106 -0.060404 0.726877 -0.577675 0.000000 0.000000 0.000000 1.000000
0.729692 0.051474 -0.681836 -0.247709 0.003368 0.996880 0.078862 88.547211 0.683768 -0.059841 0.727242 -0.609112 0.000000 0.000000 0.000000 1.000000
0.729714 0.051071 -0.681843 -0.230692 0.003113 0.996948 0.078004 88.538811 0.683746 -0.059043 0.727328 -0.635931 0.000000 0.000000 0.000000 1.000000
0.729373 0.050748 -0.682231 -0.210067 0.002821 0.997013 0.077180 88.523811 0.684110 -0.058218 0.727051 -0.658505 0.000000 0.000000 0.000000 1.000000
0.728834 0.050585 -0.682819 -0.188238 0.002599 0.997055 0.076640 88.501869 0.684686 -0.057632 0.726556 -0.677023 0.000000 0.000000 0.000000 1.000000
0.728396 0.050608 -0.683285 -0.170020 0.002471 0.997068 0.076482 88.478577 0.685152 -0.057397 0.726135 -0.690861 0.000000 0.000000 0.000000 1.000000
0.728252 0.050785 -0.683425 -0.159010 0.002358 0.997059 0.076604 88.460785 0.685305 -0.057399 0.725991 -0.699053 0.000000 0.000000 0.000000 1.000000
0.728310 0.051020 -0.683346 -0.154349 0.002201 0.997045 0.076788 88.451332 0.685244 -0.057429 0.726045 -0.701104 0.000000 0.000000 0.000000 1.000000
0.728273 0.051174 -0.683373 -0.152108 0.002045 0.997041 0.076841 88.448349 0.685284 -0.057359 0.726014 -0.697070 0.000000 0.000000 0.000000 1.000000
0.727902 0.051164 -0.683770 -0.149226 0.001969 0.997052 0.076702 88.447891 0.685679 -0.057178 0.725655 -0.687045 0.000000 0.000000 0.000000 1.000000
0.727187 0.051034 -0.684540 -0.145586 0.001983 0.997072 0.076440 88.448830 0.686437 -0.056944 0.724956 -0.670542 0.000000 0.000000 0.000000 1.000000
0.726344 0.050878 -0.685446 -0.142977 0.002038 0.997093 0.076170 88.452179 0.687329 -0.056723 0.724128 -0.646789 0.000000 0.000000 0.000000 1.000000
0.725678 0.050742 -0.686161 -0.143091 0.002113 0.997108 0.075971 88.458359 0.688031 -0.056581 0.723472 -0.615784 0.000000 0.000000 0.000000 1.000000
0.725410 0.050629 -0.686452 -0.146357 0.002235 0.997113 0.075904 88.466454 0.688313 -0.056596 0.723203 -0.578840 0.000000 0.000000 0.000000 1.000000
0.725512 0.050567 -0.686350 -0.151658 0.002433 0.997102 0.076034 88.475807 0.688206 -0.056833 0.723286 -0.537405 0.000000 0.000000 0.000000 1.000000
