<?xml version="1.0" encoding="utf-8"?>
<COLLADA xmlns="http://www.collada.org/2005/11/COLLADASchema" version="1.4.1">
  <asset><contributor><author>Mixamo</author><authoring_tool>COLLADA Mixamo exporter</authoring_tool><comments></comments></contributor><created>2018-10-30T13:49:00Z</created><modified>2018-10-30T13:49:00Z</modified><revision></revision><title></title><unit meter="0.010000"/><up_axis>Y_UP</up_axis></asset>
  <library_animations>
    <animation id="Hips-anim" name="Hips"><source id="Hips-Matrix-animation-input"><float_array id="Hips-Matrix-animation-input-array" count="8">

0.000000 0.033333 0.066667 0.100000 0.133333 0.166667 0.200000 0.233333</float_array><technique_common><accessor source="#Hips-Matrix-animation-input-array" count="8"><param name="TIME" type="float"/></accessor></technique_common></source><source id="Hips-Matrix-animation-output-transform"><float_array id="Hips-Matrix-animation-output-transform-array" count="128">

0.768537 0.047549 -0.638036 -8.303160 0.002668 0.996988 0.077513 88.420944 0.639800 -0.061274 0.766095 -0.819116 0.000000 0.000000 0.000000 1.000000
0.786246 -0.011443 -0.617808 -7.065263 0.068482 0.995283 0.068717 88.098419 0.614108 -0.096337 0.783320 -1.985498 0.000000 0.000000 0.000000 1.000000
0.780279 -0.081628 -0.620082 -5.211623 0.127032 0.991465 0.029334 87.607681 0.612395 -0.101659 0.783989 -3.133670 0.000000 0.000000 0.000000 1.000000
0.770293 -0.138524 -0.622463 -3.862581 0.190403 0.981556 0.017184 87.052650 0.608601 -0.131755 0.782461 -4.425551 0.000000 0.000000 0.000000 1.000000
0.763003 -0.150919 -0.628530 -3.316110 0.225115 0.973530 0.039520 86.567482 0.605929 -0.171645 0.776780 -5.562848 0.000000 0.000000 0.000000 1.000000
0.765687 -0.113366 -0.633144 -3.242093 0.227078 0.968606 0.101183 86.218086 0.601796 -0.221247 0.767392 -6.241805 0.000000 0.000000 0.000000 1.000000
0.780909 -0.062833 -0.621477 -3.674198 0.235704 0.951018 0.200021 85.888756 0.578468 -0.302683 0.757468 -6.542336 0.000000 0.000000 0.000000 1.000000
0.803649 -0.013591 -0.594948 -4.419275 0.241706 0.921019 0.305455 85.556183 0.543807 -0.389281 0.743461 -6.589310 0.000000 0.000000 0.000000 1.000000</float_array><technique_common><accessor source="#Hips-Matrix-animation-output-transform-array" count="8" stride="16"><param type="float4x4"/></accessor></technique_common></source><source id="Hips-Interpolations"><Name_array id="Hips-Interpolations-array" count="8">
 LINEAR LINEAR LINEAR LINEAR LINEAR LINEAR LINEAR LINEAR</Name_array><technique_common><accessor source="#Hips-Interpolations-array" count="8"><param type="name"/></accessor></technique_common></source><sampler id="Hips-Matrix-animation-transform"><input semantic="INPUT" source="#Hips-Matrix-animation-input"/><input semantic="OUTPUT" source="#Hips-Matrix-animation-output-transform"/><input semantic="INTERPOLATION" source="#Hips-Interpolations"/></sampler><channel source="#Hips-Matrix-animation-transform" target="Hips/matrix"/></animation>
    <animation id="Spine-anim" name="Spine"><source id="Spine-Matrix-animation-input"><float_array id="Spine-Matrix-animation-input-array" count="8">

0.000000 0.033333 0.066667 0.100000 0.133333 0.166667 0.200000 0.233333</float_array><technique_common><accessor source="#Spine-Matrix-animation-input-array" count="8"><param name="TIME" type="float"/></accessor></technique_common></source><source id="Spine-Matrix-animation-output-transform"><float_array id="Spine-Matrix-animation-output-transform-array" count="128">

0.996463 0.021778 0.081168 0.017300 -0.013487 0.994762 -0.101324 10.574800 -0.082949 0.099870 0.991537 -1.117200 0.000000 0.000000 0.000000 1.000000
0.997130 0.032057 0.068583 0.017300 -0.024329 0.993558 -0.110686 10.574800 -0.071689 0.108700 0.991486 -1.117200 0.000000 0.000000 0.000000 1.000000
0.997877 0.040361 0.051116 0.017300 -0.033938 0.992094 -0.120822 10.574800 -0.055588 0.118831 0.991357 -1.117200 0.000000 0.000000 0.000000 1.000000
0.998230 0.051008 0.030572 0.017300 -0.046426 0.989705 -0.135385 10.574800 -0.037163 0.133726 0.990321 -1.117200 0.000000 0.000000 0.000000 1.000000
0.998192 0.058981 0.011614 0.017300 -0.056453 0.986135 -0.156049 10.574800 -0.020657 0.155111 0.987681 -1.117200 0.000000 0.000000 0.000000 1.000000
0.997959 0.063852 0.000072 0.017300 -0.062705 0.980239 -0.187613 10.574800 -0.012050 0.187226 0.982243 -1.117200 0.000000 0.000000 0.000000 1.000000
0.997676 0.067826 -0.006431 0.017300 -0.067541 0.972233 -0.224055 10.574800 -0.008944 0.223969 0.974555 -1.117200 0.000000 0.000000 0.000000 1.000000
0.997589 0.068633 -0.010254 0.017300 -0.068976 0.964480 -0.254993 10.574800 -0.007611 0.255085 0.966889 -1.117200 0.000000 0.000000 0.000000 1.000000</float_array><technique_common><accessor source="#Spine-Matrix-animation-output-transform-array" count="8" stride="16"><param type="float4x4"/></accessor></technique_common></source><source id="Spine-Interpolations"><Name_array id="Spine-Interpolations-array" count="8">
 LINEAR LINEAR LINEAR LINEAR LINEAR LINEAR LINEAR LINEAR</Name_array><technique_common><accessor source="#Spine-Interpolations-array" count="8"><param type="name"/></accessor></technique_common></source><sampler id="Spine-Matrix-animation-transform"><input semantic="INPUT" source="#Spine-Matrix-animation-input"/><input semantic="OUTPUT" source="#Spine-Matrix-animation-output-transform"/><input semantic="INTERPOLATION" source="#Spine-Interpolations"/></sampler><channel source="#Spine-Matrix-animation-transform" target="Spine/matrix"/></animation>
    <animation id="Spine1-anim" name="Spine1"><source id="Spine1-Matrix-animation-input"><float_array id="Spine1-Matrix-animation-input-array" count="8">

0.000000 0.033333 0.066667 0.100000 0.133333 0.166667 0.200000 0.233333</float_array><technique_common><accessor source="#Spine1-Matrix-animation-input-array" count="8"><param name="TIME" type="float"/></accessor></technique_common></source><source id="Spine1-Matrix-animation-output-transform"><float_array id="Spine1-Matrix-animation-output-transform-array" count="128">

0.986155 0.053131 0.157083 0.019000 -0.020481 0.979053 -0.202574 12.337300 -0.164555 0.196552 0.966586 -1.303400 0.000000 0.000000 0.000000 1.000000
0.989272 0.064191 0.131229 0.019000 -0.033970 0.974745 -0.220720 12.337300 -0.142083 0.213895 0.966469 -1.303400 0.000000 0.000000 0.000000 1.000000
0.992623 0.072294 0.097333 0.019000 -0.047041 0.969536 -0.240390 12.337300 -0.111746 0.234038 0.965784 -1.303400 0.000000 0.000000 0.000000 1.000000
0.994605 0.085951 0.058077 0.019000 -0.067342 0.960857 -0.268736 12.337300 -0.078902 0.263375 0.961461 -1.303400 0.000000 0.000000 0.000000 1.000000
0.994983 0.097697 0.021564 0.019000 -0.086326 0.947284 -0.308547 12.337300 -0.050572 0.305137 0.950965 -1.303400 0.000000 0.000000 0.000000 1.000000
0.994233 0.107210 -0.002511 0.019000 -0.100584 0.924158 -0.368532 12.337300 -0.037189 0.366659 0.929612 -1.303400 0.000000 0.000000 0.000000 1.000000
0.993094 0.115766 -0.019021 0.019000 -0.112425 0.892753 -0.436295 12.337300 -0.033527 0.435420 0.899603 -1.303400 0.000000 0.000000 0.000000 1.000000
0.992704 0.116796 -0.029952 0.019000 -0.116341 0.862569 -0.492382 12.337300 -0.031673 0.492274 0.869864 -1.303400 0.000000 0.000000 0.000000 1.000000</float_array><technique_common><accessor source="#Spine1-Matrix-animation-output-transform-array" count="8" stride="16"><param type="float4x4"/></accessor></technique_common></source><source id="Spine1-Interpolations"><Name_array id="Spine1-Interpolations-array" count="8">
 LINEAR LINEAR LINEAR LINEAR LINEAR LINEAR LINEAR LINEAR</Name_array><technique_common><accessor source="#Spine1-Interpolations-array" count="8"><param type="name"/></accessor></technique_common></source><sampler id="Spine1-Matrix-animation-transform"><input semantic="INPUT" source="#Spine1-Matrix-animation-input"/><input semantic="OUTPUT" source="#Spine1-Matrix-animation-output-transform"/><input semantic="INTERPOLATION" source="#Spine1-Interpolations"/></sampler><channel source="#Spine1-Matrix-animation-transform" target="Spine1/matrix"/></animation>
    <animation id="Spine2-anim" name="Spine2"><source id="Spine2-Matrix-animation-input"><float_array id="Spine2-Matrix-animation-input-array" count="8">

0.000000 0.033333 0.066667 0.100000 0.133333 0.166667 0.200000 0.233333</float_array><technique_common><accessor source="#Spine2-Matrix-animation-input-array" count="8"><param name="TIME" type="float"/></accessor></technique_common></source><source id="Spine2-Matrix-animation-output-transform"><float_array id="Spine2-Matrix-animation-output-transform-array" count="128">

0.986155 0.053132 0.157083 0.021700 -0.020481 0.979053 -0.202574 14.099800 -0.164555 0.196552 0.966586 -1.489600 0.000000 0.000000 0.000000 1.000000
0.989272 0.064191 0.131229 0.021700 -0.033970 0.974745 -0.220720 14.099800 -0.142083 0.213895 0.966469 -1.489600 0.000000 0.000000 0.000000 1.000000
0.992623 0.072294 0.097333 0.021700 -0.047041 0.969536 -0.240390 14.099800 -0.111746 0.234038 0.965784 -1.489600 0.000000 0.000000 0.000000 1.000000
0.994605 0.085951 0.058077 0.021700 -0.067342 0.960857 -0.268736 14.099800 -0.078902 0.263375 0.961461 -1.489600 0.000000 0.000000 0.000000 1.000000
0.994983 0.097697 0.021564 0.021700 -0.086326 0.947284 -0.308547 14.099800 -0.050571 0.305137 0.950965 -1.489600 0.000000 0.000000 0.000000 1.000000
0.994233 0.107210 -0.002511 0.021700 -0.100584 0.924158 -0.368532 14.099800 -0.037189 0.366659 0.929612 -1.489600 0.000000 0.000000 0.000000 1.000000
0.993094 0.115766 -0.019021 0.021700 -0.112425 0.892753 -0.436294 14.099800 -0.033527 0.435420 0.899603 -1.489600 0.000000 0.000000 0.000000 1.000000
0.992704 0.116796 -0.029952 0.021700 -0.116341 0.862569 -0.492382 14.099800 -0.031673 0.492274 0.869864 -1.489600 0.000000 0.000000 0.000000 1.000000</float_array><technique_common><accessor source="#Spine2-Matrix-animation-output-transform-array" count="8" stride="16"><param type="float4x4"/></accessor></technique_common></source><source id="Spine2-Interpolations"><Name_array id="Spine2-Interpolations-array" count="8">
 LINEAR LINEAR LINEAR LINEAR LINEAR LINEAR LINEAR LINEAR</Name_array><technique_common><accessor source="#Spine2-Interpolations-array" count="8"><param type="name"/></accessor></technique_common></source><sampler id="Spine2-Matrix-animation-transform"><input semantic="INPUT" source="#Spine2-Matrix-animation-input"/><input semantic="OUTPUT" source="#Spine2-Matrix-animation-output-transform"/><input semantic="INTERPOLATION" source="#Spine2-Interpolations"/></sampler><channel source="#Spine2-Matrix-animation-transform" target="Spine2/matrix"/></animation>
    <animation id="Neck-anim" name="Neck"><source id="Neck-Matrix-animation-input"><float_array id="Neck-Matrix-animation-input-array" count="8">

0.000000 0.033333 0.066667 0.100000 0.133333 0.166667 0.200000 0.233333</float_array><technique_common><accessor source="#Neck-Matrix-animation-input-array" count="8"><param name="TIME" type="float"/></accessor></technique_common></source><source id="Neck-Matrix-animation-output-transform"><float_array id="Neck-Matrix-animation-output-transform-array" count="128">

0.999747 -0.003600 -0.022215 0.024400 0.005257 0.997169 0.075013 15.862300 0.021882 -0.075111 0.996935 -1.675800 0.000000 0.000000 0.000000 1.000000
0.999898 0.004315 0.013592 0.024400 -0.003805 0.999294 -0.037375 15.862300 -0.013744 0.037319 0.999209 -1.675800 0.000000 0.000000 0.000000 1.000000
0.998477 0.020802 0.051100 0.024400 -0.012467 0.987310 -0.158314 15.862300 -0.053745 0.157436 0.986066 -1.675800 0.000000 0.000000 0.000000 1.000000
0.996401 0.040341 0.074548 0.024400 -0.021199 0.970135 -0.241640 15.862300 -0.082070 0.239190 0.967498 -1.675800 0.000000 0.000000 0.000000 1.000000
0.995142 0.057476 0.079932 0.024400 -0.036358 0.969053 -0.244161 15.862300 -0.091492 0.240069 0.966435 -1.675800 0.000000 0.000000 0.000000 1.000000
0.994541 0.072277 0.075264 0.024400 -0.058404 0.983277 -0.172499 15.862300 -0.086473 0.167162 0.982130 -1.675800 0.000000 0.000000 0.000000 1.000000
0.993505 0.087610 0.072613 0.024400 -0.080989 0.992680 -0.089598 15.862300 -0.079931 0.083135 0.993328 -1.675800 0.000000 0.000000 0.000000 1.000000
0.990541 0.113026 0.077805 0.024400 -0.110791 0.993313 -0.032481 15.862300 -0.080955 0.023553 0.996439 -1.675800 0.000000 0.000000 0.000000 1.000000</float_array><technique_common><accessor source="#Neck-Matrix-animation-output-transform-array" count="8" stride="16"><param type="float4x4"/></accessor></technique_common></source><source id="Neck-Interpolations"><Name_array id="Neck-Interpolations-array" count="8">
 LINEAR LINEAR LINEAR LINEAR LINEAR LINEAR LINEAR LINEAR</Name_array><technique_common><accessor source="#Neck-Interpolations-array" count="8"><param type="name"/></accessor></technique_common></source><sampler id="Neck-Matrix-animation-transform"><input semantic="INPUT" source="#Neck-Matrix-animation-input"/><input semantic="OUTPUT" source="#Neck-Matrix-animation-output-transform"/><input semantic="INTERPOLATION" source="#Neck-Interpolations"/></sampler><channel source="#Neck-Matrix-animation-transform" target="Neck/matrix"/></animation>
    <animation id="Head-anim" name="Head"><source id="Head-Matrix-animation-input"><float_array id="Head-Matrix-animation-input-array" count="8">

0.000000 0.033333 0.066667 0.100000 0.133333 0.166667 0.200000 0.233333</float_array><technique_common><accessor source="#Head-Matrix-animation-input-array" count="8"><param name="TIME" type="float"/></accessor></technique_common></source><source id="Head-Matrix-animation-output-transform"><float_array id="Head-Matrix-animation-output-transform-array" count="128">

0.937032 0.006168 0.349190 0.000000 -0.044691 0.993742 0.102370 5.564000 -0.346373 -0.111530 0.931443 0.988100 0.000000 0.000000 0.000000 1.000000
0.933827 0.063024 0.352131 -0.000000 -0.111354 0.986665 0.118713 5.564000 -0.339953 -0.150068 0.928392 0.988100 0.000000 0.000000 0.000000 1.000000
0.930423 0.099221 0.352802 0.000000 -0.157780 0.977320 0.141246 5.564000 -0.330786 -0.187083 0.924976 0.988100 0.000000 0.000000 0.000000 1.000000
0.935839 0.115044 0.333121 0.000000 -0.169671 0.975542 0.139752 5.564000 -0.308896 -0.187306 0.932470 0.988100 0.000000 0.000000 0.000000 1.000000
0.952689 0.104723 0.285337 -0.000000 -0.141925 0.983414 0.112933 5.564000 -0.268778 -0.148087 0.951750 0.988100 0.000000 0.000000 0.000000 1.000000
0.972674 0.067385 0.222179 0.000000 -0.085612 0.993618 0.073443 5.564000 -0.215812 -0.090458 0.972236 0.988100 0.000000 0.000000 0.000000 1.000000
0.986402 0.022052 0.162867 0.000000 -0.025428 0.999502 0.018671 5.564000 -0.162374 -0.022558 0.986471 0.988100 0.000000 0.000000 0.000000 1.000000
0.991465 -0.026930 0.127560 -0.000000 0.031834 0.998824 -0.036565 5.564000 -0.126426 0.040314 0.991157 0.988100 0.000000 0.000000 0.000000 1.000000</float_array><technique_common><accessor source="#Head-Matrix-animation-output-transform-array" count="8" stride="16"><param type="float4x4"/></accessor></technique_common></source><source id="Head-Interpolations"><Name_array id="Head-Interpolations-array" count="8">
 LINEAR LINEAR LINEAR LINEAR LINEAR LINEAR LINEAR LINEAR</Name_array><technique_common><accessor source="#Head-Interpolations-array" count="8"><param type="name"/></accessor></technique_common></source><sampler id="Head-Matrix-animation-transform"><input semantic="INPUT" source="#Head-Matrix-animation-input"/><input semantic="OUTPUT" source="#Head-Matrix-animation-output-transform"/><input semantic="INTERPOLATION" source="#Head-Interpolations"/></sampler><channel source="#Head-Matrix-animation-transform" target="Head/matrix"/></animation>
    <animation id="LeftShoulder-anim" name="LeftShoulder"><source id="LeftShoulder-Matrix-animation-input"><float_array id="LeftShoulder-Matrix-animation-input-array" count="8">

0.000000 0.033333 0.066667 0.100000 0.133333 0.166667 0.200000 0.233333</float_array><technique_common><accessor source="#LeftShoulder-Matrix-animation-input-array" count="8"><param name="TIME" type="float"/></accessor></technique_common></source><source id="LeftShoulder-Matrix-animation-output-transform"><float_array id="LeftShoulder-Matrix-animation-output-transform-array" count="128">

0.990491 0.137042 -0.012148 5.935000 -0.137304 0.990231 -0.024299 13.670200 0.008699 0.025736 0.999631 -1.662600 0.000000 0.000000 0.000000 1.000000
0.982886 0.087471 0.162125 5.935000 -0.088897 0.996040 0.001551 13.670200 -0.161347 -0.015937 0.986769 -1.662600 0.000000 0.000000 0.000000 1.000000
0.957241 0.049354 0.285052 5.935000 -0.058204 0.998048 0.022652 13.670200 -0.283377 -0.038274 0.958244 -1.662600 0.000000 0.000000 0.000000 1.000000
0.942703 -0.004777 0.333599 5.935000 -0.011234 0.998876 0.046050 13.670200 -0.333444 -0.047159 0.941590 -1.662600 0.000000 0.000000 0.000000 1.000000
0.952552 -0.049045 0.300398 5.935000 0.030354 0.997319 0.066579 13.670200 -0.302858 -0.054301 0.951487 -1.662600 0.000000 0.000000 0.000000 1.000000
0.977281 -0.047971 0.206447 5.935000 0.034225 0.996984 0.069648 13.670200 -0.209165 -0.061000 0.975976 -1.662600 0.000000 0.000000 0.000000 1.000000
0.993501 -0.036043 0.107964 5.935000 0.028664 0.997195 0.069138 13.670200 -0.110153 -0.065594 0.991748 -1.662600 0.000000 0.000000 0.000000 1.000000
0.999506 -0.011683 0.029185 5.935000 0.009567 0.997388 0.071596 13.670200 -0.029945 -0.071281 0.997007 -1.662600 0.000000 0.000000 0.000000 1.000000</float_array><technique_common><accessor source="#LeftShoulder-Matrix-animation-output-transform-array" count="8" stride="16"><param type="float4x4"/></accessor></technique_common></source><source id="LeftShoulder-Interpolations"><Name_array id="LeftShoulder-Interpolations-array" count="8">
 LINEAR LINEAR LINEAR LINEAR LINEAR LINEAR LINEAR LINEAR</Name_array><technique_common><accessor source="#LeftShoulder-Interpolations-array" count="8"><param type="name"/></accessor></technique_common></source><sampler id="LeftShoulder-Matrix-animation-transform"><input semantic="INPUT" source="#LeftShoulder-Matrix-animation-input"/><input semantic="OUTPUT" source="#LeftShoulder-Matrix-animation-output-transform"/><input semantic="INTERPOLATION" source="#LeftShoulder-Interpolations"/></sampler><channel source="#LeftShoulder-Matrix-animation-transform" target="LeftShoulder/matrix"/></animation>
    <animation id="LeftArm-anim" name="LeftArm"><source id="LeftArm-Matrix-animation-input"><float_array id="LeftArm-Matrix-animation-input-array" count="8">

0.000000 0.033333 0.066667 0.100000 0.133333 0.166667 0.200000 0.233333</float_array><technique_common><accessor source="#LeftArm-Matrix-animation-input-array" count="8"><param name="TIME" type="float"/></accessor></technique_common></source><source id="LeftArm-Matrix-animation-output-transform"><float_array id="LeftArm-Matrix-animation-output-transform-array" count="128">

0.464205 0.885316 0.027003 12.499400 -0.855153 0.440031 0.274019 -1.650000 0.230712 -0.150293 0.961345 0.026500 0.000000 0.000000 0.000000 1.000000
0.717951 0.649074 0.251495 12.499400 -0.695451 0.684367 0.219066 -1.650000 -0.029925 -0.332180 0.942741 0.026500 0.000000 0.000000 0.000000 1.000000
0.878969 0.244011 0.409722 12.499400 -0.361041 0.901811 0.237458 -1.650000 -0.311550 -0.356645 0.880762 0.026500 0.000000 0.000000 0.000000 1.000000
0.896943 -0.079724 0.434898 12.499400 -0.045370 0.961822 0.269888 -1.650000 -0.439811 -0.261806 0.859083 0.026500 0.000000 0.000000 0.000000 1.000000
0.903011 -0.164101 0.397042 12.499400 0.049991 0.958032 0.282268 -1.650000 -0.426699 -0.235042 0.873317 0.026500 0.000000 0.000000 0.000000 1.000000
0.930857 -0.089053 0.354366 12.499400 -0.023500 0.953245 0.301283 -1.650000 -0.364627 -0.288779 0.885242 0.026500 0.000000 0.000000 0.000000 1.000000
0.966235 -0.069095 0.248224 12.499400 -0.029736 0.927034 0.373797 -1.650000 -0.255940 -0.368557 0.893678 0.026500 0.000000 0.000000 0.000000 1.000000
0.986954 -0.118345 0.109163 12.499400 0.055565 0.886724 0.458948 -1.650000 -0.151112 -0.446895 0.881731 0.026500 0.000000 0.000000 0.000000 1.000000</float_array><technique_common><accessor source="#LeftArm-Matrix-animation-output-transform-array" count="8" stride="16"><param type="float4x4"/></accessor></technique_common></source><source id="LeftArm-Interpolations"><Name_array id="LeftArm-Interpolations-array" count="8">
 LINEAR LINEAR LINEAR LINEAR LINEAR LINEAR LINEAR LINEAR</Name_array><technique_common><accessor source="#LeftArm-Interpolations-array" count="8"><param type="name"/></accessor></technique_common></source><sampler id="LeftArm-Matrix-animation-transform"><input semantic="INPUT" source="#LeftArm-Matrix-animation-input"/><input semantic="OUTPUT" source="#LeftArm-Matrix-animation-output-transform"/><input semantic="INTERPOLATION" source="#LeftArm-Interpolations"/></sampler><channel source="#LeftArm-Matrix-animation-transform" target="LeftArm/matrix"/></animation>
    <animation id="LeftForeArm-anim" name="LeftForeArm"><source id="LeftForeArm-Matrix-animation-input"><float_array id="LeftForeArm-Matrix-animation-input-array" count="8">

0.000000 0.033333 0.066667 0.100000 0.133333 0.166667 0.200000 0.233333</float_array><technique_common><accessor source="#LeftForeArm-Matrix-animation-input-array" count="8"><param name="TIME" type="float"/></accessor></technique_common></source><source id="LeftForeArm-Matrix-animation-output-transform"><float_array id="LeftForeArm-Matrix-animation-output-transform-array" count="128">

0.716959 -0.038156 -0.696071 25.557899 -0.049661 0.993169 -0.105594 -0.397400 0.695345 0.110274 0.710166 -0.827100 0.000000 0.000000 0.000000 1.000000
0.610875 0.049646 -0.790169 25.557899 -0.002780 0.998160 0.060565 -0.397400 0.791722 -0.034801 0.609889 -0.827100 0.000000 0.000000 0.000000 1.000000
0.528031 0.197638 -0.825907 25.557899 -0.049498 0.978051 0.202400 -0.397400 0.847781 -0.065993 0.526224 -0.827100 0.000000 0.000000 0.000000 1.000000
0.530480 0.298535 -0.793390 25.557899 -0.133332 0.953670 0.269696 -0.397400 0.837146 -0.037284 0.545707 -0.827100 0.000000 0.000000 0.000000 1.000000
0.629328 0.314155 -0.710811 25.557899 -0.162034 0.947592 0.275345 -0.397400 0.760060 -0.058107 0.647250 -0.827100 0.000000 0.000000 0.000000 1.000000
0.771493 0.274732 -0.573865 25.557899 -0.140321 0.953229 0.267703 -0.397400 0.620571 -0.126006 0.773960 -0.827100 0.000000 0.000000 0.000000 1.000000
0.889640 0.228016 -0.395663 25.557899 -0.135193 0.959090 0.248734 -0.397400 0.436192 -0.167793 0.884071 -0.827100 0.000000 0.000000 0.000000 1.000000
0.950084 0.190202 -0.247311 25.557899 -0.145222 0.971176 0.189018 -0.397400 0.276134 -0.143668 0.950321 -0.827100 0.000000 0.000000 0.000000 1.000000</float_array><technique_common><accessor source="#LeftForeArm-Matrix-animation-output-transform-array" count="8" stride="16"><param type="float4x4"/></accessor></technique_common></source><source id="LeftForeArm-Interpolations"><Name_array id="LeftForeArm-Interpolations-array" count="8">
 LINEAR LINEAR LINEAR LINEAR LINEAR LINEAR LINEAR LINEAR</Name_array><technique_common><accessor source="#LeftForeArm-Interpolations-array" count="8"><param type="name"/></accessor></technique_common></source><sampler id="LeftForeArm-Matrix-animation-transform"><input semantic="INPUT" source="#LeftForeArm-Matrix-animation-input"/><input semantic="OUTPUT" source="#LeftForeArm-Matrix-animation-output-transform"/><input semantic="INTERPOLATION" source="#LeftForeArm-Interpolations"/></sampler><channel source="#LeftForeArm-Matrix-animation-transform" target="LeftForeArm/matrix"/></animation>
    <animation id="LeftHand-anim" name="LeftHand"><source id="LeftHand-Matrix-animation-input"><float_array id="LeftHand-Matrix-animation-input-array" count="8">

0.000000 0.033333 0.066667 0.100000 0.133333 0.166667 0.200000 0.233333</float_array><technique_common><accessor source="#LeftHand-Matrix-animation-input-array" count="8"><param name="TIME" type="float"/></accessor></technique_common></source><source id="LeftHand-Matrix-animation-output-transform"><float_array id="LeftHand-Matrix-animation-output-transform-array" count="128">

0.937927 -0.346734 -0.008294 21.589899 0.330972 0.901927 -0.277461 0.397100 0.103686 0.257493 0.960701 0.652000 0.000000 0.000000 0.000000 1.000000
0.826493 -0.559942 -0.058086 21.589899 0.558473 0.828531 -0.040545 0.397100 0.070829 0.001071 0.997488 0.652000 0.000000 0.000000 0.000000 1.000000
0.710468 -0.696712 -0.099132 21.589899 0.701714 0.690717 0.174662 0.397100 -0.053217 -0.193654 0.979625 0.652000 0.000000 0.000000 0.000000 1.000000
0.665854 -0.734083 -0.133265 21.589899 0.736263 0.617642 0.276468 0.397100 -0.120641 -0.282206 0.951738 0.652000 0.000000 0.000000 0.000000 1.000000
0.689594 -0.703296 -0.172728 21.589899 0.720459 0.642037 0.262157 0.397100 -0.073477 -0.305225 0.949441 0.652000 0.000000 0.000000 0.000000 1.000000
0.739238 -0.634325 -0.226183 21.589899 0.671973 0.716967 0.185503 0.397100 0.044497 -0.289120 0.956258 0.652000 0.000000 0.000000 0.000000 1.000000
0.771839 -0.566968 -0.287769 21.589899 0.615538 0.779704 0.114777 0.397100 0.159300 -0.265722 0.950797 0.652000 0.000000 0.000000 0.000000 1.000000
0.775496 -0.548549 -0.312570 21.589899 0.591479 0.804387 0.055807 0.397100 0.220814 -0.228157 0.948254 0.652000 0.000000 0.000000 0.000000 1.000000</float_array><technique_common><accessor source="#LeftHand-Matrix-animation-output-transform-array" count="8" stride="16"><param type="float4x4"/></accessor></technique_common></source><source id="LeftHand-Interpolations"><Name_array id="LeftHand-Interpolations-array" count="8">
 LINEAR LINEAR LINEAR LINEAR LINEAR LINEAR LINEAR LINEAR</Name_array><technique_common><accessor source="#LeftHand-Interpolations-array" count="8"><param type="name"/></accessor></technique_common></source><sampler id="LeftHand-Matrix-animation-transform"><input semantic="INPUT" source="#LeftHand-Matrix-animation-input"/><input semantic="OUTPUT" source="#LeftHand-Matrix-animation-output-transform"/><input semantic="INTERPOLATION" source="#LeftHand-Interpolations"/></sampler><channel source="#LeftHand-Matrix-animation-transform" target="LeftHand/matrix"/></animation>
    <animation id="LeftHandThumb1-anim" name="LeftHandThumb1"><source id="LeftHandThumb1-Matrix-animation-input"><float_array id="LeftHandThumb1-Matrix-animation-input-array" count="8">

0.000000 0.033333 0.066667 0.100000 0.133333 0.166667 0.200000 0.233333</float_array><technique_common><accessor source="#LeftHandThumb1-Matrix-animation-input-array" count="8"><param name="TIME" type="float"/></accessor></technique_common></source><source id="LeftHandThumb1-Matrix-animation-output-transform"><float_array id="LeftHandThumb1-Matrix-animation-output-transform-array" count="128">

0.991816 0.095800 0.084404 3.545600 -0.081488 0.983882 -0.159173 -1.910900 -0.098293 0.150992 0.983636 2.368200 0.000000 0.000000 0.000000 1.000000
0.996560 0.056358 0.060768 3.545600 -0.050071 0.993683 -0.100437 -1.910900 -0.066045 0.097049 0.993086 2.368200 0.000000 0.000000 0.000000 1.000000
0.999059 0.026620 0.034240 3.545600 -0.024821 0.998341 -0.051945 -1.910900 -0.035566 0.051046 0.998063 2.368200 0.000000 0.000000 0.000000 1.000000
0.999705 0.015240 0.018935 3.545600 -0.014633 0.999386 -0.031830 -1.910900 -0.019408 0.031544 0.999314 2.368200 0.000000 0.000000 0.000000 1.000000
0.999415 0.023020 0.025294 3.545600 -0.021816 0.998663 -0.046866 -1.910900 -0.026339 0.046286 0.998581 2.368200 0.000000 0.000000 0.000000 1.000000
0.997776 0.044687 0.049462 3.545600 -0.040232 0.995337 -0.087668 -1.910900 -0.053149 0.085483 0.994921 2.368200 0.000000 0.000000 0.000000 1.000000
0.994817 0.072929 0.070849 3.545600 -0.063326 0.989564 -0.129433 -1.910900 -0.079549 0.124276 0.989054 2.368200 0.000000 0.000000 0.000000 1.000000
0.991816 0.095800 0.084402 3.545600 -0.081488 0.983881 -0.159179 -1.910900 -0.098291 0.150998 0.983635 2.368200 0.000000 0.000000 0.000000 1.000000</float_array><technique_common><accessor source="#LeftHandThumb1-Matrix-animation-output-transform-array" count="8" stride="16"><param type="float4x4"/></accessor></technique_common></source><source id="LeftHandThumb1-Interpolations"><Name_array id="LeftHandThumb1-Interpolations-array" count="8">
 LINEAR LINEAR LINEAR LINEAR LINEAR LINEAR LINEAR LINEAR</Name_array><technique_common><accessor source="#LeftHandThumb1-Interpolations-array" count="8"><param type="name"/></accessor></technique_common></source><sampler id="LeftHandThumb1-Matrix-animation-transform"><input semantic="INPUT" source="#LeftHandThumb1-Matrix-animation-input"/><input semantic="OUTPUT" source="#LeftHandThumb1-Matrix-animation-output-transform"/><input semantic="INTERPOLATION" source="#LeftHandThumb1-Interpolations"/></sampler><channel source="#LeftHandThumb1-Matrix-animation-transform" target="LeftHandThumb1/matrix"/></animation>
    <animation id="LeftHandThumb2-anim" name="LeftHandThumb2"><source id="LeftHandThumb2-Matrix-animation-input"><float_array id="LeftHandThumb2-Matrix-animation-input-array" count="8">

0.000000 0.033333 0.066667 0.100000 0.133333 0.166667 0.200000 0.233333</float_array><technique_common><accessor source="#LeftHandThumb2-Matrix-animation-input-array" count="8"><param name="TIME" type="float"/></accessor></technique_common></source><source id="LeftHandThumb2-Matrix-animation-output-transform"><float_array id="LeftHandThumb2-Matrix-animation-output-transform-array" count="128">

0.999907 -0.013657 0.000538 2.175300 0.013653 0.999890 0.005860 -1.256000 -0.000618 -0.005852 0.999983 1.256000 0.000000 0.000000 0.000000 1.000000
0.999279 -0.020628 0.031859 2.175300 0.020859 0.999759 -0.006917 -1.256000 -0.031709 0.007576 0.999468 1.256000 0.000000 0.000000 0.000000 1.000000
0.997721 -0.027013 0.061826 2.175300 0.028231 0.999423 -0.018909 -1.256000 -0.061280 0.020612 0.997908 1.256000 0.000000 0.000000 0.000000 1.000000
0.996491 -0.030350 0.078006 2.175300 0.032414 0.999153 -0.025331 -1.256000 -0.077171 0.027771 0.996631 1.256000 0.000000 0.000000 0.000000 1.000000
0.997003 -0.029136 0.071666 2.175300 0.030847 0.999262 -0.022880 -1.256000 -0.070946 0.025023 0.997166 1.256000 0.000000 0.000000 0.000000 1.000000
0.998667 -0.023804 0.045790 2.175300 0.024406 0.999622 -0.012630 -1.256000 -0.045472 0.013731 0.998871 1.256000 0.000000 0.000000 0.000000 1.000000
0.999645 -0.018116 0.019512 2.175300 0.018160 0.999833 -0.002081 -1.256000 -0.019471 0.002434 0.999807 1.256000 0.000000 0.000000 0.000000 1.000000
0.999905 -0.013749 0.000452 2.175300 0.013746 0.999889 0.005724 -1.256000 -0.000530 -0.005717 0.999984 1.256000 0.000000 0.000000 0.000000 1.000000</float_array><technique_common><accessor source="#LeftHandThumb2-Matrix-animation-output-transform-array" count="8" stride="16"><param type="float4x4"/></accessor></technique_common></source><source id="LeftHandThumb2-Interpolations"><Name_array id="LeftHandThumb2-Interpolations-array" count="8">
 LINEAR LINEAR LINEAR LINEAR LINEAR LINEAR LINEAR LINEAR</Name_array><technique_common><accessor source="#LeftHandThumb2-Interpolations-array" count="8"><param type="name"/></accessor></technique_common></source><sampler id="LeftHandThumb2-Matrix-animation-transform"><input semantic="INPUT" source="#LeftHandThumb2-Matrix-animation-input"/><input semantic="OUTPUT" source="#LeftHandThumb2-Matrix-animation-output-transform"/><input semantic="INTERPOLATION" source="#LeftHandThumb2-Interpolations"/></sampler><channel source="#LeftHandThumb2-Matrix-animation-transform" target="LeftHandThumb2/matrix"/></animation>
    <animation id="LeftHandThumb3-anim" name="LeftHandThumb3"><source id="LeftHandThumb3-Matrix-animation-input"><float_array id="LeftHandThumb3-Matrix-animation-input-array" count="8">

0.000000 0.033333 0.066667 0.100000 0.133333 0.166667 0.200000 0.233333</float_array><technique_common><accessor source="#LeftHandThumb3-Matrix-animation-input-array" count="8"><param name="TIME" type="float"/></accessor></technique_common></source><source id="LeftHandThumb3-Matrix-animation-output-transform"><float_array id="LeftHandThumb3-Matrix-animation-output-transform-array" count="128">

0.998839 -0.030287 -0.037459 1.842700 0.031732 0.998750 0.038608 -1.063900 0.036243 -0.039752 0.998552 1.063900 0.000000 0.000000 0.000000 1.000000
0.998839 -0.030287 -0.037459 1.842700 0.031732 0.998750 0.038608 -1.063900 0.036243 -0.039752 0.998552 1.063900 0.000000 0.000000 0.000000 1.000000
0.998839 -0.030287 -0.037459 1.842700 0.031732 0.998750 0.038608 -1.063900 0.036243 -0.039752 0.998552 1.063900 0.000000 0.000000 0.000000 1.000000
0.998839 -0.030287 -0.037459 1.842700 0.031732 0.998750 0.038608 -1.063900 0.036243 -0.039752 0.998552 1.063900 0.000000 0.000000 0.000000 1.000000
0.998839 -0.030287 -0.037459 1.842700 0.031732 0.998750 0.038608 -1.063900 0.036243 -0.039752 0.998552 1.063900 0.000000 0.000000 0.000000 1.000000
0.998839 -0.030287 -0.037459 1.842700 0.031732 0.998750 0.038608 -1.063900 0.036243 -0.039752 0.998552 1.063900 0.000000 0.000000 0.000000 1.000000
0.998839 -0.030287 -0.037459 1.842700 0.031732 0.998750 0.038608 -1.063900 0.036243 -0.039752 0.998552 1.063900 0.000000 0.000000 0.000000 1.000000
0.998839 -0.030287 -0.037459 1.842700 0.031732 0.998750 0.038608 -1.063900 0.036243 -0.039752 0.998552 1.063900 0.000000 0.000000 0.000000 1.000000</float_array><technique_common><accessor source="#LeftHandThumb3-Matrix-animation-output-transform-array" count="8" stride="16"><param type="float4x4"/></accessor></technique_common></source><source id="LeftHandThumb3-Interpolations"><Name_array id="LeftHandThumb3-Interpolations-array" count="8">
 LINEAR LINEAR LINEAR LINEAR LINEAR LINEAR LINEAR LINEAR</Name_array><technique_common><accessor source="#LeftHandThumb3-Interpolations-array" count="8"><param type="name"/></accessor></technique_common></source><sampler id="LeftHandThumb3-Matrix-animation-transform"><input semantic="INPUT" source="#LeftHandThumb3-Matrix-animation-input"/><input semantic="OUTPUT" source="#LeftHandThumb3-Matrix-animation-output-transform"/><input semantic="INTERPOLATION" source="#LeftHandThumb3-Interpolations"/></sampler><channel source="#LeftHandThumb3-Matrix-animation-transform" target="LeftHandThumb3/matrix"/></animation>
    <animation id="LeftHandIndex1-anim" name="LeftHandIndex1"><source id="LeftHandIndex1-Matrix-animation-input"><float_array id="LeftHandIndex1-Matrix-animation-input-array" count="8">

0.000000 0.033333 0.066667 0.100000 0.133333 0.166667 0.200000 0.233333</float_array><technique_common><accessor source="#LeftHandIndex1-Matrix-animation-input-array" count="8"><param name="TIME" type="float"/></accessor></technique_common></source><source id="LeftHandIndex1-Matrix-animation-output-transform"><float_array id="LeftHandIndex1-Matrix-animation-output-transform-array" count="128">

0.979826 0.032044 -0.197268 9.909700 -0.028813 0.999400 0.019227 0.288700 0.197766 -0.013155 0.980161 2.342200 0.000000 0.000000 0.000000 1.000000
0.976204 0.111962 -0.185715 9.909700 -0.108905 0.993696 0.026619 0.288700 0.187525 -0.005760 0.982243 2.342200 0.000000 0.000000 0.000000 1.000000
0.964094 0.200533 -0.174096 9.909700 -0.197270 0.979687 0.036027 0.288700 0.177784 -0.000390 0.984069 2.342200 0.000000 0.000000 0.000000 1.000000
0.951880 0.256634 -0.167523 9.909700 -0.253213 0.966505 0.041844 0.288700 0.172651 0.002588 0.984980 2.342200 0.000000 0.000000 0.000000 1.000000
0.954798 0.243853 -0.169990 9.909700 -0.240560 0.969808 0.040031 0.288700 0.174620 0.002671 0.984632 2.342200 0.000000 0.000000 0.000000 1.000000
0.970081 0.163464 -0.179503 9.909700 -0.160491 0.986548 0.031063 0.288700 0.182166 -0.001325 0.983267 2.342200 0.000000 0.000000 0.000000 1.000000
0.977992 0.086591 -0.189825 9.909700 -0.083593 0.996217 0.023758 0.288700 0.191164 -0.007367 0.981530 2.342200 0.000000 0.000000 0.000000 1.000000
0.979825 0.032043 -0.197270 9.909700 -0.028819 0.999400 0.019195 0.288700 0.197767 -0.013123 0.980161 2.342200 0.000000 0.000000 0.000000 1.000000</float_array><technique_common><accessor source="#LeftHandIndex1-Matrix-animation-output-transform-array" count="8" stride="16"><param type="float4x4"/></accessor></technique_common></source><source id="LeftHandIndex1-Interpolations"><Name_array id="LeftHandIndex1-Interpolations-array" count="8">
 LINEAR LINEAR LINEAR LINEAR LINEAR LINEAR LINEAR LINEAR</Name_array><technique_common><accessor source="#LeftHandIndex1-Interpolations-array" count="8"><param type="name"/></accessor></technique_common></source><sampler id="LeftHandIndex1-Matrix-animation-transform"><input semantic="INPUT" source="#LeftHandIndex1-Matrix-animation-input"/><input semantic="OUTPUT" source="#LeftHandIndex1-Matrix-animation-output-transform"/><input semantic="INTERPOLATION" source="#LeftHandIndex1-Interpolations"/></sampler><channel source="#LeftHandIndex1-Matrix-animation-transform" target="LeftHandIndex1/matrix"/></animation>
    <animation id="LeftHandIndex2-anim" name="LeftHandIndex2"><source id="LeftHandIndex2-Matrix-animation-input"><float_array id="LeftHandIndex2-Matrix-animation-input-array" count="8">

0.000000 0.033333 0.066667 0.100000 0.133333 0.166667 0.200000 0.233333</float_array><technique_common><accessor source="#LeftHandIndex2-Matrix-animation-input-array" count="8"><param name="TIME" type="float"/></accessor></technique_common></source><source id="LeftHandIndex2-Matrix-animation-output-transform"><float_array id="LeftHandIndex2-Matrix-animation-output-transform-array" count="128">

0.955213 0.281686 0.090672 3.763300 -0.282525 0.959253 -0.003713 -0.130200 -0.088023 -0.022071 0.995874 -0.290100 0.000000 0.000000 0.000000 1.000000
0.937170 0.338632 0.083912 3.763300 -0.339732 0.940521 -0.001245 -0.130200 -0.079342 -0.027340 0.996472 -0.290100 0.000000 0.000000 0.000000 1.000000
0.911563 0.404050 0.076132 3.763300 -0.405378 0.914147 0.002185 -0.130200 -0.068713 -0.032854 0.997095 -0.290100 0.000000 0.000000 0.000000 1.000000
0.891704 0.447014 0.071016 3.763300 -0.448447 0.893797 0.004820 -0.130200 -0.061320 -0.036145 0.997464 -0.290100 0.000000 0.000000 0.000000 1.000000
0.895580 0.439046 0.071934 3.763300 -0.440467 0.897758 0.004398 -0.130200 -0.062648 -0.035623 0.997400 -0.290100 0.000000 0.000000 0.000000 1.000000
0.921903 0.379270 0.079051 3.763300 -0.380537 0.924765 0.001049 -0.130200 -0.072706 -0.031049 0.996870 -0.290100 0.000000 0.000000 0.000000 1.000000
0.942704 0.322387 0.085884 3.763300 -0.323443 0.946246 -0.001713 -0.130200 -0.081820 -0.026163 0.996304 -0.290100 0.000000 0.000000 0.000000 1.000000
0.955185 0.281759 0.090744 3.763300 -0.282621 0.959225 -0.003468 -0.130200 -0.088022 -0.022333 0.995868 -0.290100 0.000000 0.000000 0.000000 1.000000</float_array><technique_common><accessor source="#LeftHandIndex2-Matrix-animation-output-transform-array" count="8" stride="16"><param type="float4x4"/></accessor></technique_common></source><source id="LeftHandIndex2-Interpolations"><Name_array id="LeftHandIndex2-Interpolations-array" count="8">
 LINEAR LINEAR LINEAR LINEAR LINEAR LINEAR LINEAR LINEAR</Name_array><technique_common><accessor source="#LeftHandIndex2-Interpolations-array" count="8"><param type="name"/></accessor></technique_common></source><sampler id="LeftHandIndex2-Matrix-animation-transform"><input semantic="INPUT" source="#LeftHandIndex2-Matrix-animation-input"/><input semantic="OUTPUT" source="#LeftHandIndex2-Matrix-animation-output-transform"/><input semantic="INTERPOLATION" source="#LeftHandIndex2-Interpolations"/></sampler><channel source="#LeftHandIndex2-Matrix-animation-transform" target="LeftHandIndex2/matrix"/></animation>
    <animation id="LeftHandIndex3-anim" name="LeftHandIndex3"><source id="LeftHandIndex3-Matrix-animation-input"><float_array id="LeftHandIndex3-Matrix-animation-input-array" count="8">

