<?xml version="1.0" encoding="utf-8"?>
<COLLADA xmlns="http://www.collada.org/2005/11/COLLADASchema" version="1.4.1">
  <asset><contributor><author>Mixamo</author><authoring_tool>COLLADA Mixamo exporter</authoring_tool><comments></comments></contributor><created>2018-10-29T20:10:33Z</created><modified>2018-10-29T20:10:33Z</modified><revision></revision><title></title><unit meter="0.010000"/><up_axis>Y_UP</up_axis></asset>
  <library_animations>
    <animation id="Hips-anim" name="Hips"><source id="Hips-Matrix-animation-input"><float_array id="Hips-Matrix-animation-input-array" count="32">

0.000000 0.033333 0.066667 0.100000 0.133333 0.166667 0.200000 0.233333 0.266667 0.300000 0.333333 0.366667 0.400000 0.433333 0.466667 0.500000
0.533333 0.566667 0.600000 0.633333 0.666667 0.700000 0.733333 0.766667 0.800000 0.833333 0.866667 0.900000 0.933333 0.966667 1.000000 1.033333</float_array><technique_common><accessor source="#Hips-Matrix-animation-input-array" count="32"><param name="TIME" type="float"/></accessor></technique_common></source><source id="Hips-Matrix-animation-output-transform"><float_array id="Hips-Matrix-animation-output-transform-array" count="512">

0.729014 0.051118 -0.682587 -0.200214 0.002668 0.996988 0.077513 88.420921 0.684493 -0.058329 0.726682 0.206225 0.000000 0.000000 0.000000 1.000000
0.753189 0.049283 -0.655956 -0.071316 -0.001806 0.997341 0.072858 88.699135 0.657802 -0.053691 0.751275 1.035702 0.000000 0.000000 0.000000 1.000000
0.771981 0.048251 -0.633812 0.130067 -0.009234 0.997861 0.064718 88.935791 0.635579 -0.044109 0.770775 1.956211 0.000000 0.000000 0.000000 1.000000
0.786568 0.048131 -0.615625 0.342716 -0.017509 0.998295 0.055679 89.100403 0.617255 -0.033016 0.786070 2.871802 0.000000 0.000000 0.000000 1.000000
0.799056 0.047803 -0.599353 0.477037 -0.024282 0.998587 0.047273 89.162323 0.600766 -0.023221 0.799087 3.641960 0.000000 0.000000 0.000000 1.000000
0.811576 0.045891 -0.582442 0.466457 -0.028474 0.998833 0.039023 89.159958 0.583553 -0.015085 0.811935 4.167300 0.000000 0.000000 0.000000 1.000000
0.825258 0.042053 -0.563187 0.297756 -0.030699 0.999090 0.029618 89.202148 0.563920 -0.007154 0.825798 4.460989 0.000000 0.000000 0.000000 1.000000
0.840370 0.036806 -0.540762 -0.013395 -0.031728 0.999321 0.018710 89.355362 0.541084 0.001434 0.840967 4.598240 0.000000 0.000000 0.000000 1.000000
0.856703 0.031180 -0.514867 -0.460827 -0.032157 0.999458 0.007020 89.586044 0.514807 0.010543 0.857242 4.645494 0.000000 0.000000 0.000000 1.000000
0.873956 0.026365 -0.485290 -1.060945 -0.032635 0.999457 -0.004472 89.792557 0.484908 0.019746 0.874342 4.618325 0.000000 0.000000 0.000000 1.000000
0.892232 0.023535 -0.450964 -1.834360 -0.033937 0.999312 -0.014992 89.897736 0.450301 0.028680 0.892416 4.507595 0.000000 0.000000 0.000000 1.000000
0.911958 0.023219 -0.409626 -2.775202 -0.036196 0.999058 -0.023954 89.899254 0.408684 0.036672 0.911939 4.329108 0.000000 0.000000 0.000000 1.000000
0.932832 0.024820 -0.359455 -3.841007 -0.038458 0.998784 -0.030838 89.845009 0.358253 0.042590 0.932653 4.130688 0.000000 0.000000 0.000000 1.000000
0.953069 0.027244 -0.301525 -4.978910 -0.039713 0.998587 -0.035298 89.778290 0.300138 0.045616 0.952805 3.945447 0.000000 0.000000 0.000000 1.000000
0.970309 0.029900 -0.240012 -6.161770 -0.040095 0.998484 -0.037706 89.734856 0.238520 0.046210 0.970037 3.749620 0.000000 0.000000 0.000000 1.000000
0.983250 0.032630 -0.179318 -7.411205 -0.040344 0.998403 -0.039542 89.723450 0.177742 0.046114 0.982996 3.495986 0.000000 0.000000 0.000000 1.000000
0.992011 0.035441 -0.121073 -8.739712 -0.040867 0.998254 -0.042636 89.771469 0.119350 0.047244 0.991728 3.145737 0.000000 0.000000 0.000000 1.000000
0.997242 0.037527 -0.064025 -10.089412 -0.040619 0.998036 -0.047696 89.900620 0.062109 0.050166 0.996808 2.705052 0.000000 0.000000 0.000000 1.000000
0.999277 0.037461 -0.006459 -11.308043 -0.037753 0.997852 -0.053542 90.079590 0.004440 0.053747 0.998545 2.234974 0.000000 0.000000 0.000000 1.000000
0.998039 0.034537 0.052211 -12.235792 -0.031511 0.997836 -0.057705 90.276474 -0.054091 0.055946 0.996968 1.785580 0.000000 0.000000 0.000000 1.000000
0.993257 0.029888 0.112017 -12.782871 -0.023509 0.998049 -0.057844 90.447937 -0.113527 0.054821 0.992021 1.409691 0.000000 0.000000 0.000000 1.000000
0.984589 0.025468 0.173019 -12.933980 -0.016538 0.998465 -0.052863 90.551567 -0.174099 0.049187 0.983499 1.164572 0.000000 0.000000 0.000000 1.000000
0.971780 0.021681 0.234892 -12.721062 -0.011890 0.999003 -0.043021 90.560608 -0.235590 0.039014 0.971069 1.073771 0.000000 0.000000 0.000000 1.000000
0.954838 0.017099 0.296634 -12.181200 -0.008802 0.999532 -0.029282 90.471672 -0.296996 0.025348 0.954542 1.105828 0.000000 0.000000 0.000000 1.000000
0.933899 0.010300 0.357388 -11.333115 -0.006154 0.999900 -0.012736 90.297821 -0.357483 0.009695 0.933869 1.190603 0.000000 0.000000 0.000000 1.000000
0.908889 0.000920 0.417038 -10.202233 -0.003543 0.999979 0.005514 90.059555 -0.417024 -0.006489 0.908872 1.260360 0.000000 0.000000 0.000000 1.000000
0.879743 -0.010650 0.475331 -8.838593 -0.001052 0.999703 0.024347 89.784325 -0.475449 -0.021919 0.879470 1.275841 0.000000 0.000000 0.000000 1.000000
0.846877 -0.023580 0.531265 -7.283848 0.001078 0.999091 0.042625 89.486176 -0.531787 -0.035525 0.846133 1.222498 0.000000 0.000000 0.000000 1.000000
0.810957 -0.036666 0.583956 -5.563337 0.002618 0.998252 0.059044 89.174683 -0.585100 -0.046354 0.809635 1.088750 0.000000 0.000000 0.000000 1.000000
0.772146 -0.048483 0.633593 -3.708466 0.003487 0.997393 0.072073 88.875275 -0.635436 -0.053441 0.770302 0.863206 0.000000 0.000000 0.000000 1.000000
0.730087 -0.057741 0.680911 -1.776163 0.003600 0.996735 0.080662 88.619064 -0.683345 -0.056439 0.727911 0.556412 0.000000 0.000000 0.000000 1.000000
0.684506 -0.063363 0.726248 0.185855 0.002615 0.996423 0.084470 88.410591 -0.729002 -0.055921 0.682223 0.177749 0.000000 0.000000 0.000000 1.000000</float_array><technique_common><accessor source="#Hips-Matrix-animation-output-transform-array" count="32" stride="16"><param type="float4x4"/></accessor></technique_common></source><source id="Hips-Interpolations"><Name_array id="Hips-Interpolations-array" count="32">
 LINEAR LINEAR LINEAR LINEAR LINEAR LINEAR LINEAR LINEAR LINEAR LINEAR LINEAR
LINEAR LINEAR LINEAR LINEAR LINEAR LINEAR LINEAR LINEAR LINEAR LINEAR LINEAR LINEAR
LINEAR LINEAR LINEAR LINEAR LINEAR LINEAR LINEAR LINEAR LINEAR</Name_array><technique_common><accessor source="#Hips-Interpolations-array" count="32"><param type="name"/></accessor></technique_common></source><sampler id="Hips-Matrix-animation-transform"><input semantic="INPUT" source="#Hips-Matrix-animation-input"/><input semantic="OUTPUT" source="#Hips-Matrix-animation-output-transform"/><input semantic="INTERPOLATION" source="#Hips-Interpolations"/></sampler><channel source="#Hips-Matrix-animation-transform" target="Hips/matrix"/></animation>
    <animation id="Spine-anim" name="Spine"><source id="Spine-Matrix-animation-input"><float_array id="Spine-Matrix-animation-input-array" count="32">

0.000000 0.033333 0.066667 0.100000 0.133333 0.166667 0.200000 0.233333 0.266667 0.300000 0.333333 0.366667 0.400000 0.433333 0.466667 0.500000
0.533333 0.566667 0.600000 0.633333 0.666667 0.700000 0.733333 0.766667 0.800000 0.833333 0.866667 0.900000 0.933333 0.966667 1.000000 1.033333</float_array><technique_common><accessor source="#Spine-Matrix-animation-input-array" count="32"><param name="TIME" type="float"/></accessor></technique_common></source><source id="Spine-Matrix-animation-output-transform"><float_array id="Spine-Matrix-animation-output-transform-array" count="512">

0.996463 0.021778 0.081168 0.017300 -0.013487 0.994762 -0.101324 10.574800 -0.082949 0.099871 0.991537 -1.117200 0.000000 0.000000 0.000000 1.000000
0.996430 0.021708 0.081586 0.017300 -0.013388 0.994779 -0.101166 10.574800 -0.083356 0.099713 0.991519 -1.117200 0.000000 0.000000 0.000000 1.000000
0.996391 0.021116 0.082211 0.017300 -0.012801 0.994866 -0.100388 10.574800 -0.083909 0.098973 0.991546 -1.117200 0.000000 0.000000 0.000000 1.000000
0.996353 0.020197 0.082899 0.017300 -0.011886 0.994961 -0.099551 10.574800 -0.084492 0.098203 0.991573 -1.117200 0.000000 0.000000 0.000000 1.000000
0.996318 0.019841 0.083403 0.017300 -0.011514 0.995005 -0.099162 10.574800 -0.084954 0.097837 0.991570 -1.117200 0.000000 0.000000 0.000000 1.000000
0.996297 0.020546 0.083489 0.017300 -0.012196 0.994982 -0.099311 10.574800 -0.085111 0.097925 0.991548 -1.117200 0.000000 0.000000 0.000000 1.000000
0.996309 0.021738 0.083046 0.017300 -0.013391 0.994921 -0.099768 10.574800 -0.084793 0.098288 0.991539 -1.117200 0.000000 0.000000 0.000000 1.000000
0.996359 0.022800 0.082155 0.017300 -0.014487 0.994842 -0.100399 10.574800 -0.084021 0.098844 0.991550 -1.117200 0.000000 0.000000 0.000000 1.000000
0.996437 0.023421 0.081019 0.017300 -0.015150 0.994748 -0.101231 10.574800 -0.082965 0.099642 0.991558 -1.117200 0.000000 0.000000 0.000000 1.000000
0.996531 0.023604 0.079801 0.017300 -0.015367 0.994635 -0.102301 10.574800 -0.081787 0.100720 0.991547 -1.117200 0.000000 0.000000 0.000000 1.000000
0.996638 0.023430 0.078510 0.017300 -0.015221 0.994506 -0.103565 10.574800 -0.080505 0.102022 0.991519 -1.117200 0.000000 0.000000 0.000000 1.000000
0.996757 0.023049 0.077100 0.017300 -0.014882 0.994374 -0.104872 10.574800 -0.079083 0.103385 0.991493 -1.117200 0.000000 0.000000 0.000000 1.000000
0.996869 0.022764 0.075725 0.017300 -0.014652 0.994257 -0.106007 10.574800 -0.077703 0.104565 0.991478 -1.117200 0.000000 0.000000 0.000000 1.000000
0.996930 0.022815 0.074898 0.017300 -0.014729 0.994173 -0.106787 10.574800 -0.076898 0.105356 0.991457 -1.117200 0.000000 0.000000 0.000000 1.000000
0.996905 0.023181 0.075116 0.017300 -0.015043 0.994128 -0.107158 10.574800 -0.077159 0.105696 0.991400 -1.117200 0.000000 0.000000 0.000000 1.000000
0.996800 0.023835 0.076306 0.017300 -0.015564 0.994115 -0.107208 10.574800 -0.078412 0.105677 0.991304 -1.117200 0.000000 0.000000 0.000000 1.000000
0.996658 0.024474 0.077935 0.017300 -0.016039 0.994121 -0.107082 10.574800 -0.080097 0.105474 0.991191 -1.117200 0.000000 0.000000 0.000000 1.000000
0.996531 0.025065 0.079356 0.017300 -0.016484 0.994124 -0.106987 10.574800 -0.081572 0.105308 0.991088 -1.117200 0.000000 0.000000 0.000000 1.000000
0.996444 0.025906 0.080180 0.017300 -0.017222 0.994092 -0.107168 10.574800 -0.082482 0.105406 0.991003 -1.117200 0.000000 0.000000 0.000000 1.000000
0.996396 0.027093 0.080382 0.017300 -0.018338 0.994012 -0.107721 10.574800 -0.082819 0.105858 0.990926 -1.117200 0.000000 0.000000 0.000000 1.000000
0.996386 0.028070 0.080170 0.017300 -0.019277 0.993918 -0.108418 10.574800 -0.082726 0.106481 0.990867 -1.117200 0.000000 0.000000 0.000000 1.000000
0.996406 0.028241 0.079856 0.017300 -0.019442 0.993864 -0.108883 10.574800 -0.082441 0.106939 0.990842 -1.117200 0.000000 0.000000 0.000000 1.000000
0.996437 0.027854 0.079606 0.017300 -0.019075 0.993861 -0.108981 10.574800 -0.082153 0.107074 0.990851 -1.117200 0.000000 0.000000 0.000000 1.000000
0.996455 0.027494 0.079512 0.017300 -0.018735 0.993878 -0.108880 10.574800 -0.082018 0.107004 0.990870 -1.117200 0.000000 0.000000 0.000000 1.000000
0.996448 0.027147 0.079714 0.017300 -0.018379 0.993900 -0.108742 10.574800 -0.082180 0.106891 0.990869 -1.117200 0.000000 0.000000 0.000000 1.000000
0.996424 0.026441 0.080248 0.017300 -0.017635 0.993938 -0.108514 10.574800 -0.082631 0.106711 0.990851 -1.117200 0.000000 0.000000 0.000000 1.000000
0.996390 0.025341 0.081024 0.017300 -0.016495 0.994009 -0.108045 10.574800 -0.083276 0.106318 0.990839 -1.117200 0.000000 0.000000 0.000000 1.000000
0.996355 0.024192 0.081802 0.017300 -0.015332 0.994113 -0.107260 10.574800 -0.083915 0.105615 0.990860 -1.117200 0.000000 0.000000 0.000000 1.000000
0.996337 0.023353 0.082266 0.017300 -0.014538 0.994243 -0.106158 10.574800 -0.084271 0.104573 0.990940 -1.117200 0.000000 0.000000 0.000000 1.000000
0.996350 0.022955 0.082223 0.017300 -0.014266 0.994396 -0.104748 10.574800 -0.084166 0.103193 0.991094 -1.117200 0.000000 0.000000 0.000000 1.000000
0.996392 0.022712 0.081774 0.017300 -0.014209 0.994570 -0.103096 10.574800 -0.083672 0.101562 0.991304 -1.117200 0.000000 0.000000 0.000000 1.000000
0.996458 0.021951 0.081175 0.017300 -0.013658 0.994758 -0.101337 10.574800 -0.082974 0.099869 0.991535 -1.117200 0.000000 0.000000 0.000000 1.000000</float_array><technique_common><accessor source="#Spine-Matrix-animation-output-transform-array" count="32" stride="16"><param type="float4x4"/></accessor></technique_common></source><source id="Spine-Interpolations"><Name_array id="Spine-Interpolations-array" count="32">
 LINEAR LINEAR LINEAR LINEAR LINEAR LINEAR LINEAR LINEAR LINEAR LINEAR LINEAR
LINEAR LINEAR LINEAR LINEAR LINEAR LINEAR LINEAR LINEAR LINEAR LINEAR LINEAR LINEAR
LINEAR LINEAR LINEAR LINEAR LINEAR LINEAR LINEAR LINEAR LINEAR</Name_array><technique_common><accessor source="#Spine-Interpolations-array" count="32"><param type="name"/></accessor></technique_common></source><sampler id="Spine-Matrix-animation-transform"><input semantic="INPUT" source="#Spine-Matrix-animation-input"/><input semantic="OUTPUT" source="#Spine-Matrix-animation-output-transform"/><input semantic="INTERPOLATION" source="#Spine-Interpolations"/></sampler><channel source="#Spine-Matrix-animation-transform" target="Spine/matrix"/></animation>
    <animation id="Spine1-anim" name="Spine1"><source id="Spine1-Matrix-animation-input"><float_array id="Spine1-Matrix-animation-input-array" count="32">

0.000000 0.033333 0.066667 0.100000 0.133333 0.166667 0.200000 0.233333 0.266667 0.300000 0.333333 0.366667 0.400000 0.433333 0.466667 0.500000
0.533333 0.566667 0.600000 0.633333 0.666667 0.700000 0.733333 0.766667 0.800000 0.833333 0.866667 0.900000 0.933333 0.966667 1.000000 1.033333</float_array><technique_common><accessor source="#Spine1-Matrix-animation-input-array" count="32"><param name="TIME" type="float"/></accessor></technique_common></source><source id="Spine1-Matrix-animation-output-transform"><float_array id="Spine1-Matrix-animation-output-transform-array" count="512">

0.986155 0.053132 0.157083 0.019000 -0.020481 0.979053 -0.202574 12.337300 -0.164556 0.196552 0.966586 -1.303400 0.000000 0.000000 0.000000 1.000000
0.985990 0.053820 0.157885 0.019000 -0.021041 0.979087 -0.202352 12.337300 -0.165474 0.196195 0.966502 -1.303400 0.000000 0.000000 0.000000 1.000000
0.985855 0.052544 0.159150 0.019000 -0.019791 0.979439 -0.200770 12.337300 -0.166427 0.194780 0.966624 -1.303400 0.000000 0.000000 0.000000 1.000000
0.985762 0.049946 0.160558 0.019000 -0.017239 0.979855 -0.198967 12.337300 -0.167261 0.193366 0.966764 -1.303400 0.000000 0.000000 0.000000 1.000000
0.985730 0.047342 0.161541 0.019000 -0.014632 0.980103 -0.197950 12.337300 -0.167698 0.192762 0.966809 -1.303400 0.000000 0.000000 0.000000 1.000000
0.985775 0.045852 0.161698 0.019000 -0.013118 0.980123 -0.197955 12.337300 -0.167560 0.193018 0.966782 -1.303400 0.000000 0.000000 0.000000 1.000000
0.985890 0.045528 0.161083 0.019000 -0.012801 0.979991 -0.198630 12.337300 -0.166903 0.193765 0.966746 -1.303400 0.000000 0.000000 0.000000 1.000000
0.986057 0.045783 0.159988 0.019000 -0.013083 0.979762 -0.199738 12.337300 -0.165895 0.194859 0.966700 -1.303400 0.000000 0.000000 0.000000 1.000000
0.986255 0.046284 0.158614 0.019000 -0.013584 0.979428 -0.201334 12.337300 -0.164670 0.196413 0.966595 -1.303400 0.000000 0.000000 0.000000 1.000000
0.986486 0.047027 0.156950 0.019000 -0.014292 0.978971 -0.203496 12.337300 -0.163220 0.198503 0.966414 -1.303400 0.000000 0.000000 0.000000 1.000000
0.986786 0.047821 0.154813 0.019000 -0.015082 0.978415 -0.206097 12.337300 -0.161328 0.201039 0.966207 -1.303400 0.000000 0.000000 0.000000 1.000000
0.987181 0.048333 0.152107 0.019000 -0.015705 0.977835 -0.208785 12.337300 -0.158827 0.203720 0.966060 -1.303400 0.000000 0.000000 0.000000 1.000000
0.987597 0.048649 0.149282 0.019000 -0.016234 0.977329 -0.211101 12.337300 -0.156168 0.206059 0.965997 -1.303400 0.000000 0.000000 0.000000 1.000000
0.987843 0.049249 0.147450 0.019000 -0.016959 0.976971 -0.212696 12.337300 -0.154529 0.207610 0.965929 -1.303400 0.000000 0.000000 0.000000 1.000000
0.987755 0.050270 0.147690 0.019000 -0.017792 0.976786 -0.213476 12.337300 -0.154993 0.208234 0.965720 -1.303400 0.000000 0.000000 0.000000 1.000000
0.987346 0.051234 0.150077 0.019000 -0.018223 0.976759 -0.213563 12.337300 -0.157531 0.208126 0.965333 -1.303400 0.000000 0.000000 0.000000 1.000000
0.986789 0.051765 0.153516 0.019000 -0.018067 0.976831 -0.213250 12.337300 -0.160998 0.207659 0.964861 -1.303400 0.000000 0.000000 0.000000 1.000000
0.986283 0.052282 0.156564 0.019000 -0.017972 0.976886 -0.213004 12.337300 -0.164081 0.207269 0.964426 -1.303400 0.000000 0.000000 0.000000 1.000000
0.985932 0.053606 0.158318 0.019000 -0.018848 0.976791 -0.213362 12.337300 -0.166081 0.207376 0.964060 -1.303400 0.000000 0.000000 0.000000 1.000000
0.985755 0.055830 0.158650 0.019000 -0.020782 0.976500 -0.214511 12.337300 -0.166898 0.208158 0.963751 -1.303400 0.000000 0.000000 0.000000 1.000000
0.985746 0.057978 0.157935 0.019000 -0.022809 0.976132 -0.215977 12.337300 -0.166687 0.209296 0.963541 -1.303400 0.000000 0.000000 0.000000 1.000000
0.985870 0.059063 0.156754 0.019000 -0.023962 0.975879 -0.216995 12.337300 -0.165789 0.210172 0.963505 -1.303400 0.000000 0.000000 0.000000 1.000000
0.986038 0.059148 0.155664 0.019000 -0.024235 0.975812 -0.217265 12.337300 -0.164750 0.210459 0.963621 -1.303400 0.000000 0.000000 0.000000 1.000000
0.986148 0.058953 0.155037 0.019000 -0.024204 0.975848 -0.217107 12.337300 -0.164092 0.210347 0.963757 -1.303400 0.000000 0.000000 0.000000 1.000000
0.986162 0.058690 0.155047 0.019000 -0.023983 0.975907 -0.216864 12.337300 -0.164039 0.210144 0.963810 -1.303400 0.000000 0.000000 0.000000 1.000000
0.986098 0.057837 0.155771 0.019000 -0.023058 0.976027 -0.216426 12.337300 -0.164554 0.209825 0.963792 -1.303400 0.000000 0.000000 0.000000 1.000000
0.985987 0.056098 0.157106 0.019000 -0.021213 0.976280 -0.215468 12.337300 -0.165467 0.209116 0.963790 -1.303400 0.000000 0.000000 0.000000 1.000000
0.985869 0.054078 0.158551 0.019000 -0.019178 0.976674 -0.213870 12.337300 -0.166418 0.207808 0.963909 -1.303400 0.000000 0.000000 0.000000 1.000000
0.985807 0.052730 0.159384 0.019000 -0.018042 0.977170 -0.211690 12.337300 -0.166908 0.205810 0.964253 -1.303400 0.000000 0.000000 0.000000 1.000000
0.985851 0.052399 0.159225 0.019000 -0.018218 0.977752 -0.208970 12.337300 -0.166633 0.203113 0.964872 -1.303400 0.000000 0.000000 0.000000 1.000000
0.985984 0.052704 0.158299 0.019000 -0.019253 0.978398 -0.205831 12.337300 -0.165727 0.199898 0.965699 -1.303400 0.000000 0.000000 0.000000 1.000000
0.986155 0.053132 0.157083 0.019000 -0.020481 0.979053 -0.202574 12.337300 -0.164556 0.196552 0.966586 -1.303400 0.000000 0.000000 0.000000 1.000000</float_array><technique_common><accessor source="#Spine1-Matrix-animation-output-transform-array" count="32" stride="16"><param type="float4x4"/></accessor></technique_common></source><source id="Spine1-Interpolations"><Name_array id="Spine1-Interpolations-array" count="32">
 LINEAR LINEAR LINEAR LINEAR LINEAR LINEAR LINEAR LINEAR LINEAR LINEAR LINEAR
LINEAR LINEAR LINEAR LINEAR LINEAR LINEAR LINEAR LINEAR LINEAR LINEAR LINEAR LINEAR
LINEAR LINEAR LINEAR LINEAR LINEAR LINEAR LINEAR LINEAR LINEAR</Name_array><technique_common><accessor source="#Spine1-Interpolations-array" count="32"><param type="name"/></accessor></technique_common></source><sampler id="Spine1-Matrix-animation-transform"><input semantic="INPUT" source="#Spine1-Matrix-animation-input"/><input semantic="OUTPUT" source="#Spine1-Matrix-animation-output-transform"/><input semantic="INTERPOLATION" source="#Spine1-Interpolations"/></sampler><channel source="#Spine1-Matrix-animation-transform" target="Spine1/matrix"/></animation>
    <animation id="Spine2-anim" name="Spine2"><source id="Spine2-Matrix-animation-input"><float_array id="Spine2-Matrix-animation-input-array" count="32">

0.000000 0.033333 0.066667 0.100000 0.133333 0.166667 0.200000 0.233333 0.266667 0.300000 0.333333 0.366667 0.400000 0.433333 0.466667 0.500000
0.533333 0.566667 0.600000 0.633333 0.666667 0.700000 0.733333 0.766667 0.800000 0.833333 0.866667 0.900000 0.933333 0.966667 1.000000 1.033333</float_array><technique_common><accessor source="#Spine2-Matrix-animation-input-array" count="32"><param name="TIME" type="float"/></accessor></technique_common></source><source id="Spine2-Matrix-animation-output-transform"><float_array id="Spine2-Matrix-animation-output-transform-array" count="512">

0.986155 0.053132 0.157083 0.021700 -0.020481 0.979053 -0.202574 14.099800 -0.164556 0.196552 0.966586 -1.489600 0.000000 0.000000 0.000000 1.000000
0.985990 0.053820 0.157885 0.021700 -0.021041 0.979087 -0.202352 14.099800 -0.165474 0.196195 0.966502 -1.489600 0.000000 0.000000 0.000000 1.000000
0.985855 0.052544 0.159150 0.021700 -0.019791 0.979438 -0.200770 14.099800 -0.166427 0.194780 0.966624 -1.489600 0.000000 0.000000 0.000000 1.000000
0.985762 0.049946 0.160558 0.021700 -0.017239 0.979855 -0.198967 14.099800 -0.167261 0.193366 0.966764 -1.489600 0.000000 0.000000 0.000000 1.000000
0.985730 0.047342 0.161541 0.021700 -0.014631 0.980103 -0.197950 14.099800 -0.167698 0.192762 0.966809 -1.489600 0.000000 0.000000 0.000000 1.000000
0.985775 0.045852 0.161698 0.021700 -0.013118 0.980123 -0.197956 14.099800 -0.167560 0.193018 0.966782 -1.489600 0.000000 0.000000 0.000000 1.000000
0.985890 0.045528 0.161083 0.021700 -0.012801 0.979991 -0.198630 14.099800 -0.166903 0.193765 0.966746 -1.489600 0.000000 0.000000 0.000000 1.000000
0.986057 0.045783 0.159988 0.021700 -0.013083 0.979762 -0.199738 14.099800 -0.165895 0.194859 0.966700 -1.489600 0.000000 0.000000 0.000000 1.000000
0.986255 0.046284 0.158614 0.021700 -0.013584 0.979428 -0.201334 14.099800 -0.164669 0.196412 0.966595 -1.489600 0.000000 0.000000 0.000000 1.000000
0.986486 0.047027 0.156950 0.021700 -0.014292 0.978971 -0.203496 14.099800 -0.163219 0.198503 0.966414 -1.489600 0.000000 0.000000 0.000000 1.000000
0.986786 0.047821 0.154813 0.021700 -0.015082 0.978415 -0.206097 14.099800 -0.161328 0.201039 0.966207 -1.489600 0.000000 0.000000 0.000000 1.000000
0.987181 0.048333 0.152108 0.021700 -0.015705 0.977835 -0.208785 14.099800 -0.158827 0.203720 0.966060 -1.489600 0.000000 0.000000 0.000000 1.000000
0.987597 0.048649 0.149282 0.021700 -0.016234 0.977329 -0.211101 14.099800 -0.156168 0.206060 0.965997 -1.489600 0.000000 0.000000 0.000000 1.000000
0.987843 0.049249 0.147450 0.021700 -0.016959 0.976971 -0.212696 14.099800 -0.154529 0.207610 0.965929 -1.489600 0.000000 0.000000 0.000000 1.000000
0.987755 0.050270 0.147690 0.021700 -0.017792 0.976786 -0.213476 14.099800 -0.154993 0.208234 0.965720 -1.489600 0.000000 0.000000 0.000000 1.000000
0.987346 0.051234 0.150077 0.021700 -0.018223 0.976759 -0.213563 14.099800 -0.157531 0.208126 0.965333 -1.489600 0.000000 0.000000 0.000000 1.000000
0.986789 0.051765 0.153516 0.021700 -0.018067 0.976831 -0.213250 14.099800 -0.160998 0.207659 0.964861 -1.489600 0.000000 0.000000 0.000000 1.000000
0.986283 0.052282 0.156564 0.021700 -0.017972 0.976886 -0.213005 14.099800 -0.164081 0.207269 0.964426 -1.489600 0.000000 0.000000 0.000000 1.000000
0.985932 0.053606 0.158318 0.021700 -0.018848 0.976791 -0.213362 14.099800 -0.166081 0.207376 0.964060 -1.489600 0.000000 0.000000 0.000000 1.000000
0.985755 0.055830 0.158650 0.021700 -0.020782 0.976500 -0.214511 14.099800 -0.166898 0.208159 0.963751 -1.489600 0.000000 0.000000 0.000000 1.000000
0.985746 0.057978 0.157935 0.021700 -0.022809 0.976132 -0.215977 14.099800 -0.166687 0.209296 0.963541 -1.489600 0.000000 0.000000 0.000000 1.000000
0.985870 0.059063 0.156754 0.021700 -0.023962 0.975879 -0.216994 14.099800 -0.165789 0.210172 0.963505 -1.489600 0.000000 0.000000 0.000000 1.000000
0.986038 0.059148 0.155664 0.021700 -0.024235 0.975812 -0.217265 14.099800 -0.164750 0.210459 0.963621 -1.489600 0.000000 0.000000 0.000000 1.000000
0.986148 0.058953 0.155038 0.021700 -0.024205 0.975848 -0.217108 14.099800 -0.164092 0.210348 0.963757 -1.489600 0.000000 0.000000 0.000000 1.000000
0.986162 0.058689 0.155046 0.021700 -0.023983 0.975907 -0.216863 14.099800 -0.164038 0.210144 0.963811 -1.489600 0.000000 0.000000 0.000000 1.000000
0.986099 0.057837 0.155771 0.021700 -0.023058 0.976027 -0.216426 14.099800 -0.164554 0.209825 0.963792 -1.489600 0.000000 0.000000 0.000000 1.000000
0.985987 0.056098 0.157107 0.021700 -0.021213 0.976280 -0.215469 14.099800 -0.165467 0.209116 0.963790 -1.489600 0.000000 0.000000 0.000000 1.000000
0.985869 0.054078 0.158551 0.021700 -0.019178 0.976674 -0.213871 14.099800 -0.166419 0.207808 0.963909 -1.489600 0.000000 0.000000 0.000000 1.000000
0.985807 0.052730 0.159384 0.021700 -0.018042 0.977170 -0.211690 14.099800 -0.166908 0.205810 0.964253 -1.489600 0.000000 0.000000 0.000000 1.000000
0.985851 0.052399 0.159225 0.021700 -0.018218 0.977752 -0.208970 14.099800 -0.166632 0.203112 0.964873 -1.489600 0.000000 0.000000 0.000000 1.000000
0.985984 0.052704 0.158298 0.021700 -0.019253 0.978398 -0.205831 14.099800 -0.165727 0.199898 0.965699 -1.489600 0.000000 0.000000 0.000000 1.000000
0.986155 0.053132 0.157083 0.021700 -0.020481 0.979053 -0.202574 14.099800 -0.164556 0.196552 0.966586 -1.489600 0.000000 0.000000 0.000000 1.000000</float_array><technique_common><accessor source="#Spine2-Matrix-animation-output-transform-array" count="32" stride="16"><param type="float4x4"/></accessor></technique_common></source><source id="Spine2-Interpolations"><Name_array id="Spine2-Interpolations-array" count="32">
 LINEAR LINEAR LINEAR LINEAR LINEAR LINEAR LINEAR LINEAR LINEAR LINEAR LINEAR
LINEAR LINEAR LINEAR LINEAR LINEAR LINEAR LINEAR LINEAR LINEAR LINEAR LINEAR LINEAR
LINEAR LINEAR LINEAR LINEAR LINEAR LINEAR LINEAR LINEAR LINEAR</Name_array><technique_common><accessor source="#Spine2-Interpolations-array" count="32"><param type="name"/></accessor></technique_common></source><sampler id="Spine2-Matrix-animation-transform"><input semantic="INPUT" source="#Spine2-Matrix-animation-input"/><input semantic="OUTPUT" source="#Spine2-Matrix-animation-output-transform"/><input semantic="INTERPOLATION" source="#Spine2-Interpolations"/></sampler><channel source="#Spine2-Matrix-animation-transform" target="Spine2/matrix"/></animation>
    <animation id="Neck-anim" name="Neck"><source id="Neck-Matrix-animation-input"><float_array id="Neck-Matrix-animation-input-array" count="32">

0.000000 0.033333 0.066667 0.100000 0.133333 0.166667 0.200000 0.233333 0.266667 0.300000 0.333333 0.366667 0.400000 0.433333 0.466667 0.500000
0.533333 0.566667 0.600000 0.633333 0.666667 0.700000 0.733333 0.766667 0.800000 0.833333 0.866667 0.900000 0.933333 0.966667 1.000000 1.033333</float_array><technique_common><accessor source="#Neck-Matrix-animation-input-array" count="32"><param name="TIME" type="float"/></accessor></technique_common></source><source id="Neck-Matrix-animation-output-transform"><float_array id="Neck-Matrix-animation-output-transform-array" count="512">

0.999747 -0.003600 -0.022215 0.024400 0.005257 0.997169 0.075014 15.862300 0.021882 -0.075111 0.996935 -1.675800 0.000000 0.000000 0.000000 1.000000
0.999358 -0.025601 -0.025073 0.024400 0.027481 0.996594 0.077757 15.862300 0.022997 -0.078396 0.996657 -1.675800 0.000000 0.000000 0.000000 1.000000
0.999187 -0.039738 -0.006845 0.024400 0.040173 0.995662 0.083924 15.862300 0.003480 -0.084131 0.996449 -1.675800 0.000000 0.000000 0.000000 1.000000
0.998329 -0.049278 0.030170 0.024400 0.046342 0.994746 0.091283 15.862300 -0.034509 -0.089733 0.995368 -1.675800 0.000000 0.000000 0.000000 1.000000
0.994966 -0.059218 0.080842 0.024400 0.051244 0.993928 0.097375 15.862300 -0.086118 -0.092742 0.991959 -1.675800 0.000000 0.000000 0.000000 1.000000
0.987559 -0.072413 0.139583 0.024400 0.058257 0.992977 0.102968 15.862300 -0.146059 -0.093555 0.984842 -1.675800 0.000000 0.000000 0.000000 1.000000
0.975419 -0.087118 0.202408 0.024400 0.065537 0.991658 0.110991 15.862300 -0.210389 -0.094997 0.972991 -1.675800 0.000000 0.000000 0.000000 1.000000
0.959041 -0.099602 0.265179 0.024400 0.069148 0.990141 0.121820 15.862300 -0.274698 -0.098494 0.956473 -1.675800 0.000000 0.000000 0.000000 1.000000
0.940346 -0.107882 0.322663 0.024400 0.068079 0.988879 0.132228 15.862300 -0.333339 -0.102373 0.937232 -1.675800 0.000000 0.000000 0.000000 1.000000
0.922326 -0.112718 0.369608 0.024400 0.064932 0.988118 0.139310 15.862300 -0.380919 -0.104490 0.918685 -1.675800 0.000000 0.000000 0.000000 1.000000
0.908002 -0.116165 0.402541 0.024400 0.062823 0.987681 0.143315 15.862300 -0.414230 -0.104841 0.904114 -1.675800 0.000000 0.000000 0.000000 1.000000
0.899306 -0.119786 0.420594 0.024400 0.063334 0.987290 0.145763 15.862300 -0.432709 -0.104448 0.895463 -1.675800 0.000000 0.000000 0.000000 1.000000
0.896881 -0.123558 0.424663 0.024400 0.066920 0.987041 0.145852 15.862300 -0.437181 -0.102393 0.893526 -1.675800 0.000000 0.000000 0.000000 1.000000
0.900285 -0.125635 0.416777 0.024400 0.073134 0.987490 0.139694 15.862300 -0.429113 -0.095284 0.898211 -1.675800 0.000000 0.000000 0.000000 1.000000
0.907932 -0.123248 0.400587 0.024400 0.079510 0.989079 0.124098 15.862300 -0.411507 -0.080822 0.907816 -1.675800 0.000000 0.000000 0.000000 1.000000
0.917633 -0.114679 0.380525 0.024400 0.081642 0.991438 0.101911 15.862300 -0.388954 -0.062450 0.919138 -1.675800 0.000000 0.000000 0.000000 1.000000
0.927710 -0.101146 0.359337 0.024400 0.076312 0.993650 0.082676 15.862300 -0.365417 -0.049278 0.929538 -1.675800 0.000000 0.000000 0.000000 1.000000
0.937374 -0.086383 0.337444 0.024400 0.064488 0.995052 0.075585 15.862300 -0.342304 -0.049090 0.938306 -1.675800 0.000000 0.000000 0.000000 1.000000
0.946318 -0.073281 0.314821 0.024400 0.050262 0.995476 0.080633 15.862300 -0.319306 -0.060481 0.945720 -1.675800 0.000000 0.000000 0.000000 1.000000
0.954351 -0.061588 0.292267 0.024400 0.037344 0.995436 0.087822 15.862300 -0.296342 -0.072899 0.952296 -1.675800 0.000000 0.000000 0.000000 1.000000
0.961461 -0.050171 0.270324 0.024400 0.027620 0.995861 0.086594 15.862300 -0.273550 -0.075790 0.958867 -1.675800 0.000000 0.000000 0.000000 1.000000
0.967985 -0.040080 0.247786 0.024400 0.021920 0.996896 0.075619 15.862300 -0.250047 -0.067767 0.965859 -1.675800 0.000000 0.000000 0.000000 1.000000
0.974273 -0.033172 0.222915 0.024400 0.019781 0.997878 0.062037 15.862300 -0.224499 -0.056031 0.972862 -1.675800 0.000000 0.000000 0.000000 1.000000
0.980253 -0.028310 0.195712 0.024400 0.018438 0.998473 0.052082 15.862300 -0.196888 -0.047445 0.979277 -1.675800 0.000000 0.000000 0.000000 1.000000
0.985650 -0.021461 0.167434 0.024400 0.014068 0.998878 0.045216 15.862300 -0.168217 -0.042212 0.984846 -1.675800 0.000000 0.000000 0.000000 1.000000
0.990279 -0.010172 0.138723 0.024400 0.004937 0.999264 0.038028 15.862300 -0.139008 -0.036973 0.989601 -1.675800 0.000000 0.000000 0.000000 1.000000
0.993972 0.003726 0.109574 0.024400 -0.007199 0.999484 0.031311 15.862300 -0.109401 -0.031911 0.993485 -1.675800 0.000000 0.000000 0.000000 1.000000
0.996610 0.015957 0.080706 0.024400 -0.018468 0.999365 0.030459 15.862300 -0.080169 -0.031847 0.996272 -1.675800 0.000000 0.000000 0.000000 1.000000
0.998317 0.022691 0.053365 0.024400 -0.024781 0.998939 0.038830 15.862300 -0.052427 -0.040087 0.997820 -1.675800 0.000000 0.000000 0.000000 1.000000
0.999383 0.021604 0.027703 0.024400 -0.023054 0.998321 0.053135 15.862300 -0.026508 -0.053741 0.998203 -1.675800 0.000000 0.000000 0.000000 1.000000
0.999920 0.012390 0.002727 0.024400 -0.012544 0.997693 0.066717 15.862300 -0.001894 -0.066746 0.997768 -1.675800 0.000000 0.000000 0.000000 1.000000
0.999747 -0.003600 -0.022214 0.024400 0.005257 0.997169 0.075013 15.862300 0.021882 -0.075111 0.996935 -1.675800 0.000000 0.000000 0.000000 1.000000</float_array><technique_common><accessor source="#Neck-Matrix-animation-output-transform-array" count="32" stride="16"><param type="float4x4"/></accessor></technique_common></source><source id="Neck-Interpolations"><Name_array id="Neck-Interpolations-array" count="32">
 LINEAR LINEAR LINEAR LINEAR LINEAR LINEAR LINEAR LINEAR LINEAR LINEAR LINEAR
LINEAR LINEAR LINEAR LINEAR LINEAR LINEAR LINEAR LINEAR LINEAR LINEAR LINEAR LINEAR
LINEAR LINEAR LINEAR LINEAR LINEAR LINEAR LINEAR LINEAR LINEAR</Name_array><technique_common><accessor source="#Neck-Interpolations-array" count="32"><param type="name"/></accessor></technique_common></source><sampler id="Neck-Matrix-animation-transform"><input semantic="INPUT" source="#Neck-Matrix-animation-input"/><input semantic="OUTPUT" source="#Neck-Matrix-animation-output-transform"/><input semantic="INTERPOLATION" source="#Neck-Interpolations"/></sampler><channel source="#Neck-Matrix-animation-transform" target="Neck/matrix"/></animation>
    <animation id="Head-anim" name="Head"><source id="Head-Matrix-animation-input"><float_array id="Head-Matrix-animation-input-array" count="32">

0.000000 0.033333 0.066667 0.100000 0.133333 0.166667 0.200000 0.233333 0.266667 0.300000 0.333333 0.366667 0.400000 0.433333 0.466667 0.500000
0.533333 0.566667 0.600000 0.633333 0.666667 0.700000 0.733333 0.766667 0.800000 0.833333 0.866667 0.900000 0.933333 0.966667 1.000000 1.033333</float_array><technique_common><accessor source="#Head-Matrix-animation-input-array" count="32"><param name="TIME" type="float"/></accessor></technique_common></source><source id="Head-Matrix-animation-output-transform"><float_array id="Head-Matrix-animation-output-transform-array" count="512">

0.937032 0.006168 0.349190 -0.000000 -0.044691 0.993742 0.102371 5.564000 -0.346374 -0.111530 0.931443 0.988100 0.000000 0.000000 0.000000 1.000000
0.937217 0.010321 0.348594 -0.000000 -0.044420 0.994954 0.089967 5.564000 -0.345906 -0.099803 0.932946 0.988100 0.000000 0.000000 0.000000 1.000000
0.936499 0.008754 0.350561 0.000000 -0.034533 0.997131 0.067352 5.564000 -0.348966 -0.075181 0.934115 0.988100 0.000000 0.000000 0.000000 1.000000
0.933764 0.006436 0.357831 0.000000 -0.022583 0.998905 0.040963 5.564000 -0.357176 -0.046331 0.932887 0.988100 0.000000 0.000000 0.000000 1.000000
0.928063 0.008252 0.372332 0.000000 -0.015314 0.999754 0.016014 5.564000 -0.372108 -0.020564 0.927962 0.988100 0.000000 0.000000 0.000000 1.000000
0.919315 0.015074 0.393234 0.000000 -0.012575 0.999881 -0.008930 5.564000 -0.393322 0.003265 0.919395 0.988100 0.000000 0.000000 0.000000 1.000000
0.908456 0.023899 0.417298 -0.000000 -0.008408 0.999207 -0.038920 5.564000 -0.417897 0.031848 0.907936 0.988100 0.000000 0.000000 0.000000 1.000000
0.896766 0.031914 0.441352 0.000000 0.000753 0.997284 -0.073642 5.564000 -0.442504 0.066372 0.894307 0.988100 0.000000 0.000000 0.000000 1.000000
0.884791 0.039092 0.464346 0.000000 0.011534 0.994332 -0.105689 5.564000 -0.465846 0.098868 0.879325 0.988100 0.000000 0.000000 0.000000 1.000000
0.872354 0.047683 0.486543 0.000000 0.017043 0.991661 -0.127745 5.564000 -0.488577 0.119731 0.864267 0.988100 0.000000 0.000000 0.000000 1.000000
0.859360 0.059774 0.507865 -0.000000 0.013389 0.990174 -0.139195 5.564000 -0.511196 0.126418 0.850116 0.988100 0.000000 0.000000 0.000000 1.000000
0.846332 0.075362 0.527298 0.000000 0.002275 0.989420 -0.145060 5.564000 -0.532651 0.123968 0.837206 0.988100 0.000000 0.000000 0.000000 1.000000
0.834415 0.092735 0.543278 0.000000 -0.012734 0.988723 -0.149212 5.564000 -0.550989 0.117587 0.826187 0.988100 0.000000 0.000000 0.000000 1.000000
0.824451 0.110175 0.555106 0.000000 -0.031339 0.988250 -0.149598 5.564000 -0.565065 0.105939 0.818217 0.988100 0.000000 0.000000 0.000000 1.000000
0.816079 0.126534 0.563919 0.000000 -0.055895 0.988445 -0.140900 5.564000 -0.575232 0.083465 0.813721 0.988100 0.000000 0.000000 0.000000 1.000000
0.808464 0.140431 0.571546 -0.000000 -0.085663 0.988852 -0.121792 5.564000 -0.582277 0.049504 0.811482 0.988100 0.000000 0.000000 0.000000 1.000000
0.801840 0.150399 0.578302 0.000000 -0.114647 0.988548 -0.098128 5.564000 -0.586437 0.012383 0.809900 0.988100 0.000000 0.000000 0.000000 1.000000
0.797416 0.156381 0.582814 0.000000 -0.137093 0.987529 -0.077402 5.564000 -0.587651 -0.018178 0.808911 0.988100 0.000000 0.000000 0.000000 1.000000
0.795732 0.159800 0.584187 -0.000000 -0.153223 0.986302 -0.061088 5.564000 -0.585947 -0.040901 0.809317 0.988100 0.000000 0.000000 0.000000 1.000000
0.796483 0.161677 0.582646 0.000000 -0.167039 0.984925 -0.044961 5.564000 -0.581131 -0.061514 0.811482 0.988100 0.000000 0.000000 0.000000 1.000000
0.799867 0.161544 0.578028 0.000000 -0.179552 0.983395 -0.026373 5.564000 -0.572690 -0.082691 0.815591 0.988100 0.000000 0.000000 0.000000 1.000000
0.806816 0.158065 0.569265 -0.000000 -0.187046 0.982321 -0.007657 5.564000 -0.560412 -0.100301 0.822118 0.988100 0.000000 0.000000 0.000000 1.000000
0.817731 0.149874 0.555746 0.000000 -0.185976 0.982516 0.008681 5.564000 -0.544728 -0.110454 0.831307 0.988100 0.000000 0.000000 0.000000 1.000000
0.831754 0.136104 0.538201 0.000000 -0.177184 0.983860 0.025021 5.564000 -0.526109 -0.116172 0.842445 0.988100 0.000000 0.000000 0.000000 1.000000
0.847639 0.117208 0.517466 -0.000000 -0.164500 0.985290 0.046289 5.564000 -0.504429 -0.124360 0.854451 0.988100 0.000000 0.000000 0.000000 1.000000
0.864567 0.095124 0.493431 0.000000 -0.150200 0.985949 0.073102 5.564000 -0.479545 -0.137315 0.866707 0.988100 0.000000 0.000000 0.000000 1.000000
0.881872 0.071928 0.465970 0.000000 -0.132842 0.986162 0.099183 5.564000 -0.452388 -0.149367 0.879224 0.988100 0.000000 0.000000 0.000000 1.000000
0.898457 0.048861 0.436334 0.000000 -0.110136 0.987095 0.116247 5.564000 -0.425023 -0.152499 0.892244 0.988100 0.000000 0.000000 0.000000 1.000000
0.912813 0.027676 0.407438 0.000000 -0.083888 0.989132 0.120753 5.564000 -0.399668 -0.144404 0.905214 0.988100 0.000000 0.000000 0.000000 1.000000
0.923859 0.011936 0.382548 0.000000 -0.060821 0.991391 0.115951 5.564000 -0.377870 -0.130389 0.916631 0.988100 0.000000 0.000000 0.000000 1.000000
0.931697 0.004672 0.363206 -0.000000 -0.047164 0.993009 0.108210 5.564000 -0.360161 -0.117949 0.925404 0.988100 0.000000 0.000000 0.000000 1.000000
0.937032 0.006168 0.349190 0.000000 -0.044691 0.993742 0.102371 5.564000 -0.346373 -0.111530 0.931443 0.988100 0.000000 0.000000 0.000000 1.000000</float_array><technique_common><accessor source="#Head-Matrix-animation-output-transform-array" count="32" stride="16"><param type="float4x4"/></accessor></technique_common></source><source id="Head-Interpolations"><Name_array id="Head-Interpolations-array" count="32">
 LINEAR LINEAR LINEAR LINEAR LINEAR LINEAR LINEAR LINEAR LINEAR LINEAR LINEAR
LINEAR LINEAR LINEAR LINEAR LINEAR LINEAR LINEAR LINEAR LINEAR LINEAR LINEAR LINEAR
LINEAR LINEAR LINEAR LINEAR LINEAR LINEAR LINEAR LINEAR LINEAR</Name_array><technique_common><accessor source="#Head-Interpolations-array" count="32"><param type="name"/></accessor></technique_common></source><sampler id="Head-Matrix-animation-transform"><input semantic="INPUT" source="#Head-Matrix-animation-input"/><input semantic="OUTPUT" source="#Head-Matrix-animation-output-transform"/><input semantic="INTERPOLATION" source="#Head-Interpolations"/></sampler><channel source="#Head-Matrix-animation-transform" target="Head/matrix"/></animation>
    <animation id="LeftShoulder-anim" name="LeftShoulder"><source id="LeftShoulder-Matrix-animation-input"><float_array id="LeftShoulder-Matrix-animation-input-array" count="32">

0.000000 0.033333 0.066667 0.100000 0.133333 0.166667 0.200000 0.233333 0.266667 0.300000 0.333333 0.366667 0.400000 0.433333 0.466667 0.500000
