<?xml version="1.0" encoding="utf-8"?>
<COLLADA xmlns="http://www.collada.org/2005/11/COLLADASchema" version="1.4.1">
  <asset><contributor><author>Mixamo</author><authoring_tool>COLLADA Mixamo exporter</authoring_tool><comments></comments></contributor><created>2018-12-17T15:38:28Z</created><modified>2018-12-17T15:38:28Z</modified><revision></revision><title></title><unit meter="0.010000"/><up_axis>Y_UP</up_axis></asset>
  <library_animations>
    <animation id="Hips-anim" name="Hips"><source id="Hips-Matrix-animation-input"><float_array id="Hips-Matrix-animation-input-array" count="158">

0.000000 0.033333 0.066667 0.100000 0.133333 0.166667 0.200000 0.233333 0.266667 0.300000 0.333333 0.366667 0.400000 0.433333 0.466667 0.500000
0.533333 0.566667 0.600000 0.633333 0.666667 0.700000 0.733333 0.766667 0.800000 0.833333 0.866667 0.900000 0.933333 0.966667 1.000000 1.033333
1.066667 1.100000 1.133333 1.166667 1.200000 1.233333 1.266667 1.300000 1.333333 1.366667 1.400000 1.433333 1.466667 1.500000 1.533333 1.566667
1.600000 1.633333 1.666667 1.700000 1.733333 1.766667 1.800000 1.833333 1.866667 1.900000 1.933333 1.966667 2.000000 2.033333 2.066667 2.100000
2.133333 2.166667 2.200000 2.233333 2.266667 2.300000 2.333333 2.366667 2.400000 2.433333 2.466667 2.500000 2.533333 2.566667 2.600000 2.633333
2.666667 2.700000 2.733333 2.766667 2.800000 2.833333 2.866667 2.900000 2.933333 2.966667 3.000000 3.033333 3.066667 3.100000 3.133333 3.166667
3.200000 3.233333 3.266667 3.300000 3.333333 3.366667 3.400000 3.433333 3.466667 3.500000 3.533333 3.566667 3.600000 3.633333 3.666667 3.700000
3.733333 3.766667 3.800000 3.833333 3.866667 3.900000 3.933333 3.966667 4.000000 4.033333 4.066667 4.100000 4.133333 4.166667 4.200000 4.233333
4.266667 4.300000 4.333333 4.366667 4.400000 4.433333 4.466667 4.500000 4.533333 4.566667 4.600000 4.633333 4.666667 4.700000 4.733333 4.766667
4.800000 4.833333 4.866667 4.900000 4.933333 4.966667 5.000000 5.033333 5.066667 5.100000 5.133333 5.166667 5.200000 5.233333</float_array><technique_common><accessor source="#Hips-Matrix-animation-input-array" count="158"><param name="TIME" type="float"/></accessor></technique_common></source><source id="Hips-Matrix-animation-output-transform"><float_array id="Hips-Matrix-animation-output-transform-array" count="2528">

0.993672 -0.000009 -0.112322 -0.015307 -0.012458 0.993821 -0.110296 95.536339 0.111629 0.110997 0.987532 0.397153 0.000000 0.000000 0.000000 1.000000
0.993639 -0.000295 -0.112616 -0.001103 -0.012187 0.993843 -0.110129 95.499199 0.111955 0.110801 0.987517 0.386200 0.000000 0.000000 0.000000 1.000000
0.993604 -0.000602 -0.112916 0.016135 -0.011884 0.993874 -0.109879 95.463623 0.112291 0.110519 0.987510 0.381956 0.000000 0.000000 0.000000 1.000000
0.993587 -0.000788 -0.113064 0.032990 -0.011687 0.993904 -0.109626 95.428383 0.112461 0.110244 0.987522 0.385046 0.000000 0.000000 0.000000 1.000000
0.993644 -0.000746 -0.112565 0.046598 -0.011668 0.993909 -0.109585 95.387802 0.111961 0.110202 0.987583 0.389057 0.000000 0.000000 0.000000 1.000000
0.993855 -0.000413 -0.110688 0.059484 -0.011833 0.993866 -0.109959 95.335190 0.110054 0.110593 0.987754 0.384369 0.000000 0.000000 0.000000 1.000000
0.994267 0.000308 -0.106922 0.077973 -0.012212 0.993780 -0.110693 95.271004 0.106223 0.111364 0.988086 0.367044 0.000000 0.000000 0.000000 1.000000
0.994858 0.001553 -0.101264 0.106132 -0.012903 0.993678 -0.111520 95.204361 0.100450 0.112253 0.988589 0.341740 0.000000 0.000000 0.000000 1.000000
0.995569 0.003380 -0.093971 0.142459 -0.013968 0.993583 -0.112243 95.142899 0.092989 0.113059 0.989227 0.316066 0.000000 0.000000 0.000000 1.000000
0.996344 0.005788 -0.085236 0.182855 -0.015426 0.993493 -0.112846 95.086182 0.084028 0.113748 0.989950 0.293898 0.000000 0.000000 0.000000 1.000000
0.997136 0.008875 -0.075109 0.226946 -0.017379 0.993404 -0.113345 95.031570 0.073608 0.114326 0.990713 0.275726 0.000000 0.000000 0.000000 1.000000
0.997895 0.012698 -0.063589 0.279548 -0.019891 0.993306 -0.113788 94.980125 0.061719 0.114813 0.991468 0.261439 0.000000 0.000000 0.000000 1.000000
0.998564 0.017024 -0.050791 0.344888 -0.022746 0.993186 -0.114299 94.934235 0.048499 0.115290 0.992147 0.250228 0.000000 0.000000 0.000000 1.000000
0.999086 0.021553 -0.036914 0.422212 -0.025670 0.993036 -0.114982 94.892555 0.034179 0.115825 0.992681 0.242481 0.000000 0.000000 0.000000 1.000000
0.999412 0.026308 -0.021971 0.507223 -0.028683 0.992846 -0.115903 94.852135 0.018765 0.116465 0.993017 0.240811 0.000000 0.000000 0.000000 1.000000
0.999483 0.031611 -0.005924 0.599534 -0.032087 0.992598 -0.117134 94.811104 0.002178 0.117264 0.993098 0.247763 0.000000 0.000000 0.000000 1.000000
0.999236 0.037486 0.011028 0.700766 -0.035913 0.992268 -0.118807 94.772743 -0.015397 0.118320 0.992856 0.268639 0.000000 0.000000 0.000000 1.000000
0.998624 0.043787 0.028842 0.811395 -0.039992 0.991836 -0.121088 94.740776 -0.033908 0.119768 0.992223 0.312708 0.000000 0.000000 0.000000 1.000000
0.997590 0.050401 0.047689 0.932568 -0.044149 0.991286 -0.124112 94.716080 -0.053529 0.121707 0.991122 0.384650 0.000000 0.000000 0.000000 1.000000
0.996064 0.057209 0.067705 1.067356 -0.048197 0.990605 -0.127977 94.696373 -0.074390 0.124210 0.989464 0.478638 0.000000 0.000000 0.000000 1.000000
0.993982 0.064266 0.088708 1.216460 -0.052146 0.989775 -0.132761 94.679466 -0.096333 0.127336 0.987170 0.585729 0.000000 0.000000 0.000000 1.000000
0.991330 0.071801 0.110046 1.372951 -0.056231 0.988755 -0.138572 94.656845 -0.118758 0.131182 0.984219 0.696721 0.000000 0.000000 0.000000 1.000000
0.988156 0.079855 0.131036 1.522738 -0.060504 0.987503 -0.145526 94.619194 -0.141019 0.135875 0.980638 0.801270 0.000000 0.000000 0.000000 1.000000
0.984505 0.088109 0.151613 1.660287 -0.064599 0.986027 -0.153548 94.568939 -0.163024 0.141375 0.976441 0.899383 0.000000 0.000000 0.000000 1.000000
0.980340 0.096123 0.172317 1.801277 -0.068009 0.984409 -0.162213 94.520706 -0.185223 0.147305 0.971593 1.009132 0.000000 0.000000 0.000000 1.000000
0.975610 0.103596 0.193526 1.965022 -0.070436 0.982752 -0.170990 94.488472 -0.207901 0.153188 0.966080 1.146545 0.000000 0.000000 0.000000 1.000000
0.970391 0.110387 0.214837 2.152871 -0.071848 0.981115 -0.179585 94.472687 -0.230604 0.158833 0.959997 1.309034 0.000000 0.000000 0.000000 1.000000
0.964974 0.116284 0.235168 2.353616 -0.072239 0.979523 -0.187927 94.468910 -0.252205 0.164356 0.953614 1.484159 0.000000 0.000000 0.000000 1.000000
0.959748 0.120842 0.253538 2.558421 -0.071413 0.978035 -0.195825 94.473442 -0.271633 0.169836 0.947297 1.657644 0.000000 0.000000 0.000000 1.000000
0.954918 0.123748 0.269849 2.763682 -0.069242 0.976749 -0.202895 94.475151 -0.288682 0.175063 0.941284 1.814103 0.000000 0.000000 0.000000 1.000000
0.950454 0.125494 0.284408 2.966655 -0.066268 0.975658 -0.209047 94.484528 -0.303718 0.179843 0.935634 1.942374 0.000000 0.000000 0.000000 1.000000
0.946580 0.126233 0.296735 3.157307 -0.062668 0.974663 -0.214720 94.499687 -0.316321 0.184654 0.930507 2.039010 0.000000 0.000000 0.000000 1.000000
0.943816 0.126097 0.305468 3.326894 -0.058796 0.973667 -0.220264 94.519531 -0.325199 0.189929 0.926376 2.105314 0.000000 0.000000 0.000000 1.000000
0.942504 0.125394 0.309777 3.472159 -0.055362 0.972715 -0.225302 94.537521 -0.329577 0.195198 0.923730 2.144172 0.000000 0.000000 0.000000 1.000000
0.942623 0.124297 0.309857 3.591074 -0.052877 0.971979 -0.229043 94.536163 -0.329644 0.199517 0.922783 2.165724 0.000000 0.000000 0.000000 1.000000
0.943858 0.122751 0.306698 3.681908 -0.051298 0.971600 -0.231000 94.509911 -0.326343 0.202298 0.923350 2.185891 0.000000 0.000000 0.000000 1.000000
0.945746 0.120755 0.301633 3.745107 -0.050299 0.971592 -0.231254 94.468140 -0.320990 0.203536 0.924953 2.212306 0.000000 0.000000 0.000000 1.000000
0.947925 0.118407 0.295666 3.782200 -0.049581 0.971868 -0.230250 94.417328 -0.314612 0.203600 0.927128 2.240041 0.000000 0.000000 0.000000 1.000000
0.950171 0.115896 0.289383 3.795414 -0.049003 0.972309 -0.228505 94.351768 -0.307853 0.202938 0.929539 2.256894 0.000000 0.000000 0.000000 1.000000
0.952317 0.113414 0.283248 3.789724 -0.048494 0.972810 -0.226473 94.274788 -0.301232 0.201938 0.931923 2.253790 0.000000 0.000000 0.000000 1.000000
0.954295 0.111024 0.277478 3.780941 -0.047981 0.973310 -0.224424 94.214188 -0.294989 0.200853 0.934152 2.235549 0.000000 0.000000 0.000000 1.000000
0.956190 0.108551 0.271878 3.791804 -0.047331 0.973818 -0.222348 94.179527 -0.288896 0.199738 0.936292 2.220161 0.000000 0.000000 0.000000 1.000000
0.958068 0.106014 0.266208 3.822168 -0.046573 0.974299 -0.220391 94.104538 -0.282731 0.198751 0.938382 2.215998 0.000000 0.000000 0.000000 1.000000
0.959843 0.103990 0.260554 3.859351 -0.046115 0.974612 -0.219098 94.031982 -0.276723 0.198285 0.940270 2.223025 0.000000 0.000000 0.000000 1.000000
0.961391 0.103102 0.255140 3.891370 -0.046399 0.974620 -0.219006 93.974159 -0.271245 0.198712 0.941775 2.230495 0.000000 0.000000 0.000000 1.000000
0.962702 0.103558 0.249960 3.916944 -0.047632 0.974292 -0.220197 93.933228 -0.266337 0.200078 0.942886 2.232452 0.000000 0.000000 0.000000 1.000000
0.963818 0.105047 0.244990 3.938803 -0.049541 0.973654 -0.222584 93.899185 -0.261917 0.202393 0.943629 2.225691 0.000000 0.000000 0.000000 1.000000
0.964682 0.107267 0.240588 3.958133 -0.051721 0.972686 -0.226287 93.858757 -0.258290 0.205852 0.943881 2.206128 0.000000 0.000000 0.000000 1.000000
0.965178 0.110180 0.237259 3.975405 -0.053965 0.971328 -0.231538 93.803032 -0.255967 0.210671 0.943450 2.172333 0.000000 0.000000 0.000000 1.000000
0.965304 0.113756 0.235049 3.994746 -0.056214 0.969547 -0.238368 93.736938 -0.255006 0.216884 0.942302 2.131889 0.000000 0.000000 0.000000 1.000000
0.965105 0.117925 0.233809 4.024217 -0.058456 0.967352 -0.246602 93.675812 -0.255256 0.224329 0.940490 2.095569 0.000000 0.000000 0.000000 1.000000
0.964384 0.122698 0.234328 4.069126 -0.060509 0.964747 -0.256130 93.631767 -0.257494 0.232828 0.937810 2.065602 0.000000 0.000000 0.000000 1.000000
0.962749 0.127862 0.238255 4.125052 -0.061709 0.961777 -0.266791 93.606133 -0.263260 0.242150 0.933840 2.038379 0.000000 0.000000 0.000000 1.000000
0.960316 0.132667 0.245344 4.179102 -0.061532 0.958731 -0.277577 93.590172 -0.272044 0.251465 0.928847 2.014357 0.000000 0.000000 0.000000 1.000000
0.958252 0.136314 0.251338 4.222054 -0.060923 0.956195 -0.286320 93.576813 -0.279358 0.259055 0.924581 2.001887 0.000000 0.000000 0.000000 1.000000
0.957790 0.138744 0.251770 4.257798 -0.061741 0.954664 -0.291214 93.573273 -0.280760 0.263377 0.922934 2.012433 0.000000 0.000000 0.000000 1.000000
0.958543 0.140752 0.247760 4.296029 -0.064511 0.954105 -0.292441 93.601181 -0.277551 0.264334 0.923630 2.052461 0.000000 0.000000 0.000000 1.000000
0.959015 0.143284 0.244457 4.332684 -0.068207 0.954092 -0.291644 93.669724 -0.275023 0.263018 0.924762 2.117831 0.000000 0.000000 0.000000 1.000000
0.958464 0.146490 0.244720 4.351007 -0.071741 0.954260 -0.290244 93.748993 -0.276044 0.260632 0.925133 2.196319 0.000000 0.000000 0.000000 1.000000
0.957382 0.149341 0.247219 4.348342 -0.074410 0.954587 -0.288491 93.786377 -0.279076 0.257801 0.925016 2.277692 0.000000 0.000000 0.000000 1.000000
0.956584 0.150510 0.249588 4.344123 -0.075738 0.955293 -0.285796 93.760429 -0.281445 0.254485 0.925217 2.363262 0.000000 0.000000 0.000000 1.000000
0.956266 0.149577 0.251362 4.355460 -0.075579 0.956530 -0.281671 93.703720 -0.282567 0.250354 0.926001 2.459172 0.000000 0.000000 0.000000 1.000000
0.956154 0.146979 0.253313 4.383139 -0.074133 0.958244 -0.276176 93.661743 -0.283328 0.245288 0.927124 2.561988 0.000000 0.000000 0.000000 1.000000
0.956129 0.143250 0.255532 4.421704 -0.071767 0.960245 -0.269776 93.650063 -0.284019 0.239602 0.928399 2.654963 0.000000 0.000000 0.000000 1.000000
0.956331 0.138896 0.257174 4.468181 -0.068962 0.962258 -0.263258 93.652855 -0.284033 0.234026 0.929816 2.718567 0.000000 0.000000 0.000000 1.000000
0.956899 0.134595 0.257348 4.519175 -0.066308 0.963971 -0.257610 93.647957 -0.282749 0.229442 0.931348 2.744758 0.000000 0.000000 0.000000 1.000000
0.957788 0.130885 0.255953 4.568528 -0.064175 0.965222 -0.253433 93.625900 -0.280222 0.226309 0.932877 2.739904 0.000000 0.000000 0.000000 1.000000
0.958808 0.127872 0.253647 4.611496 -0.062552 0.966074 -0.250577 93.593292 -0.277084 0.224389 0.934277 2.718834 0.000000 0.000000 0.000000 1.000000
0.959864 0.125382 0.250880 4.647644 -0.061302 0.966672 -0.248570 93.562523 -0.273685 0.223214 0.935560 2.696628 0.000000 0.000000 0.000000 1.000000
0.960947 0.123331 0.247731 4.679378 -0.060311 0.967015 -0.247475 93.541893 -0.270081 0.222870 0.936689 2.676929 0.000000 0.000000 0.000000 1.000000
0.961692 0.122153 0.245411 4.707225 -0.059395 0.966815 -0.248479 93.532516 -0.267619 0.224384 0.937034 2.644626 0.000000 0.000000 0.000000 1.000000
0.961268 0.122792 0.246751 4.724702 -0.058377 0.965669 -0.253132 93.531097 -0.269363 0.228923 0.935435 2.576431 0.000000 0.000000 0.000000 1.000000
0.959094 0.125889 0.253556 4.724199 -0.057334 0.963499 -0.261502 93.537132 -0.277221 0.236267 0.931303 2.462107 0.000000 0.000000 0.000000 1.000000
0.955636 0.130872 0.263879 4.711729 -0.056546 0.960721 -0.271693 93.555374 -0.289071 0.244718 0.925500 2.312561 0.000000 0.000000 0.000000 1.000000
0.952067 0.136313 0.273837 4.702972 -0.056225 0.957950 -0.281372 93.589760 -0.300677 0.252489 0.919697 2.155936 0.000000 0.000000 0.000000 1.000000
0.949086 0.141092 0.281653 4.702763 -0.056370 0.955725 -0.288812 93.638268 -0.309932 0.258230 0.915019 2.033833 0.000000 0.000000 0.000000 1.000000
0.946577 0.144718 0.288183 4.705519 -0.056736 0.954445 -0.292943 93.693802 -0.317449 0.260943 0.911666 1.983508 0.000000 0.000000 0.000000 1.000000
0.944294 0.146967 0.294464 4.713449 -0.056925 0.954203 -0.293695 93.748222 -0.324142 0.260572 0.909414 2.008244 0.000000 0.000000 0.000000 1.000000
0.942288 0.147833 0.300398 4.733897 -0.056673 0.954717 -0.292068 93.797600 -0.329973 0.258188 0.907996 2.076163 0.000000 0.000000 0.000000 1.000000
0.940745 0.147639 0.305291 4.761305 -0.056097 0.955603 -0.289268 93.840569 -0.334444 0.255001 0.907261 2.150949 0.000000 0.000000 0.000000 1.000000
0.939832 0.146682 0.308545 4.784003 -0.055468 0.956669 -0.285844 93.873474 -0.337104 0.251531 0.907245 2.214741 0.000000 0.000000 0.000000 1.000000
0.939637 0.144907 0.309973 4.803282 -0.054758 0.957905 -0.281815 93.897491 -0.337762 0.247830 0.908018 2.268615 0.000000 0.000000 0.000000 1.000000
0.940063 0.142259 0.309910 4.826164 -0.053737 0.959270 -0.277334 93.921066 -0.336740 0.244058 0.909418 2.319307 0.000000 0.000000 0.000000 1.000000
0.940865 0.139108 0.308904 4.848401 -0.052442 0.960622 -0.272865 93.948814 -0.334698 0.240530 0.911111 2.364446 0.000000 0.000000 0.000000 1.000000
0.941795 0.136047 0.307429 4.859452 -0.051173 0.961817 -0.268866 93.976486 -0.332269 0.237485 0.912797 2.391768 0.000000 0.000000 0.000000 1.000000
0.942653 0.133455 0.305932 4.855965 -0.050153 0.962814 -0.265468 93.999435 -0.329984 0.234901 0.914293 2.393193 0.000000 0.000000 0.000000 1.000000
0.943339 0.131339 0.304733 4.842273 -0.049399 0.963687 -0.262426 94.019875 -0.328134 0.232504 0.915571 2.374208 0.000000 0.000000 0.000000 1.000000
0.943881 0.129459 0.303857 4.822666 -0.048777 0.964531 -0.259423 94.044975 -0.326665 0.230043 0.916717 2.345125 0.000000 0.000000 0.000000 1.000000
0.944384 0.127625 0.303069 4.797236 -0.048194 0.965380 -0.256356 94.078415 -0.325295 0.227492 0.917840 2.308398 0.000000 0.000000 0.000000 1.000000
0.944972 0.125835 0.301983 4.764120 -0.047732 0.966221 -0.253257 94.117432 -0.323651 0.224906 0.919058 2.259409 0.000000 0.000000 0.000000 1.000000
0.945739 0.124072 0.300308 4.726039 -0.047479 0.967075 -0.250024 94.157516 -0.321441 0.222199 0.920491 2.197785 0.000000 0.000000 0.000000 1.000000
0.946719 0.122155 0.297996 4.690296 -0.047353 0.968018 -0.246371 94.196999 -0.318561 0.219133 0.922225 2.133542 0.000000 0.000000 0.000000 1.000000
0.947899 0.119953 0.295126 4.658904 -0.047241 0.969087 -0.242153 94.234375 -0.315050 0.215595 0.924263 2.076754 0.000000 0.000000 0.000000 1.000000
0.949256 0.117508 0.291726 4.625595 -0.047104 0.970235 -0.237541 94.265739 -0.310956 0.211746 0.926537 2.026438 0.000000 0.000000 0.000000 1.000000
0.950790 0.114884 0.287750 4.583673 -0.046905 0.971383 -0.232839 94.289505 -0.306265 0.207885 0.928970 1.973763 0.000000 0.000000 0.000000 1.000000
0.952462 0.112118 0.283275 4.533340 -0.046593 0.972489 -0.228242 94.310715 -0.301072 0.204194 0.931483 1.913234 0.000000 0.000000 0.000000 1.000000
0.954118 0.109337 0.278756 4.480633 -0.046200 0.973556 -0.223727 94.335327 -0.295846 0.200583 0.933939 1.847320 0.000000 0.000000 0.000000 1.000000
0.955650 0.106738 0.274483 4.428167 -0.045913 0.974612 -0.219141 94.363594 -0.290905 0.196820 0.936289 1.778220 0.000000 0.000000 0.000000 1.000000
0.957209 0.104463 0.269886 4.370968 -0.045998 0.975642 -0.214494 94.390297 -0.285719 0.192901 0.938698 1.703189 0.000000 0.000000 0.000000 1.000000
0.959074 0.102593 0.263915 4.303251 -0.046668 0.976579 -0.210039 94.394165 -0.279283 0.189127 0.941399 1.620544 0.000000 0.000000 0.000000 1.000000
0.961374 0.101093 0.256009 4.226849 -0.047972 0.977415 -0.205814 94.380173 -0.271033 0.185583 0.944510 1.535614 0.000000 0.000000 0.000000 1.000000
0.963973 0.099733 0.246595 4.148000 -0.049682 0.978243 -0.201428 94.369240 -0.261319 0.181919 0.947954 1.453780 0.000000 0.000000 0.000000 1.000000
0.966621 0.098374 0.236574 4.071549 -0.051521 0.979122 -0.196635 94.379326 -0.250979 0.177882 0.951508 1.376480 0.000000 0.000000 0.000000 1.000000
0.969182 0.096949 0.226467 3.996614 -0.053247 0.980015 -0.191664 94.407578 -0.240523 0.173699 0.954975 1.305361 0.000000 0.000000 0.000000 1.000000
0.971673 0.095365 0.216235 3.920616 -0.054694 0.980872 -0.186814 94.444763 -0.229915 0.169695 0.958302 1.239939 0.000000 0.000000 0.000000 1.000000
0.974134 0.093551 0.205698 3.842432 -0.055800 0.981675 -0.182211 94.479797 -0.218975 0.166019 0.961503 1.174773 0.000000 0.000000 0.000000 1.000000
0.976574 0.091548 0.194736 3.761003 -0.056625 0.982422 -0.177880 94.504646 -0.207597 0.162686 0.964591 1.103911 0.000000 0.000000 0.000000 1.000000
0.979021 0.089275 0.183162 3.675792 -0.057150 0.983136 -0.173716 94.523949 -0.195581 0.159604 0.967613 1.030353 0.000000 0.000000 0.000000 1.000000
0.981503 0.086511 0.170785 3.587366 -0.057224 0.983866 -0.169509 94.549553 -0.182694 0.156601 0.970618 0.963036 0.000000 0.000000 0.000000 1.000000
0.984004 0.083238 0.157503 3.495683 -0.056862 0.984633 -0.165119 94.586868 -0.168827 0.153522 0.973616 0.906011 0.000000 0.000000 0.000000 1.000000
0.986482 0.079688 0.143189 3.398937 -0.056304 0.985426 -0.160515 94.630844 -0.153894 0.150283 0.976592 0.856197 0.000000 0.000000 0.000000 1.000000
0.988905 0.076018 0.127627 3.293749 -0.055708 0.986221 -0.155768 94.671028 -0.137710 0.146930 0.979514 0.808938 0.000000 0.000000 0.000000 1.000000
0.991195 0.072231 0.110976 3.176184 -0.055005 0.986985 -0.151114 94.703049 -0.120447 0.143679 0.982267 0.760889 0.000000 0.000000 0.000000 1.000000
0.993222 0.068305 0.094042 3.044614 -0.054018 0.987680 -0.146871 94.734215 -0.102916 0.140796 0.984675 0.709881 0.000000 0.000000 0.000000 1.000000
0.994916 0.064217 0.077583 2.902153 -0.052620 0.988289 -0.143232 94.775597 -0.085872 0.138422 0.986643 0.657363 0.000000 0.000000 0.000000 1.000000
0.996283 0.060083 0.061724 2.753320 -0.050943 0.988806 -0.140243 94.828682 -0.069459 0.136577 0.988191 0.607551 0.000000 0.000000 0.000000 1.000000
0.997345 0.056219 0.046295 2.597881 -0.049354 0.989201 -0.138007 94.882912 -0.053553 0.135355 0.989349 0.559740 0.000000 0.000000 0.000000 1.000000
0.998130 0.052570 0.031189 2.432442 -0.047841 0.989456 -0.136701 94.928902 -0.038047 0.134954 0.990121 0.505804 0.000000 0.000000 0.000000 1.000000
0.998681 0.048584 0.016582 2.259674 -0.045881 0.989614 -0.136229 94.969315 -0.023028 0.135289 0.990539 0.441248 0.000000 0.000000 0.000000 1.000000
0.999028 0.044011 0.002664 2.083371 -0.043239 0.989752 -0.136096 95.011200 -0.008626 0.135849 0.990692 0.370871 0.000000 0.000000 0.000000 1.000000
0.999167 0.039237 -0.011181 1.892472 -0.040394 0.989873 -0.136088 95.054237 0.005728 0.136426 0.990634 0.292276 0.000000 0.000000 0.000000 1.000000
0.999072 0.034524 -0.025760 1.678562 -0.037727 0.989927 -0.136461 95.092224 0.020789 0.137307 0.990310 0.194935 0.000000 0.000000 0.000000 1.000000
0.998727 0.029883 -0.040649 1.457206 -0.035192 0.989962 -0.136880 95.121735 0.036150 0.138136 0.989753 0.090921 0.000000 0.000000 0.000000 1.000000
0.998167 0.025558 -0.054858 1.251446 -0.032851 0.990099 -0.136470 95.148369 0.050827 0.138022 0.989124 0.007464 0.000000 0.000000 0.000000 1.000000
0.997421 0.021527 -0.068470 1.066910 -0.030656 0.990343 -0.135210 95.173241 0.064898 0.136960 0.988448 -0.053396 0.000000 0.000000 0.000000 1.000000
0.996460 0.017538 -0.082222 0.899897 -0.028477 0.990596 -0.133825 95.197212 0.079102 0.135693 0.987588 -0.108058 0.000000 0.000000 0.000000 1.000000
0.995288 0.013605 -0.096005 0.750827 -0.026352 0.990794 -0.132789 95.217560 0.093315 0.134693 0.986484 -0.164049 0.000000 0.000000 0.000000 1.000000
0.994012 0.009925 -0.108823 0.620139 -0.024355 0.990939 -0.132083 95.247139 0.106526 0.133943 0.985247 -0.216018 0.000000 0.000000 0.000000 1.000000
0.992811 0.006706 -0.119503 0.503782 -0.022535 0.991046 -0.131604 95.283630 0.117550 0.133351 0.984073 -0.259232 0.000000 0.000000 0.000000 1.000000
0.991847 0.004140 -0.127366 0.401039 -0.020995 0.991122 -0.131284 95.320084 0.125692 0.132888 0.983129 -0.294586 0.000000 0.000000 0.000000 1.000000
0.991140 0.002027 -0.132806 0.315459 -0.019579 0.991190 -0.130993 95.353111 0.131370 0.132433 0.982448 -0.323851 0.000000 0.000000 0.000000 1.000000
0.990609 -0.000001 -0.136727 0.249581 -0.018020 0.991276 -0.130563 95.383575 0.135534 0.131800 0.981967 -0.345246 0.000000 0.000000 0.000000 1.000000
0.990184 -0.002061 -0.139751 0.201601 -0.016274 0.991390 -0.129929 95.411926 0.138816 0.130928 0.981625 -0.355602 0.000000 0.000000 0.000000 1.000000
0.989840 -0.004082 -0.142126 0.166680 -0.014453 0.991521 -0.129137 95.437080 0.141448 0.129879 0.981389 -0.353734 0.000000 0.000000 0.000000 1.000000
0.989563 -0.006011 -0.143973 0.140841 -0.012629 0.991667 -0.128205 95.459045 0.143544 0.128686 0.981242 -0.341123 0.000000 0.000000 0.000000 1.000000
0.989347 -0.007751 -0.145369 0.121380 -0.010900 0.991834 -0.127071 95.478905 0.145166 0.127302 0.981183 -0.320436 0.000000 0.000000 0.000000 1.000000
0.989203 -0.009153 -0.146268 0.105887 -0.009406 0.992026 -0.125685 95.496658 0.146252 0.125704 0.981228 -0.294428 0.000000 0.000000 0.000000 1.000000
0.989153 -0.010125 -0.146538 0.093280 -0.008230 0.992233 -0.124117 95.509056 0.146657 0.123977 0.981388 -0.265723 0.000000 0.000000 0.000000 1.000000
0.989201 -0.010646 -0.146179 0.084033 -0.007422 0.992440 -0.122509 95.511734 0.146378 0.122271 0.981643 -0.235277 0.000000 0.000000 0.000000 1.000000
0.989305 -0.010757 -0.145463 0.078233 -0.006989 0.992636 -0.120936 95.506973 0.145693 0.120659 0.981945 -0.201591 0.000000 0.000000 0.000000 1.000000
0.989420 -0.010751 -0.144678 0.073732 -0.006662 0.992831 -0.119340 95.501350 0.144923 0.119041 0.982256 -0.164170 0.000000 0.000000 0.000000 1.000000
0.989547 -0.011094 -0.143786 0.067710 -0.005966 0.993034 -0.117679 95.498360 0.144090 0.117307 0.982587 -0.126547 0.000000 0.000000 0.000000 1.000000
0.989740 -0.011663 -0.142400 0.060893 -0.005001 0.993223 -0.116112 95.498650 0.142789 0.115633 0.982975 -0.090899 0.000000 0.000000 0.000000 1.000000
0.990039 -0.011659 -0.140312 0.057532 -0.004595 0.993358 -0.114970 95.502029 0.140721 0.114469 0.983410 -0.053621 0.000000 0.000000 0.000000 1.000000
0.990399 -0.010768 -0.137816 0.059259 -0.005125 0.993416 -0.114448 95.508446 0.138141 0.114056 0.983823 -0.011542 0.000000 0.000000 0.000000 1.000000
0.990794 -0.009514 -0.135044 0.062139 -0.006038 0.993430 -0.114285 95.518677 0.135244 0.114048 0.984227 0.033043 0.000000 0.000000 0.000000 1.000000
0.991223 -0.008414 -0.131930 0.061451 -0.006741 0.993457 -0.114007 95.533356 0.132026 0.113896 0.984681 0.077451 0.000000 0.000000 0.000000 1.000000
0.991655 -0.007505 -0.128699 0.056548 -0.007204 0.993519 -0.113441 95.551620 0.128716 0.113422 0.985174 0.122865 0.000000 0.000000 0.000000 1.000000
0.992050 -0.006661 -0.125668 0.050031 -0.007609 0.993596 -0.112732 95.568222 0.125614 0.112792 0.985646 0.169828 0.000000 0.000000 0.000000 1.000000
0.992395 -0.005816 -0.122958 0.043762 -0.008062 0.993668 -0.112068 95.574783 0.122831 0.112207 0.986064 0.214486 0.000000 0.000000 0.000000 1.000000
0.992687 -0.004978 -0.120611 0.037017 -0.008565 0.993727 -0.111508 95.568352 0.120409 0.111726 0.986417 0.252697 0.000000 0.000000 0.000000 1.000000
0.992918 -0.004266 -0.118725 0.029010 -0.009006 0.993777 -0.111020 95.555855 0.118460 0.111303 0.986701 0.285498 0.000000 0.000000 0.000000 1.000000
0.993091 -0.003753 -0.117290 0.020330 -0.009304 0.993824 -0.110577 95.546211 0.116981 0.110904 0.986922 0.316311 0.000000 0.000000 0.000000 1.000000
0.993234 -0.003281 -0.116082 0.011738 -0.009598 0.993861 -0.110216 95.542397 0.115731 0.110585 0.987106 0.344509 0.000000 0.000000 0.000000 1.000000
0.993374 -0.002592 -0.114898 0.004236 -0.010132 0.993878 -0.110020 95.542358 0.114480 0.110455 0.987266 0.366455 0.000000 0.000000 0.000000 1.000000
0.993499 -0.001637 -0.113829 -0.001463 -0.010970 0.993867 -0.110039 95.542801 0.113311 0.110572 0.987388 0.381478 0.000000 0.000000 0.000000 1.000000
0.993588 -0.000694 -0.113061 -0.007118 -0.011845 0.993840 -0.110193 95.540527 0.112441 0.110826 0.987459 0.391885 0.000000 0.000000 0.000000 1.000000
0.993672 -0.000009 -0.112322 -0.015307 -0.012458 0.993821 -0.110296 95.536339 0.111629 0.110997 0.987532 0.397153 0.000000 0.000000 0.000000 1.000000</float_array><technique_common><accessor source="#Hips-Matrix-animation-output-transform-array" count="158" stride="16"><param type="float4x4"/></accessor></technique_common></source><source id="Hips-Interpolations"><Name_array id="Hips-Interpolations-array" count="158">
 LINEAR LINEAR LINEAR LINEAR LINEAR LINEAR LINEAR LINEAR LINEAR LINEAR LINEAR
LINEAR LINEAR LINEAR LINEAR LINEAR LINEAR LINEAR LINEAR LINEAR LINEAR LINEAR LINEAR
LINEAR LINEAR LINEAR LINEAR LINEAR LINEAR LINEAR LINEAR LINEAR LINEAR LINEAR LINEAR
LINEAR LINEAR LINEAR LINEAR LINEAR LINEAR LINEAR LINEAR LINEAR LINEAR LINEAR LINEAR
LINEAR LINEAR LINEAR LINEAR LINEAR LINEAR LINEAR LINEAR LINEAR LINEAR LINEAR LINEAR
LINEAR LINEAR LINEAR LINEAR LINEAR LINEAR LINEAR LINEAR LINEAR LINEAR LINEAR LINEAR
LINEAR LINEAR LINEAR LINEAR LINEAR LINEAR LINEAR LINEAR LINEAR LINEAR LINEAR LINEAR
LINEAR LINEAR LINEAR LINEAR LINEAR LINEAR LINEAR LINEAR LINEAR LINEAR LINEAR LINEAR
LINEAR LINEAR LINEAR LINEAR LINEAR LINEAR LINEAR LINEAR LINEAR LINEAR LINEAR LINEAR
LINEAR LINEAR LINEAR LINEAR LINEAR LINEAR LINEAR LINEAR LINEAR LINEAR LINEAR LINEAR
LINEAR LINEAR LINEAR LINEAR LINEAR LINEAR LINEAR LINEAR LINEAR LINEAR LINEAR LINEAR
LINEAR LINEAR LINEAR LINEAR LINEAR LINEAR LINEAR LINEAR LINEAR LINEAR LINEAR LINEAR
LINEAR LINEAR LINEAR LINEAR LINEAR LINEAR LINEAR LINEAR LINEAR LINEAR LINEAR LINEAR
LINEAR LINEAR LINEAR</Name_array><technique_common><accessor source="#Hips-Interpolations-array" count="158"><param type="name"/></accessor></technique_common></source><sampler id="Hips-Matrix-animation-transform"><input semantic="INPUT" source="#Hips-Matrix-animation-input"/><input semantic="OUTPUT" source="#Hips-Matrix-animation-output-transform"/><input semantic="INTERPOLATION" source="#Hips-Interpolations"/></sampler><channel source="#Hips-Matrix-animation-transform" target="Hips/matrix"/></animation>
    <animation id="Spine-anim" name="Spine"><source id="Spine-Matrix-animation-input"><float_array id="Spine-Matrix-animation-input-array" count="158">

0.000000 0.033333 0.066667 0.100000 0.133333 0.166667 0.200000 0.233333 0.266667 0.300000 0.333333 0.366667 0.400000 0.433333 0.466667 0.500000
0.533333 0.566667 0.600000 0.633333 0.666667 0.700000 0.733333 0.766667 0.800000 0.833333 0.866667 0.900000 0.933333 0.966667 1.000000 1.033333
1.066667 1.100000 1.133333 1.166667 1.200000 1.233333 1.266667 1.300000 1.333333 1.366667 1.400000 1.433333 1.466667 1.500000 1.533333 1.566667
1.600000 1.633333 1.666667 1.700000 1.733333 1.766667 1.800000 1.833333 1.866667 1.900000 1.933333 1.966667 2.000000 2.033333 2.066667 2.100000
2.133333 2.166667 2.200000 2.233333 2.266667 2.300000 2.333333 2.366667 2.400000 2.433333 2.466667 2.500000 2.533333 2.566667 2.600000 2.633333
2.666667 2.700000 2.733333 2.766667 2.800000 2.833333 2.866667 2.900000 2.933333 2.966667 3.000000 3.033333 3.066667 3.100000 3.133333 3.166667
3.200000 3.233333 3.266667 3.300000 3.333333 3.366667 3.400000 3.433333 3.466667 3.500000 3.533333 3.566667 3.600000 3.633333 3.666667 3.700000
3.733333 3.766667 3.800000 3.833333 3.866667 3.900000 3.933333 3.966667 4.000000 4.033333 4.066667 4.100000 4.133333 4.166667 4.200000 4.233333
4.266667 4.300000 4.333333 4.366667 4.400000 4.433333 4.466667 4.500000 4.533333 4.566667 4.600000 4.633333 4.666667 4.700000 4.733333 4.766667
4.800000 4.833333 4.866667 4.900000 4.933333 4.966667 5.000000 5.033333 5.066667 5.100000 5.133333 5.166667 5.200000 5.233333</float_array><technique_common><accessor source="#Spine-Matrix-animation-input-array" count="158"><param name="TIME" type="float"/></accessor></technique_common></source><source id="Spine-Matrix-animation-output-transform"><float_array id="Spine-Matrix-animation-output-transform-array" count="2528">

0.999894 -0.009935 0.010683 0.017300 0.009914 0.999949 0.002031 10.574800 -0.010703 -0.001925 0.999941 -1.117200 0.000000 0.000000 0.000000 1.000000
0.999894 -0.009880 0.010671 0.017300 0.009859 0.999949 0.002009 10.574800 -0.010690 -0.001904 0.999941 -1.117200 0.000000 0.000000 0.000000 1.000000
0.999895 -0.009832 0.010675 0.017300 0.009811 0.999950 0.002021 10.574800 -0.010694 -0.001916 0.999941 -1.117200 0.000000 0.000000 0.000000 1.000000
0.999895 -0.009785 0.010672 0.017300 0.009763 0.999950 0.002109 10.574800 -0.010692 -0.002005 0.999941 -1.117200 0.000000 0.000000 0.000000 1.000000
0.999896 -0.009703 0.010623 0.017300 0.009679 0.999951 0.002302 10.574800 -0.010645 -0.002199 0.999941 -1.117200 0.000000 0.000000 0.000000 1.000000
0.999899 -0.009573 0.010529 0.017300 0.009546 0.999951 0.002570 10.574800 -0.010553 -0.002470 0.999941 -1.117200 0.000000 0.000000 0.000000 1.000000
0.999901 -0.009452 0.010453 0.017300 0.009423 0.999952 0.002822 10.574800 -0.010479 -0.002723 0.999941 -1.117200 0.000000 0.000000 0.000000 1.000000
0.999901 -0.009425 0.010460 0.017300 0.009394 0.999951 0.002974 10.574800 -0.010488 -0.002876 0.999941 -1.117200 0.000000 0.000000 0.000000 1.000000
0.999899 -0.009466 0.010560 0.017300 0.009435 0.999951 0.003043 10.574800 -0.010589 -0.002943 0.999940 -1.117200 0.000000 0.000000 0.000000 1.000000
0.999898 -0.009475 0.010726 0.017300 0.009443 0.999951 0.003092 10.574800 -0.010755 -0.002991 0.999938 -1.117200 0.000000 0.000000 0.000000 1.000000
0.999896 -0.009436 0.010933 0.017300 0.009402 0.999951 0.003121 10.574800 -0.010962 -0.003018 0.999935 -1.117200 0.000000 0.000000 0.000000 1.000000
0.999893 -0.009399 0.011205 0.017300 0.009365 0.999951 0.003062 10.574800 -0.011233 -0.002957 0.999933 -1.117200 0.000000 0.000000 0.000000 1.000000
0.999889 -0.009343 0.011585 0.017300 0.009310 0.999952 0.002891 10.574800 -0.011611 -0.002783 0.999929 -1.117200 0.000000 0.000000 0.000000 1.000000
0.999884 -0.009254 0.012105 0.017300 0.009222 0.999954 0.002667 10.574800 -0.012129 -0.002555 0.999923 -1.117200 0.000000 0.000000 0.000000 1.000000
0.999876 -0.009218 0.012779 0.017300 0.009188 0.999955 0.002459 10.574800 -0.012801 -0.002341 0.999915 -1.117200 0.000000 0.000000 0.000000 1.000000
0.999864 -0.009326 0.013575 0.017300 0.009296 0.999954 0.002294 10.574800 -0.013596 -0.002168 0.999905 -1.117200 0.000000 0.000000 0.000000 1.000000
0.999851 -0.009471 0.014424 0.017300 0.009441 0.999953 0.002194 10.574800 -0.014444 -0.002057 0.999894 -1.117200 0.000000 0.000000 0.000000 1.000000
0.999837 -0.009517 0.015322 0.017300 0.009485 0.999953 0.002193 10.574800 -0.015342 -0.002047 0.999880 -1.117200 0.000000 0.000000 0.000000 1.000000
0.999823 -0.009458 0.016275 0.017300 0.009422 0.999953 0.002304 10.574800 -0.016296 -0.002150 0.999865 -1.117200 0.000000 0.000000 0.000000 1.000000
0.999808 -0.009372 0.017232 0.017300 0.009331 0.999953 0.002446 10.574800 -0.017254 -0.002285 0.999849 -1.117200 0.000000 0.000000 0.000000 1.000000
0.999792 -0.009326 0.018150 0.017300 0.009281 0.999954 0.002524 10.574800 -0.018173 -0.002355 0.999832 -1.117200 0.000000 0.000000 0.000000 1.000000
0.999775 -0.009349 0.019031 0.017300 0.009302 0.999954 0.002508 10.574800 -0.019053 -0.002330 0.999816 -1.117200 0.000000 0.000000 0.000000 1.000000
0.999758 -0.009417 0.019866 0.017300 0.009372 0.999953 0.002384 10.574800 -0.019888 -0.002197 0.999800 -1.117200 0.000000 0.000000 0.000000 1.000000
0.999742 -0.009479 0.020626 0.017300 0.009437 0.999953 0.002136 10.574800 -0.020646 -0.001941 0.999785 -1.117200 0.000000 0.000000 0.000000 1.000000
0.999728 -0.009497 0.021280 0.017300 0.009460 0.999954 0.001811 10.574800 -0.021296 -0.001609 0.999772 -1.117200 0.000000 0.000000 0.000000 1.000000
0.999717 -0.009469 0.021824 0.017300 0.009438 0.999954 0.001506 10.574800 -0.021838 -0.001300 0.999761 -1.117200 0.000000 0.000000 0.000000 1.000000
0.999709 -0.009424 0.022225 0.017300 0.009398 0.999955 0.001294 10.574800 -0.022237 -0.001085 0.999752 -1.117200 0.000000 0.000000 0.000000 1.000000
0.999704 -0.009414 0.022414 0.017300 0.009390 0.999955 0.001180 10.574800 -0.022424 -0.000970 0.999748 -1.117200 0.000000 0.000000 0.000000 1.000000
0.999706 -0.009428 0.022349 0.017300 0.009406 0.999955 0.001093 10.574800 -0.022358 -0.000882 0.999750 -1.117200 0.000000 0.000000 0.000000 1.000000
0.999712 -0.009343 0.022093 0.017300 0.009326 0.999956 0.000876 10.574800 -0.022100 -0.000669 0.999756 -1.117200 0.000000 0.000000 0.000000 1.000000
0.999719 -0.009293 0.021816 0.017300 0.009286 0.999957 0.000403 10.574800 -0.021819 -0.000201 0.999762 -1.117200 0.000000 0.000000 0.000000 1.000000
0.999724 -0.009278 0.021561 0.017300 0.009285 0.999957 -0.000240 10.574800 -0.021558 0.000440 0.999768 -1.117200 0.000000 0.000000 0.000000 1.000000
0.999730 -0.009291 0.021285 0.017300 0.009310 0.999956 -0.000797 10.574800 -0.021277 0.000995 0.999773 -1.117200 0.000000 0.000000 0.000000 1.000000
0.999736 -0.009340 0.020986 0.017300 0.009365 0.999956 -0.001126 10.574800 -0.020974 0.001322 0.999779 -1.117200 0.000000 0.000000 0.000000 1.000000
0.999741 -0.009393 0.020707 0.017300 0.009422 0.999955 -0.001299 10.574800 -0.020694 0.001493 0.999785 -1.117200 0.000000 0.000000 0.000000 1.000000
0.999745 -0.009421 0.020515 0.017300 0.009453 0.999954 -0.001449 10.574800 -0.020500 0.001642 0.999788 -1.117200 0.000000 0.000000 0.000000 1.000000
0.999747 -0.009385 0.020441 0.017300 0.009420 0.999954 -0.001594 10.574800 -0.020425 0.001786 0.999790 -1.117200 0.000000 0.000000 0.000000 1.000000
0.999747 -0.009289 0.020469 0.017300 0.009325 0.999955 -0.001676 10.574800 -0.020453 0.001866 0.999789 -1.117200 0.000000 0.000000 0.000000 1.000000
0.999747 -0.009175 0.020536 0.017300 0.009212 0.999956 -0.001702 10.574800 -0.020520 0.001891 0.999788 -1.117200 0.000000 0.000000 0.000000 1.000000
0.999747 -0.009097 0.020587 0.017300 0.009135 0.999957 -0.001742 10.574800 -0.020570 0.001930 0.999787 -1.117200 0.000000 0.000000 0.000000 1.000000
0.999745 -0.009133 0.020643 0.017300 0.009172 0.999956 -0.001799 10.574800 -0.020625 0.001988 0.999785 -1.117200 0.000000 0.000000 0.000000 1.000000
0.999742 -0.009298 0.020738 0.017300 0.009338 0.999955 -0.001799 10.574800 -0.020720 0.001992 0.999783 -1.117200 0.000000 0.000000 0.000000 1.000000
0.999738 -0.009440 0.020847 0.017300 0.009477 0.999954 -0.001707 10.574800 -0.020830 0.001904 0.999781 -1.117200 0.000000 0.000000 0.000000 1.000000
0.999736 -0.009484 0.020933 0.017300 0.009519 0.999953 -0.001558 10.574800 -0.020917 0.001757 0.999780 -1.117200 0.000000 0.000000 0.000000 1.000000
0.999735 -0.009479 0.020992 0.017300 0.009511 0.999954 -0.001430 10.574800 -0.020977 0.001629 0.999779 -1.117200 0.000000 0.000000 0.000000 1.000000
0.999733 -0.009532 0.021035 0.017300 0.009564 0.999953 -0.001407 10.574800 -0.021020 0.001608 0.999778 -1.117200 0.000000 0.000000 0.000000 1.000000
0.999732 -0.009628 0.021035 0.017300 0.009663 0.999952 -0.001539 10.574800 -0.021019 0.001742 0.999778 -1.117200 0.000000 0.000000 0.000000 1.000000
0.999733 -0.009692 0.020969 0.017300 0.009732 0.999951 -0.001805 10.574800 -0.020950 0.002008 0.999779 -1.117200 0.000000 0.000000 0.000000 1.000000
0.999736 -0.009735 0.020831 0.017300 0.009781 0.999950 -0.002127 10.574800 -0.020809 0.002330 0.999781 -1.117200 0.000000 0.000000 0.000000 1.000000
0.999740 -0.009812 0.020598 0.017300 0.009864 0.999948 -0.002424 10.574800 -0.020574 0.002627 0.999785 -1.117200 0.000000 0.000000 0.000000 1.000000
0.999745 -0.009945 0.020284 0.017300 0.010001 0.999946 -0.002664 10.574800 -0.020257 0.002866 0.999791 -1.117200 0.000000 0.000000 0.000000 1.000000
0.999748 -0.010147 0.020044 0.017300 0.010207 0.999944 -0.002901 10.574800 -0.020014 0.003105 0.999795 -1.117200 0.000000 0.000000 0.000000 1.000000
0.999745 -0.010419 0.020031 0.017300 0.010486 0.999940 -0.003249 10.574800 -0.019996 0.003458 0.999794 -1.117200 0.000000 0.000000 0.000000 1.000000
0.999740 -0.010728 0.020132 0.017300 0.010805 0.999935 -0.003750 10.574800 -0.020090 0.003967 0.999790 -1.117200 0.000000 0.000000 0.000000 1.000000
0.999740 -0.011058 0.019951 0.017300 0.011145 0.999929 -0.004270 10.574800 -0.019903 0.004491 0.999792 -1.117200 0.000000 0.000000 0.000000 1.000000
0.999748 -0.011470 0.019307 0.017300 0.011560 0.999923 -0.004594 10.574800 -0.019252 0.004816 0.999803 -1.117200 0.000000 0.000000 0.000000 1.000000
0.999754 -0.012076 0.018600 0.017300 0.012165 0.999915 -0.004667 10.574800 -0.018542 0.004892 0.999816 -1.117200 0.000000 0.000000 0.000000 1.000000
0.999749 -0.012819 0.018356 0.017300 0.012906 0.999906 -0.004612 10.574800 -0.018295 0.004848 0.999821 -1.117200 0.000000 0.000000 0.000000 1.000000
0.999737 -0.013383 0.018601 0.017300 0.013470 0.999899 -0.004533 10.574800 -0.018539 0.004782 0.999817 -1.117200 0.000000 0.000000 0.000000 1.000000
0.999729 -0.013484 0.018972 0.017300 0.013570 0.999898 -0.004443 10.574800 -0.018910 0.004699 0.999810 -1.117200 0.000000 0.000000 0.000000 1.000000
0.999729 -0.013173 0.019182 0.017300 0.013258 0.999903 -0.004330 10.574800 -0.019123 0.004583 0.999807 -1.117200 0.000000 0.000000 0.000000 1.000000
0.999734 -0.012717 0.019250 0.017300 0.012799 0.999909 -0.004154 10.574800 -0.019195 0.004400 0.999806 -1.117200 0.000000 0.000000 0.000000 1.000000
0.999738 -0.012268 0.019304 0.017300 0.012345 0.999916 -0.003858 10.574800 -0.019255 0.004096 0.999806 -1.117200 0.000000 0.000000 0.000000 1.000000
0.999742 -0.011855 0.019385 0.017300 0.011924 0.999923 -0.003451 10.574800 -0.019343 0.003682 0.999806 -1.117200 0.000000 0.000000 0.000000 1.000000
0.999745 -0.011495 0.019432 0.017300 0.011557 0.999929 -0.003052 10.574800 -0.019395 0.003275 0.999807 -1.117200 0.000000 0.000000 0.000000 1.000000
0.999749 -0.011221 0.019406 0.017300 0.011277 0.999933 -0.002771 10.574800 -0.019374 0.002989 0.999808 -1.117200 0.000000 0.000000 0.000000 1.000000
0.999752 -0.011032 0.019342 0.017300 0.011085 0.999935 -0.002607 10.574800 -0.019312 0.002821 0.999810 -1.117200 0.000000 0.000000 0.000000 1.000000
0.999755 -0.010900 0.019289 0.017300 0.010950 0.999937 -0.002475 10.574800 -0.019261 0.002686 0.999811 -1.117200 0.000000 0.000000 0.000000 1.000000
0.999756 -0.010788 0.019266 0.017300 0.010835 0.999939 -0.002330 10.574800 -0.019240 0.002538 0.999812 -1.117200 0.000000 0.000000 0.000000 1.000000
0.999757 -0.010669 0.019265 0.017300 0.010714 0.999940 -0.002220 10.574800 -0.019240 0.002426 0.999812 -1.117200 0.000000 0.000000 0.000000 1.000000
