<?xml version="1.0" encoding="utf-8"?>
<COLLADA xmlns="http://www.collada.org/2005/11/COLLADASchema" version="1.4.1">
  <asset><contributor><author>Mixamo</author><authoring_tool>COLLADA Mixamo exporter</authoring_tool><comments></comments></contributor><created>2018-10-29T20:09:51Z</created><modified>2018-10-29T20:09:51Z</modified><revision></revision><title></title><unit meter="0.010000"/><up_axis>Y_UP</up_axis></asset>
  <library_animations>
    <animation id="Hips-anim" name="Hips"><source id="Hips-Matrix-animation-input"><float_array id="Hips-Matrix-animation-input-array" count="32">

0.000000 0.033333 0.066667 0.100000 0.133333 0.166667 0.200000 0.233333 0.266667 0.300000 0.333333 0.366667 0.400000 0.433333 0.466667 0.500000
0.533333 0.566667 0.600000 0.633333 0.666667 0.700000 0.733333 0.766667 0.800000 0.833333 0.866667 0.900000 0.933333 0.966667 1.000000 1.033333</float_array><technique_common><accessor source="#Hips-Matrix-animation-input-array" count="32"><param name="TIME" type="float"/></accessor></technique_common></source><source id="Hips-Matrix-animation-output-transform"><float_array id="Hips-Matrix-animation-output-transform-array" count="512">

0.729040 0.051119 -0.682559 -0.200200 0.002664 0.996988 0.077513 88.420959 0.684466 -0.058328 0.726708 0.206253 0.000000 0.000000 0.000000 1.000000
0.670511 0.053204 -0.739989 0.282200 -0.006883 0.997829 0.065505 88.450279 0.741867 -0.038828 0.669422 0.845171 0.000000 0.000000 0.000000 1.000000
0.605746 0.046528 -0.794297 1.441288 -0.019455 0.998856 0.043674 88.607040 0.795420 -0.011002 0.605958 2.308850 0.000000 0.000000 0.000000 1.000000
0.538213 0.035838 -0.842047 2.884595 -0.034066 0.999204 0.020752 88.838135 0.842120 0.017517 0.539006 4.065451 0.000000 0.000000 0.000000 1.000000
0.470810 0.022130 -0.881957 4.196604 -0.046622 0.998913 0.000177 89.156311 0.881002 0.041035 0.471330 5.648030 0.000000 0.000000 0.000000 1.000000
0.404920 0.005061 -0.914338 5.354474 -0.055887 0.998252 -0.019225 89.592705 0.912642 0.058884 0.404495 7.121292 0.000000 0.000000 0.000000 1.000000
0.342165 -0.011147 -0.939574 6.416985 -0.062497 0.997445 -0.034593 89.809593 0.937559 0.070557 0.340594 8.472004 0.000000 0.000000 0.000000 1.000000
0.283075 -0.026395 -0.958735 7.336089 -0.064984 0.996796 -0.046630 89.836449 0.956894 0.075502 0.280452 9.598799 0.000000 0.000000 0.000000 1.000000
0.227785 -0.040305 -0.972877 8.132307 -0.064704 0.996308 -0.056426 89.799500 0.971559 0.075802 0.224336 10.559651 0.000000 0.000000 0.000000 1.000000
0.175083 -0.052170 -0.983170 8.820289 -0.062596 0.995985 -0.063998 89.785484 0.982562 0.072748 0.171115 11.392516 0.000000 0.000000 0.000000 1.000000
0.121975 -0.062819 -0.990543 9.428072 -0.058655 0.995795 -0.070375 89.825951 0.990798 0.066685 0.117777 12.079297 0.000000 0.000000 0.000000 1.000000
0.065971 -0.073242 -0.995130 9.981095 -0.053171 0.995627 -0.076803 89.939346 0.996404 0.057979 0.061788 12.614453 0.000000 0.000000 0.000000 1.000000
0.006029 -0.083401 -0.996498 10.498218 -0.046889 0.995396 -0.083592 90.117279 0.998882 0.047229 0.002090 12.993614 0.000000 0.000000 0.000000 1.000000
-0.056588 -0.092153 -0.994136 10.995157 -0.041148 0.995100 -0.089900 90.316917 0.997549 0.035820 -0.060103 13.213350 0.000000 0.000000 0.000000 1.000000
-0.120055 -0.097165 -0.988001 11.485493 -0.036498 0.994958 -0.093414 90.441551 0.992096 0.024845 -0.122996 13.259120 0.000000 0.000000 0.000000 1.000000
-0.181889 -0.098364 -0.978387 11.965975 -0.032880 0.995036 -0.093925 90.410629 0.982769 0.015085 -0.184220 13.115821 0.000000 0.000000 0.000000 1.000000
-0.239078 -0.096128 -0.966230 12.421855 -0.030635 0.995339 -0.091444 90.218384 0.970517 0.007738 -0.240909 12.787895 0.000000 0.000000 0.000000 1.000000
-0.289169 -0.091210 -0.952923 12.782993 -0.028396 0.995830 -0.086699 89.896996 0.956857 0.001989 -0.290554 12.301482 0.000000 0.000000 0.000000 1.000000
-0.330727 -0.083977 -0.939983 12.979859 -0.025200 0.996464 -0.080156 89.502945 0.943390 -0.002822 -0.331674 11.698615 0.000000 0.000000 0.000000 1.000000
-0.363525 -0.074845 -0.928573 12.814534 -0.020422 0.997168 -0.072378 89.149757 0.931360 -0.007348 -0.364024 10.941261 0.000000 0.000000 0.000000 1.000000
-0.388366 -0.063135 -0.919340 12.224324 -0.013317 0.997931 -0.062906 88.920189 0.921409 -0.012188 -0.388403 10.024969 0.000000 0.000000 0.000000 1.000000
-0.407382 -0.048222 -0.911984 11.294354 -0.004009 0.998690 -0.051016 88.819199 0.913249 -0.017127 -0.407042 8.983384 0.000000 0.000000 0.000000 1.000000
-0.424046 -0.030504 -0.905127 10.113891 0.005950 0.999317 -0.036466 88.805115 0.905621 -0.020848 -0.423575 7.848724 0.000000 0.000000 0.000000 1.000000
-0.441993 -0.011489 -0.896945 8.762887 0.014374 0.999699 -0.019888 88.825851 0.896904 -0.021683 -0.441694 6.661012 0.000000 0.000000 0.000000 1.000000
-0.463724 0.006429 -0.885956 7.300153 0.019359 0.999808 -0.002878 88.834396 0.885768 -0.018486 -0.463760 5.458073 0.000000 0.000000 0.000000 1.000000
-0.489067 0.021818 -0.871973 5.780939 0.020757 0.999695 0.013371 88.804527 0.871999 -0.011560 -0.489371 4.250972 0.000000 0.000000 0.000000 1.000000
-0.517042 0.035269 -0.855233 4.277240 0.019777 0.999376 0.029257 88.730988 0.855732 -0.001787 -0.517417 3.249935 0.000000 0.000000 0.000000 1.000000
-0.546927 0.047783 -0.835815 2.878957 0.018039 0.998811 0.045298 88.629440 0.836986 0.009698 -0.547139 2.245244 0.000000 0.000000 0.000000 1.000000
-0.578452 0.059295 -0.813559 1.668927 0.016335 0.997997 0.061123 88.510468 0.815553 0.022068 -0.578261 1.305312 0.000000 0.000000 0.000000 1.000000
-0.611540 0.067962 -0.788289 0.717908 0.014219 0.997087 0.074933 88.385056 0.791085 0.034616 -0.610725 0.526412 0.000000 0.000000 0.000000 1.000000
-0.646031 0.066771 -0.760386 0.060829 0.009845 0.996813 0.079168 88.372734 0.763248 0.043659 -0.644629 -0.012457 0.000000 0.000000 0.000000 1.000000
-0.682178 0.058490 -0.728843 -0.206866 0.002667 0.996988 0.077513 88.420944 0.731181 0.050933 -0.680279 -0.199559 0.000000 0.000000 0.000000 1.000000</float_array><technique_common><accessor source="#Hips-Matrix-animation-output-transform-array" count="32" stride="16"><param type="float4x4"/></accessor></technique_common></source><source id="Hips-Interpolations"><Name_array id="Hips-Interpolations-array" count="32">
 LINEAR LINEAR LINEAR LINEAR LINEAR LINEAR LINEAR LINEAR LINEAR LINEAR LINEAR
LINEAR LINEAR LINEAR LINEAR LINEAR LINEAR LINEAR LINEAR LINEAR LINEAR LINEAR LINEAR
LINEAR LINEAR LINEAR LINEAR LINEAR LINEAR LINEAR LINEAR LINEAR</Name_array><technique_common><accessor source="#Hips-Interpolations-array" count="32"><param type="name"/></accessor></technique_common></source><sampler id="Hips-Matrix-animation-transform"><input semantic="INPUT" source="#Hips-Matrix-animation-input"/><input semantic="OUTPUT" source="#Hips-Matrix-animation-output-transform"/><input semantic="INTERPOLATION" source="#Hips-Interpolations"/></sampler><channel source="#Hips-Matrix-animation-transform" target="Hips/matrix"/></animation>
    <animation id="Spine-anim" name="Spine"><source id="Spine-Matrix-animation-input"><float_array id="Spine-Matrix-animation-input-array" count="32">

0.000000 0.033333 0.066667 0.100000 0.133333 0.166667 0.200000 0.233333 0.266667 0.300000 0.333333 0.366667 0.400000 0.433333 0.466667 0.500000
0.533333 0.566667 0.600000 0.633333 0.666667 0.700000 0.733333 0.766667 0.800000 0.833333 0.866667 0.900000 0.933333 0.966667 1.000000 1.033333</float_array><technique_common><accessor source="#Spine-Matrix-animation-input-array" count="32"><param name="TIME" type="float"/></accessor></technique_common></source><source id="Spine-Matrix-animation-output-transform"><float_array id="Spine-Matrix-animation-output-transform-array" count="512">

0.996463 0.021777 0.081167 0.017300 -0.013487 0.994762 -0.101324 10.574800 -0.082949 0.099871 0.991537 -1.117200 0.000000 0.000000 0.000000 1.000000
0.996451 0.019706 0.081833 0.017300 -0.011555 0.995029 -0.098915 10.574800 -0.083376 0.097619 0.991725 -1.117200 0.000000 0.000000 0.000000 1.000000
0.996436 0.016794 0.082663 0.017300 -0.008747 0.995270 -0.096756 10.574800 -0.083897 0.095688 0.991870 -1.117200 0.000000 0.000000 0.000000 1.000000
0.996405 0.013290 0.083672 0.017300 -0.005282 0.995443 -0.095210 10.574800 -0.084556 0.094426 0.991934 -1.117200 0.000000 0.000000 0.000000 1.000000
0.996361 0.010166 0.084627 0.017300 -0.002136 0.995528 -0.094440 10.574800 -0.085209 0.093916 0.991927 -1.117200 0.000000 0.000000 0.000000 1.000000
0.996321 0.008366 0.085291 0.017300 -0.000295 0.995552 -0.094210 10.574800 -0.085699 0.093838 0.991892 -1.117200 0.000000 0.000000 0.000000 1.000000
0.996305 0.008254 0.085483 0.017300 -0.000173 0.995561 -0.094114 10.574800 -0.085881 0.093752 0.991885 -1.117200 0.000000 0.000000 0.000000 1.000000
0.996311 0.010395 0.085182 0.017300 -0.002353 0.995572 -0.093972 10.574800 -0.085782 0.093425 0.991924 -1.117200 0.000000 0.000000 0.000000 1.000000
0.996325 0.013220 0.084623 0.017300 -0.005246 0.995581 -0.093762 10.574800 -0.085488 0.092973 0.991992 -1.117200 0.000000 0.000000 0.000000 1.000000
0.996329 0.016253 0.084048 0.017300 -0.008338 0.995568 -0.093672 10.574800 -0.085198 0.092627 0.992049 -1.117200 0.000000 0.000000 0.000000 1.000000
0.996320 0.019486 0.083464 0.017300 -0.011621 0.995532 -0.093709 10.574800 -0.084918 0.092394 0.992095 -1.117200 0.000000 0.000000 0.000000 1.000000
0.996301 0.022755 0.082863 0.017300 -0.014946 0.995491 -0.093666 10.574800 -0.084621 0.092081 0.992149 -1.117200 0.000000 0.000000 0.000000 1.000000
0.996277 0.025660 0.082307 0.017300 -0.017917 0.995460 -0.093481 10.574800 -0.084332 0.091659 0.992213 -1.117200 0.000000 0.000000 0.000000 1.000000
0.996256 0.027764 0.081876 0.017300 -0.020063 0.995424 -0.093427 10.574800 -0.084095 0.091435 0.992254 -1.117200 0.000000 0.000000 0.000000 1.000000
0.996241 0.029113 0.081584 0.017300 -0.021399 0.995353 -0.093883 10.574800 -0.083938 0.091784 0.992235 -1.117200 0.000000 0.000000 0.000000 1.000000
0.996240 0.029795 0.081349 0.017300 -0.022012 0.995239 -0.094947 10.574800 -0.083791 0.092800 0.992153 -1.117200 0.000000 0.000000 0.000000 1.000000
0.996263 0.029686 0.081113 0.017300 -0.021804 0.995105 -0.096392 10.574800 -0.083578 0.094264 0.992033 -1.117200 0.000000 0.000000 0.000000 1.000000
0.996303 0.029049 0.080846 0.017300 -0.021061 0.994968 -0.097953 10.574800 -0.083285 0.095889 0.991902 -1.117200 0.000000 0.000000 0.000000 1.000000
0.996346 0.028432 0.080537 0.017300 -0.020345 0.994828 -0.099511 10.574800 -0.082950 0.097509 0.991772 -1.117200 0.000000 0.000000 0.000000 1.000000
0.996384 0.028052 0.080199 0.017300 -0.019869 0.994681 -0.101068 10.574800 -0.082607 0.099109 0.991642 -1.117200 0.000000 0.000000 0.000000 1.000000
0.996416 0.028073 0.079798 0.017300 -0.019793 0.994513 -0.102721 10.574800 -0.082244 0.100773 0.991504 -1.117200 0.000000 0.000000 0.000000 1.000000
0.996435 0.028584 0.079369 0.017300 -0.020197 0.994316 -0.104536 10.574800 -0.081906 0.102560 0.991349 -1.117200 0.000000 0.000000 0.000000 1.000000
0.996439 0.029223 0.079091 0.017300 -0.020713 0.994112 -0.106357 10.574800 -0.081734 0.104340 0.991177 -1.117200 0.000000 0.000000 0.000000 1.000000
0.996429 0.029512 0.079110 0.017300 -0.020882 0.993957 -0.107768 10.574800 -0.081813 0.105731 0.991024 -1.117200 0.000000 0.000000 0.000000 1.000000
0.996417 0.029138 0.079392 0.017300 -0.020432 0.993903 -0.108345 10.574800 -0.082065 0.106335 0.990938 -1.117200 0.000000 0.000000 0.000000 1.000000
0.996415 0.028072 0.079807 0.017300 -0.019350 0.993959 -0.108030 10.574800 -0.082358 0.106098 0.990939 -1.117200 0.000000 0.000000 0.000000 1.000000
0.996422 0.026637 0.080205 0.017300 -0.017944 0.994073 -0.107222 10.574800 -0.082585 0.105400 0.990995 -1.117200 0.000000 0.000000 0.000000 1.000000
0.996432 0.025405 0.080484 0.017300 -0.016752 0.994181 -0.106415 10.574800 -0.082719 0.104687 0.991059 -1.117200 0.000000 0.000000 0.000000 1.000000
0.996440 0.024547 0.080650 0.017300 -0.015937 0.994270 -0.105707 10.574800 -0.082783 0.104045 0.991121 -1.117200 0.000000 0.000000 0.000000 1.000000
0.996446 0.023879 0.080775 0.017300 -0.015335 0.994376 -0.104788 10.574800 -0.082823 0.103177 0.991209 -1.117200 0.000000 0.000000 0.000000 1.000000
0.996454 0.023007 0.080933 0.017300 -0.014570 0.994539 -0.103344 10.574800 -0.082868 0.101798 0.991348 -1.117200 0.000000 0.000000 0.000000 1.000000
0.996463 0.021777 0.081168 0.017300 -0.013487 0.994762 -0.101324 10.574800 -0.082949 0.099870 0.991537 -1.117200 0.000000 0.000000 0.000000 1.000000</float_array><technique_common><accessor source="#Spine-Matrix-animation-output-transform-array" count="32" stride="16"><param type="float4x4"/></accessor></technique_common></source><source id="Spine-Interpolations"><Name_array id="Spine-Interpolations-array" count="32">
 LINEAR LINEAR LINEAR LINEAR LINEAR LINEAR LINEAR LINEAR LINEAR LINEAR LINEAR
LINEAR LINEAR LINEAR LINEAR LINEAR LINEAR LINEAR LINEAR LINEAR LINEAR LINEAR LINEAR
LINEAR LINEAR LINEAR LINEAR LINEAR LINEAR LINEAR LINEAR LINEAR</Name_array><technique_common><accessor source="#Spine-Interpolations-array" count="32"><param type="name"/></accessor></technique_common></source><sampler id="Spine-Matrix-animation-transform"><input semantic="INPUT" source="#Spine-Matrix-animation-input"/><input semantic="OUTPUT" source="#Spine-Matrix-animation-output-transform"/><input semantic="INTERPOLATION" source="#Spine-Interpolations"/></sampler><channel source="#Spine-Matrix-animation-transform" target="Spine/matrix"/></animation>
    <animation id="Spine1-anim" name="Spine1"><source id="Spine1-Matrix-animation-input"><float_array id="Spine1-Matrix-animation-input-array" count="32">

0.000000 0.033333 0.066667 0.100000 0.133333 0.166667 0.200000 0.233333 0.266667 0.300000 0.333333 0.366667 0.400000 0.433333 0.466667 0.500000
0.533333 0.566667 0.600000 0.633333 0.666667 0.700000 0.733333 0.766667 0.800000 0.833333 0.866667 0.900000 0.933333 0.966667 1.000000 1.033333</float_array><technique_common><accessor source="#Spine1-Matrix-animation-input-array" count="32"><param name="TIME" type="float"/></accessor></technique_common></source><source id="Spine1-Matrix-animation-output-transform"><float_array id="Spine1-Matrix-animation-output-transform-array" count="512">

0.986155 0.053132 0.157083 0.019000 -0.020481 0.979053 -0.202574 12.337300 -0.164555 0.196552 0.966586 -1.303400 0.000000 0.000000 0.000000 1.000000
0.986067 0.049853 0.158704 0.019000 -0.017715 0.980082 -0.197800 12.337300 -0.165403 0.192232 0.967310 -1.303400 0.000000 0.000000 0.000000 1.000000
0.985928 0.046166 0.160667 0.019000 -0.014387 0.980978 -0.193586 12.337300 -0.166548 0.188551 0.967838 -1.303400 0.000000 0.000000 0.000000 1.000000
0.985744 0.042170 0.162880 0.019000 -0.010495 0.981607 -0.190626 12.337300 -0.167923 0.186199 0.968056 -1.303400 0.000000 0.000000 0.000000 1.000000
0.985555 0.038553 0.164912 0.019000 -0.006758 0.981922 -0.189167 12.337300 -0.169223 0.185320 0.967998 -1.303400 0.000000 0.000000 0.000000 1.000000
0.985425 0.036242 0.166207 0.019000 -0.004287 0.982022 -0.188716 12.337300 -0.170059 0.185253 0.967864 -1.303400 0.000000 0.000000 0.000000 1.000000
0.985390 0.035670 0.166538 0.019000 -0.003696 0.982071 -0.188477 12.337300 -0.170275 0.185107 0.967854 -1.303400 0.000000 0.000000 0.000000 1.000000
0.985425 0.036626 0.166122 0.019000 -0.004815 0.982162 -0.187977 12.337300 -0.170043 0.184437 0.968023 -1.303400 0.000000 0.000000 0.000000 1.000000
0.985477 0.038705 0.165336 0.019000 -0.007143 0.982262 -0.187375 12.337300 -0.169656 0.183473 0.968274 -1.303400 0.000000 0.000000 0.000000 1.000000
0.985511 0.041773 0.164385 0.019000 -0.010429 0.982286 -0.187098 12.337300 -0.169289 0.182673 0.968490 -1.303400 0.000000 0.000000 0.000000 1.000000
0.985513 0.045959 0.163255 0.019000 -0.014799 0.982215 -0.187174 12.337300 -0.168954 0.182047 0.968666 -1.303400 0.000000 0.000000 0.000000 1.000000
0.985467 0.051265 0.161944 0.019000 -0.020323 0.982107 -0.187223 12.337300 -0.168645 0.181211 0.968876 -1.303400 0.000000 0.000000 0.000000 1.000000
0.985358 0.057272 0.160591 0.019000 -0.026578 0.981975 -0.187131 12.337300 -0.168414 0.180123 0.969119 -1.303400 0.000000 0.000000 0.000000 1.000000
0.985193 0.063231 0.159365 0.019000 -0.032694 0.981738 -0.187406 12.337300 -0.168304 0.179421 0.969269 -1.303400 0.000000 0.000000 0.000000 1.000000
0.985023 0.068329 0.158308 0.019000 -0.037747 0.981311 -0.188688 12.337300 -0.168242 0.179887 0.969193 -1.303400 0.000000 0.000000 0.000000 1.000000
0.984920 0.071935 0.157349 0.019000 -0.041100 0.980713 -0.191083 12.337300 -0.168060 0.181735 0.968880 -1.303400 0.000000 0.000000 0.000000 1.000000
0.984928 0.073769 0.156448 0.019000 -0.042567 0.980051 -0.194134 12.337300 -0.167648 0.184549 0.968419 -1.303400 0.000000 0.000000 0.000000 1.000000
0.985036 0.074038 0.155633 0.019000 -0.042442 0.979422 -0.197308 12.337300 -0.167038 0.187750 0.967909 -1.303400 0.000000 0.000000 0.000000 1.000000
0.985196 0.073413 0.154920 0.019000 -0.041433 0.978845 -0.200366 12.337300 -0.166352 0.190981 0.967395 -1.303400 0.000000 0.000000 0.000000 1.000000
0.985353 0.072740 0.154236 0.019000 -0.040382 0.978266 -0.203382 12.337300 -0.165678 0.194174 0.966875 -1.303400 0.000000 0.000000 0.000000 1.000000
0.985480 0.072586 0.153493 0.019000 -0.039831 0.977619 -0.206580 12.337300 -0.165053 0.197467 0.966315 -1.303400 0.000000 0.000000 0.000000 1.000000
0.985571 0.072918 0.152753 0.019000 -0.039715 0.976878 -0.210078 12.337300 -0.164539 0.200980 0.965678 -1.303400 0.000000 0.000000 0.000000 1.000000
0.985631 0.073139 0.152257 0.019000 -0.039445 0.976135 -0.213554 12.337300 -0.164242 0.204480 0.964994 -1.303400 0.000000 0.000000 0.000000 1.000000
0.985678 0.072498 0.152257 0.019000 -0.038362 0.975598 -0.216188 12.337300 -0.164214 0.207251 0.964407 -1.303400 0.000000 0.000000 0.000000 1.000000
0.985732 0.070605 0.152798 0.019000 -0.036208 0.975465 -0.217156 12.337300 -0.164381 0.208525 0.964104 -1.303400 0.000000 0.000000 0.000000 1.000000
0.985800 0.067712 0.153664 0.019000 -0.033294 0.975743 -0.216374 12.337300 -0.164587 0.208186 0.964142 -1.303400 0.000000 0.000000 0.000000 1.000000
0.985876 0.064560 0.154534 0.019000 -0.030281 0.976220 -0.214657 12.337300 -0.164717 0.206946 0.964387 -1.303400 0.000000 0.000000 0.000000 1.000000
0.985947 0.061840 0.155191 0.019000 -0.027738 0.976668 -0.212957 12.337300 -0.164739 0.205660 0.964658 -1.303400 0.000000 0.000000 0.000000 1.000000
0.986010 0.059709 0.155622 0.019000 -0.025791 0.977046 -0.211462 12.337300 -0.164676 0.204490 0.964917 -1.303400 0.000000 0.000000 0.000000 1.000000
0.986069 0.057795 0.155976 0.019000 -0.024146 0.977499 -0.209552 12.337300 -0.164578 0.202867 0.965277 -1.303400 0.000000 0.000000 0.000000 1.000000
0.986120 0.055660 0.156429 0.019000 -0.022434 0.978164 -0.206622 12.337300 -0.164514 0.200244 0.965835 -1.303400 0.000000 0.000000 0.000000 1.000000
0.986155 0.053132 0.157083 0.019000 -0.020481 0.979053 -0.202574 12.337300 -0.164556 0.196552 0.966586 -1.303400 0.000000 0.000000 0.000000 1.000000</float_array><technique_common><accessor source="#Spine1-Matrix-animation-output-transform-array" count="32" stride="16"><param type="float4x4"/></accessor></technique_common></source><source id="Spine1-Interpolations"><Name_array id="Spine1-Interpolations-array" count="32">
 LINEAR LINEAR LINEAR LINEAR LINEAR LINEAR LINEAR LINEAR LINEAR LINEAR LINEAR
LINEAR LINEAR LINEAR LINEAR LINEAR LINEAR LINEAR LINEAR LINEAR LINEAR LINEAR LINEAR
LINEAR LINEAR LINEAR LINEAR LINEAR LINEAR LINEAR LINEAR LINEAR</Name_array><technique_common><accessor source="#Spine1-Interpolations-array" count="32"><param type="name"/></accessor></technique_common></source><sampler id="Spine1-Matrix-animation-transform"><input semantic="INPUT" source="#Spine1-Matrix-animation-input"/><input semantic="OUTPUT" source="#Spine1-Matrix-animation-output-transform"/><input semantic="INTERPOLATION" source="#Spine1-Interpolations"/></sampler><channel source="#Spine1-Matrix-animation-transform" target="Spine1/matrix"/></animation>
    <animation id="Spine2-anim" name="Spine2"><source id="Spine2-Matrix-animation-input"><float_array id="Spine2-Matrix-animation-input-array" count="32">

0.000000 0.033333 0.066667 0.100000 0.133333 0.166667 0.200000 0.233333 0.266667 0.300000 0.333333 0.366667 0.400000 0.433333 0.466667 0.500000
0.533333 0.566667 0.600000 0.633333 0.666667 0.700000 0.733333 0.766667 0.800000 0.833333 0.866667 0.900000 0.933333 0.966667 1.000000 1.033333</float_array><technique_common><accessor source="#Spine2-Matrix-animation-input-array" count="32"><param name="TIME" type="float"/></accessor></technique_common></source><source id="Spine2-Matrix-animation-output-transform"><float_array id="Spine2-Matrix-animation-output-transform-array" count="512">

0.986155 0.053132 0.157083 0.021700 -0.020481 0.979053 -0.202574 14.099800 -0.164556 0.196552 0.966586 -1.489600 0.000000 0.000000 0.000000 1.000000
0.986067 0.049853 0.158704 0.021700 -0.017715 0.980082 -0.197800 14.099800 -0.165403 0.192232 0.967310 -1.489600 0.000000 0.000000 0.000000 1.000000
0.985928 0.046166 0.160667 0.021700 -0.014387 0.980978 -0.193586 14.099800 -0.166548 0.188551 0.967838 -1.489600 0.000000 0.000000 0.000000 1.000000
0.985744 0.042170 0.162880 0.021700 -0.010495 0.981607 -0.190626 14.099800 -0.167923 0.186199 0.968056 -1.489600 0.000000 0.000000 0.000000 1.000000
0.985555 0.038553 0.164912 0.021700 -0.006758 0.981922 -0.189167 14.099800 -0.169223 0.185320 0.967998 -1.489600 0.000000 0.000000 0.000000 1.000000
0.985425 0.036242 0.166208 0.021700 -0.004287 0.982022 -0.188715 14.099800 -0.170059 0.185252 0.967864 -1.489600 0.000000 0.000000 0.000000 1.000000
0.985390 0.035670 0.166539 0.021700 -0.003696 0.982071 -0.188477 14.099800 -0.170276 0.185107 0.967854 -1.489600 0.000000 0.000000 0.000000 1.000000
0.985425 0.036626 0.166122 0.021700 -0.004815 0.982162 -0.187977 14.099800 -0.170043 0.184437 0.968023 -1.489600 0.000000 0.000000 0.000000 1.000000
0.985477 0.038705 0.165337 0.021700 -0.007143 0.982262 -0.187375 14.099800 -0.169656 0.183473 0.968274 -1.489600 0.000000 0.000000 0.000000 1.000000
0.985511 0.041773 0.164384 0.021700 -0.010428 0.982286 -0.187098 14.099800 -0.169288 0.182673 0.968490 -1.489600 0.000000 0.000000 0.000000 1.000000
0.985513 0.045959 0.163255 0.021700 -0.014799 0.982215 -0.187174 14.099800 -0.168954 0.182046 0.968666 -1.489600 0.000000 0.000000 0.000000 1.000000
0.985467 0.051265 0.161944 0.021700 -0.020323 0.982107 -0.187223 14.099800 -0.168645 0.181211 0.968876 -1.489600 0.000000 0.000000 0.000000 1.000000
0.985358 0.057273 0.160591 0.021700 -0.026578 0.981975 -0.187131 14.099800 -0.168414 0.180123 0.969119 -1.489600 0.000000 0.000000 0.000000 1.000000
0.985193 0.063231 0.159365 0.021700 -0.032694 0.981738 -0.187406 14.099800 -0.168304 0.179421 0.969269 -1.489600 0.000000 0.000000 0.000000 1.000000
0.985023 0.068329 0.158308 0.021700 -0.037747 0.981311 -0.188688 14.099800 -0.168242 0.179887 0.969193 -1.489600 0.000000 0.000000 0.000000 1.000000
0.984920 0.071935 0.157349 0.021700 -0.041101 0.980713 -0.191083 14.099800 -0.168060 0.181735 0.968880 -1.489600 0.000000 0.000000 0.000000 1.000000
0.984928 0.073768 0.156447 0.021700 -0.042567 0.980051 -0.194134 14.099800 -0.167647 0.184549 0.968419 -1.489600 0.000000 0.000000 0.000000 1.000000
0.985037 0.074038 0.155632 0.021700 -0.042442 0.979422 -0.197308 14.099800 -0.167038 0.187750 0.967909 -1.489600 0.000000 0.000000 0.000000 1.000000
0.985196 0.073413 0.154920 0.021700 -0.041433 0.978845 -0.200366 14.099800 -0.166352 0.190981 0.967395 -1.489600 0.000000 0.000000 0.000000 1.000000
0.985353 0.072740 0.154236 0.021700 -0.040382 0.978266 -0.203382 14.099800 -0.165678 0.194174 0.966875 -1.489600 0.000000 0.000000 0.000000 1.000000
0.985480 0.072586 0.153494 0.021700 -0.039831 0.977619 -0.206581 14.099800 -0.165053 0.197467 0.966315 -1.489600 0.000000 0.000000 0.000000 1.000000
0.985571 0.072918 0.152753 0.021700 -0.039715 0.976878 -0.210078 14.099800 -0.164539 0.200980 0.965678 -1.489600 0.000000 0.000000 0.000000 1.000000
0.985631 0.073138 0.152256 0.021700 -0.039445 0.976135 -0.213554 14.099800 -0.164242 0.204480 0.964994 -1.489600 0.000000 0.000000 0.000000 1.000000
0.985678 0.072498 0.152257 0.021700 -0.038362 0.975598 -0.216188 14.099800 -0.164215 0.207251 0.964407 -1.489600 0.000000 0.000000 0.000000 1.000000
0.985732 0.070604 0.152798 0.021700 -0.036208 0.975465 -0.217156 14.099800 -0.164381 0.208525 0.964104 -1.489600 0.000000 0.000000 0.000000 1.000000
0.985800 0.067712 0.153664 0.021700 -0.033294 0.975743 -0.216374 14.099800 -0.164588 0.208186 0.964142 -1.489600 0.000000 0.000000 0.000000 1.000000
0.985876 0.064560 0.154534 0.021700 -0.030281 0.976220 -0.214657 14.099800 -0.164717 0.206946 0.964387 -1.489600 0.000000 0.000000 0.000000 1.000000
0.985947 0.061840 0.155191 0.021700 -0.027738 0.976668 -0.212957 14.099800 -0.164739 0.205660 0.964658 -1.489600 0.000000 0.000000 0.000000 1.000000
0.986011 0.059709 0.155621 0.021700 -0.025791 0.977046 -0.211462 14.099800 -0.164675 0.204490 0.964917 -1.489600 0.000000 0.000000 0.000000 1.000000
0.986069 0.057795 0.155976 0.021700 -0.024146 0.977499 -0.209552 14.099800 -0.164578 0.202867 0.965277 -1.489600 0.000000 0.000000 0.000000 1.000000
0.986120 0.055660 0.156430 0.021700 -0.022434 0.978164 -0.206622 14.099800 -0.164515 0.200244 0.965835 -1.489600 0.000000 0.000000 0.000000 1.000000
0.986155 0.053132 0.157083 0.021700 -0.020481 0.979053 -0.202574 14.099800 -0.164555 0.196552 0.966586 -1.489600 0.000000 0.000000 0.000000 1.000000</float_array><technique_common><accessor source="#Spine2-Matrix-animation-output-transform-array" count="32" stride="16"><param type="float4x4"/></accessor></technique_common></source><source id="Spine2-Interpolations"><Name_array id="Spine2-Interpolations-array" count="32">
 LINEAR LINEAR LINEAR LINEAR LINEAR LINEAR LINEAR LINEAR LINEAR LINEAR LINEAR
LINEAR LINEAR LINEAR LINEAR LINEAR LINEAR LINEAR LINEAR LINEAR LINEAR LINEAR LINEAR
LINEAR LINEAR LINEAR LINEAR LINEAR LINEAR LINEAR LINEAR LINEAR</Name_array><technique_common><accessor source="#Spine2-Interpolations-array" count="32"><param type="name"/></accessor></technique_common></source><sampler id="Spine2-Matrix-animation-transform"><input semantic="INPUT" source="#Spine2-Matrix-animation-input"/><input semantic="OUTPUT" source="#Spine2-Matrix-animation-output-transform"/><input semantic="INTERPOLATION" source="#Spine2-Interpolations"/></sampler><channel source="#Spine2-Matrix-animation-transform" target="Spine2/matrix"/></animation>
    <animation id="Neck-anim" name="Neck"><source id="Neck-Matrix-animation-input"><float_array id="Neck-Matrix-animation-input-array" count="32">

0.000000 0.033333 0.066667 0.100000 0.133333 0.166667 0.200000 0.233333 0.266667 0.300000 0.333333 0.366667 0.400000 0.433333 0.466667 0.500000
0.533333 0.566667 0.600000 0.633333 0.666667 0.700000 0.733333 0.766667 0.800000 0.833333 0.866667 0.900000 0.933333 0.966667 1.000000 1.033333</float_array><technique_common><accessor source="#Neck-Matrix-animation-input-array" count="32"><param name="TIME" type="float"/></accessor></technique_common></source><source id="Neck-Matrix-animation-output-transform"><float_array id="Neck-Matrix-animation-output-transform-array" count="512">

0.999747 -0.003600 -0.022215 0.024400 0.005257 0.997169 0.075014 15.862300 0.021882 -0.075112 0.996935 -1.675800 0.000000 0.000000 0.000000 1.000000
0.999966 0.003323 -0.007564 0.024400 -0.002672 0.996421 0.084490 15.862300 0.007818 -0.084467 0.996396 -1.675800 0.000000 0.000000 0.000000 1.000000
0.999866 0.015982 0.003656 0.024400 -0.016274 0.994572 0.102772 15.862300 -0.001994 -0.102817 0.994698 -1.675800 0.000000 0.000000 0.000000 1.000000
0.999323 0.035087 0.011088 0.024400 -0.036215 0.991180 0.127475 15.862300 -0.006517 -0.127790 0.991780 -1.675800 0.000000 0.000000 0.000000 1.000000
0.998232 0.057737 0.014149 0.024400 -0.059215 0.986725 0.151219 15.862300 -0.005230 -0.151789 0.988399 -1.675800 0.000000 0.000000 0.000000 1.000000
0.996870 0.078140 0.012057 0.024400 -0.079058 0.983184 0.164620 15.862300 0.001010 -0.165058 0.986283 -1.675800 0.000000 0.000000 0.000000 1.000000
0.995787 0.091582 0.004561 0.024400 -0.091097 0.982396 0.163093 15.862300 0.010456 -0.162821 0.986600 -1.675800 0.000000 0.000000 0.000000 1.000000
0.995277 0.096815 -0.007126 0.024400 -0.094664 0.984182 0.149746 15.862300 0.021511 -0.148364 0.988699 -1.675800 0.000000 0.000000 0.000000 1.000000
0.995227 0.095358 -0.020731 0.024400 -0.091816 0.986978 0.132077 15.862300 0.033056 -0.129543 0.991023 -1.675800 0.000000 0.000000 0.000000 1.000000
0.995361 0.089959 -0.034121 0.024400 -0.085451 0.989544 0.116194 15.862300 0.044217 -0.112739 0.992640 -1.675800 0.000000 0.000000 0.000000 1.000000
0.995396 0.084146 -0.045894 0.024400 -0.078995 0.991396 0.104377 15.862300 0.054282 -0.100271 0.993478 -1.675800 0.000000 0.000000 0.000000 1.000000
0.995118 0.081806 -0.055207 0.024400 -0.076207 0.992376 0.096863 15.862300 0.062710 -0.092183 0.993765 -1.675800 0.000000 0.000000 0.000000 1.000000
0.994434 0.085518 -0.061540 0.024400 -0.079561 0.992437 0.093487 15.862300 0.069070 -0.088070 0.993717 -1.675800 0.000000 0.000000 0.000000 1.000000
0.993372 0.094984 -0.064737 0.024400 -0.088769 0.991709 0.092920 15.862300 0.073026 -0.086558 0.993567 -1.675800 0.000000 0.000000 0.000000 1.000000
0.992079 0.107407 -0.065134 0.024400 -0.101184 0.990577 0.092298 15.862300 0.074433 -0.084977 0.993599 -1.675800 0.000000 0.000000 0.000000 1.000000
0.990834 0.119120 -0.063701 0.024400 -0.113210 0.989532 0.089496 15.862300 0.073695 -0.081464 0.993948 -1.675800 0.000000 0.000000 0.000000 1.000000
0.990002 0.126692 -0.062011 0.024400 -0.121194 0.988932 0.085587 15.862300 0.072168 -0.077216 0.994399 -1.675800 0.000000 0.000000 0.000000 1.000000
0.989918 0.127482 -0.061729 0.024400 -0.122121 0.988955 0.083985 15.862300 0.071754 -0.075600 0.994553 -1.675800 0.000000 0.000000 0.000000 1.000000
0.990656 0.120512 -0.063851 0.024400 -0.114771 0.989572 0.087033 15.862300 0.073674 -0.078892 0.994157 -1.675800 0.000000 0.000000 0.000000 1.000000
0.991890 0.107192 -0.068293 0.024400 -0.100580 0.990494 0.093839 15.862300 0.077702 -0.086209 0.993242 -1.675800 0.000000 0.000000 0.000000 1.000000
0.993112 0.090783 -0.074070 0.024400 -0.083067 0.991379 0.101328 15.862300 0.082630 -0.094477 0.992092 -1.675800 0.000000 0.000000 0.000000 1.000000
0.994017 0.074751 -0.079646 0.024400 -0.066045 0.992082 0.106828 15.862300 0.087001 -0.100929 0.991082 -1.675800 0.000000 0.000000 0.000000 1.000000
0.994643 0.061347 -0.083201 0.024400 -0.052053 0.992611 0.109607 15.862300 0.089310 -0.104689 0.990487 -1.675800 0.000000 0.000000 0.000000 1.000000
0.995226 0.051106 -0.083141 0.024400 -0.041758 0.992995 0.110530 15.862300 0.088207 -0.106531 0.990389 -1.675800 0.000000 0.000000 0.000000 1.000000
0.995951 0.043016 -0.078932 0.024400 -0.034128 0.993269 0.110693 15.862300 0.083162 -0.107551 0.990715 -1.675800 0.000000 0.000000 0.000000 1.000000
0.996817 0.035227 -0.071515 0.024400 -0.027198 0.993527 0.110292 15.862300 0.074937 -0.107996 0.991323 -1.675800 0.000000 0.000000 0.000000 1.000000
0.997686 0.026369 -0.062670 0.024400 -0.019463 0.993922 0.108355 15.862300 0.065146 -0.106884 0.992135 -1.675800 0.000000 0.000000 0.000000 1.000000
0.998411 0.016770 -0.053805 0.024400 -0.011135 0.994580 0.103378 15.862300 0.055247 -0.102615 0.993186 -1.675800 0.000000 0.000000 0.000000 1.000000
0.998937 0.008230 -0.045356 0.024400 -0.003893 0.995481 0.094882 15.862300 0.045931 -0.094604 0.994455 -1.675800 0.000000 0.000000 0.000000 1.000000
0.999304 0.002274 -0.037234 0.024400 0.000896 0.996388 0.084909 15.862300 0.037292 -0.084883 0.995693 -1.675800 0.000000 0.000000 0.000000 1.000000
0.999565 -0.001234 -0.029452 0.024400 0.003507 0.997008 0.077222 15.862300 0.029269 -0.077292 0.996579 -1.675800 0.000000 0.000000 0.000000 1.000000
0.999747 -0.003600 -0.022215 0.024400 0.005257 0.997169 0.075013 15.862300 0.021882 -0.075111 0.996935 -1.675800 0.000000 0.000000 0.000000 1.000000</float_array><technique_common><accessor source="#Neck-Matrix-animation-output-transform-array" count="32" stride="16"><param type="float4x4"/></accessor></technique_common></source><source id="Neck-Interpolations"><Name_array id="Neck-Interpolations-array" count="32">
 LINEAR LINEAR LINEAR LINEAR LINEAR LINEAR LINEAR LINEAR LINEAR LINEAR LINEAR
LINEAR LINEAR LINEAR LINEAR LINEAR LINEAR LINEAR LINEAR LINEAR LINEAR LINEAR LINEAR
LINEAR LINEAR LINEAR LINEAR LINEAR LINEAR LINEAR LINEAR LINEAR</Name_array><technique_common><accessor source="#Neck-Interpolations-array" count="32"><param type="name"/></accessor></technique_common></source><sampler id="Neck-Matrix-animation-transform"><input semantic="INPUT" source="#Neck-Matrix-animation-input"/><input semantic="OUTPUT" source="#Neck-Matrix-animation-output-transform"/><input semantic="INTERPOLATION" source="#Neck-Interpolations"/></sampler><channel source="#Neck-Matrix-animation-transform" target="Neck/matrix"/></animation>
    <animation id="Head-anim" name="Head"><source id="Head-Matrix-animation-input"><float_array id="Head-Matrix-animation-input-array" count="32">

0.000000 0.033333 0.066667 0.100000 0.133333 0.166667 0.200000 0.233333 0.266667 0.300000 0.333333 0.366667 0.400000 0.433333 0.466667 0.500000
0.533333 0.566667 0.600000 0.633333 0.666667 0.700000 0.733333 0.766667 0.800000 0.833333 0.866667 0.900000 0.933333 0.966667 1.000000 1.033333</float_array><technique_common><accessor source="#Head-Matrix-animation-input-array" count="32"><param name="TIME" type="float"/></accessor></technique_common></source><source id="Head-Matrix-animation-output-transform"><float_array id="Head-Matrix-animation-output-transform-array" count="512">

0.937032 0.006168 0.349190 -0.000000 -0.044691 0.993742 0.102370 5.564000 -0.346373 -0.111530 0.931443 0.988100 0.000000 0.000000 0.000000 1.000000
0.938339 0.010309 0.345563 0.000000 -0.044000 0.994988 0.089794 5.564000 -0.342906 -0.099462 0.934089 0.988100 0.000000 0.000000 0.000000 1.000000
0.949579 0.014276 0.313202 -0.000000 -0.038650 0.996673 0.071754 5.564000 -0.311136 -0.080241 0.946972 0.988100 0.000000 0.000000 0.000000 1.000000
0.966640 0.015349 0.255680 0.000000 -0.029696 0.998187 0.052346 5.564000 -0.254413 -0.058192 0.965343 0.988100 0.000000 0.000000 0.000000 1.000000
0.983717 0.015036 0.179096 0.000000 -0.021731 0.999134 0.035476 5.564000 -0.178408 -0.038790 0.983192 0.988100 0.000000 0.000000 0.000000 1.000000
0.995619 0.018137 0.091728 -0.000000 -0.020421 0.999503 0.024024 5.564000 -0.091247 -0.025792 0.995494 0.988100 0.000000 0.000000 0.000000 1.000000
0.999618 0.027611 0.001454 0.000000 -0.027633 0.999445 0.018595 5.564000 -0.000940 -0.018628 0.999826 0.988100 0.000000 0.000000 0.000000 1.000000
0.995468 0.042018 -0.085313 0.000000 -0.040695 0.999024 0.017192 5.564000 0.085952 -0.013642 0.996206 0.988100 0.000000 0.000000 0.000000 1.000000
0.984922 0.057601 -0.163125 0.000000 -0.055479 0.998306 0.017539 5.564000 0.163859 -0.008225 0.986449 0.988100 0.000000 0.000000 0.000000 1.000000
0.971260 0.071006 -0.227183 0.000000 -0.068360 0.997470 0.019504 5.564000 0.227993 -0.003414 0.973657 0.988100 0.000000 0.000000 0.000000 1.000000
0.958542 0.079167 -0.273733 -0.000000 -0.075537 0.996859 0.023794 5.564000 0.274757 -0.002131 0.961511 0.988100 0.000000 0.000000 0.000000 1.000000
0.950697 0.078400 -0.300048 -0.000000 -0.073001 0.996905 0.029180 5.564000 0.301407 -0.005838 0.953478 0.988100 0.000000 0.000000 0.000000 1.000000
0.950562 0.065959 -0.303449 0.000000 -0.058100 0.997702 0.034866 5.564000 0.305051 -0.015512 0.952210 0.988100 0.000000 0.000000 0.000000 1.000000
0.956947 0.044749 -0.286791 0.000000 -0.033879 0.998511 0.042754 5.564000 0.288277 -0.031197 0.957039 0.988100 0.000000 0.000000 0.000000 1.000000
0.966793 0.021553 -0.254650 0.000000 -0.007336 0.998367 0.056645 5.564000 0.255456 -0.052896 0.965373 0.988100 0.000000 0.000000 0.000000 1.000000
0.977327 0.002598 -0.211721 0.000000 0.014331 0.996820 0.078388 5.564000 0.211252 -0.079645 0.974181 0.988100 0.000000 0.000000 0.000000 1.000000
0.986395 -0.009023 -0.164147 0.000000 0.026387 0.994236 0.103913 5.564000 0.162264 -0.106831 0.980947 0.988100 0.000000 0.000000 0.000000 1.000000
0.992742 -0.013125 -0.119543 0.000000 0.028204 0.991713 0.125336 5.564000 0.116907 -0.127798 0.984886 0.988100 0.000000 0.000000 0.000000 1.000000
0.996430 -0.011257 -0.083672 0.000000 0.022698 0.990301 0.137069 5.564000 0.081317 -0.138479 0.987021 0.988100 0.000000 0.000000 0.000000 1.000000
0.998837 -0.008696 -0.047421 -0.000000 0.015383 0.989674 0.142512 5.564000 0.045692 -0.143076 0.988656 0.988100 0.000000 0.000000 0.000000 1.000000
0.999929 -0.006911 -0.009728 0.000000 0.008250 0.989378 0.145134 5.564000 0.008622 -0.145204 0.989364 0.988100 0.000000 0.000000 0.000000 1.000000
0.999570 -0.005873 0.028732 0.000000 0.001592 0.989162 0.146823 5.564000 -0.029283 -0.146714 0.988745 0.988100 0.000000 0.000000 0.000000 1.000000
0.997687 -0.005492 0.067751 -0.000000 -0.004543 0.989114 0.147084 5.564000 -0.067821 -0.147051 0.986801 0.988100 0.000000 0.000000 0.000000 1.000000
0.994199 -0.005889 0.107398 0.000000 -0.009700 0.989522 0.144053 5.564000 -0.107121 -0.144259 0.983725 0.988100 0.000000 0.000000 0.000000 1.000000
0.989017 -0.006886 0.147640 0.000000 -0.013532 0.990500 0.136845 5.564000 -0.147180 -0.137340 0.979528 0.988100 0.000000 0.000000 0.000000 1.000000
0.982142 -0.007513 0.187990 -0.000000 -0.016727 0.991759 0.127023 5.564000 -0.187395 -0.127900 0.973922 0.988100 0.000000 0.000000 0.000000 1.000000
0.973791 -0.006449 0.227353 0.000000 -0.020940 0.992810 0.117852 5.564000 -0.226478 -0.119524 0.966655 0.988100 0.000000 0.000000 0.000000 1.000000
0.964497 -0.003200 0.264076 0.000000 -0.027397 0.993319 0.112103 5.564000 -0.262671 -0.115358 0.957965 0.988100 0.000000 0.000000 0.000000 1.000000
0.955132 0.001222 0.296178 0.000000 -0.035445 0.993277 0.110205 5.564000 -0.294052 -0.115758 0.948754 0.988100 0.000000 0.000000 0.000000 1.000000
0.946807 0.004909 0.321765 0.000000 -0.042507 0.993030 0.109929 5.564000 -0.318983 -0.117759 0.940416 0.988100 0.000000 0.000000 0.000000 1.000000
0.940545 0.006573 0.339606 0.000000 -0.045966 0.993079 0.108083 5.564000 -0.336545 -0.117267 0.934337 0.988100 0.000000 0.000000 0.000000 1.000000
0.937032 0.006168 0.349190 0.000000 -0.044691 0.993742 0.102371 5.564000 -0.346373 -0.111530 0.931443 0.988100 0.000000 0.000000 0.000000 1.000000</float_array><technique_common><accessor source="#Head-Matrix-animation-output-transform-array" count="32" stride="16"><param type="float4x4"/></accessor></technique_common></source><source id="Head-Interpolations"><Name_array id="Head-Interpolations-array" count="32">
 LINEAR LINEAR LINEAR LINEAR LINEAR LINEAR LINEAR LINEAR LINEAR LINEAR LINEAR
LINEAR LINEAR LINEAR LINEAR LINEAR LINEAR LINEAR LINEAR LINEAR LINEAR LINEAR LINEAR
LINEAR LINEAR LINEAR LINEAR LINEAR LINEAR LINEAR LINEAR LINEAR</Name_array><technique_common><accessor source="#Head-Interpolations-array" count="32"><param type="name"/></accessor></technique_common></source><sampler id="Head-Matrix-animation-transform"><input semantic="INPUT" source="#Head-Matrix-animation-input"/><input semantic="OUTPUT" source="#Head-Matrix-animation-output-transform"/><input semantic="INTERPOLATION" source="#Head-Interpolations"/></sampler><channel source="#Head-Matrix-animation-transform" target="Head/matrix"/></animation>
    <animation id="LeftShoulder-anim" name="LeftShoulder"><source id="LeftShoulder-Matrix-animation-input"><float_array id="LeftShoulder-Matrix-animation-input-array" count="32">

0.000000 0.033333 0.066667 0.100000 0.133333 0.166667 0.200000 0.233333 0.266667 0.300000 0.333333 0.366667 0.400000 0.433333 0.466667 0.500000
