<?xml version="1.0" encoding="utf-8"?>
<COLLADA xmlns="http://www.collada.org/2005/11/COLLADASchema" version="1.4.1">
  <asset><contributor><author>Mixamo</author><authoring_tool>COLLADA Mixamo exporter</authoring_tool><comments></comments></contributor><created>2018-10-29T20:08:57Z</created><modified>2018-10-29T20:08:57Z</modified><revision></revision><title></title><unit meter="0.010000"/><up_axis>Y_UP</up_axis></asset>
  <library_animations>
    <animation id="Hips-anim" name="Hips"><source id="Hips-Matrix-animation-input"><float_array id="Hips-Matrix-animation-input-array" count="20">

0.000000 0.033333 0.066667 0.100000 0.133333 0.166667 0.200000 0.233333 0.266667 0.300000 0.333333 0.366667 0.400000 0.433333 0.466667 0.500000
0.533333 0.566667 0.600000 0.633333</float_array><technique_common><accessor source="#Hips-Matrix-animation-input-array" count="20"><param name="TIME" type="float"/></accessor></technique_common></source><source id="Hips-Matrix-animation-output-transform"><float_array id="Hips-Matrix-animation-output-transform-array" count="320">

0.992797 0.053848 -0.107023 0.478506 -0.068003 0.988732 -0.133360 87.212952 0.098636 0.139677 0.985272 0.531873 0.000000 0.000000 0.000000 1.000000
0.995736 0.029921 -0.087265 0.242515 -0.042220 0.988866 -0.142692 88.417938 0.082024 0.145768 0.985913 20.500978 0.000000 0.000000 0.000000 1.000000
0.997614 0.008400 -0.068526 -0.116871 -0.020036 0.985080 -0.170927 90.203346 0.066068 0.171892 0.982898 38.700809 0.000000 0.000000 0.000000 1.000000
0.998155 0.015544 -0.058693 -0.409022 -0.025792 0.983671 -0.178116 91.282661 0.054965 0.179301 0.982257 56.644466 0.000000 0.000000 0.000000 1.000000
0.999607 0.013839 -0.024387 -0.597558 -0.017281 0.988970 -0.147105 90.962822 0.022082 0.147469 0.988820 73.817810 0.000000 0.000000 0.000000 1.000000
0.998779 -0.008198 0.048714 -0.532456 0.013807 0.993158 -0.115959 89.129860 -0.047430 0.116490 0.992059 91.438049 0.000000 0.000000 0.000000 1.000000
0.992003 -0.043371 0.118531 -0.442423 0.057114 0.991707 -0.115132 87.370804 -0.112555 0.120981 0.986253 109.711563 0.000000 0.000000 0.000000 1.000000
0.984528 -0.089448 0.150681 0.024449 0.111030 0.983690 -0.141515 86.227036 -0.135565 0.156056 0.978401 125.673553 0.000000 0.000000 0.000000 1.000000
0.981525 -0.104740 0.160120 0.028001 0.132614 0.975649 -0.174709 85.292953 -0.137922 0.192716 0.971513 143.380600 0.000000 0.000000 0.000000 1.000000
0.985501 -0.066969 0.155895 0.200227 0.097613 0.975310 -0.198096 85.818275 -0.138780 0.210442 0.967706 163.728607 0.000000 0.000000 0.000000 1.000000
0.987506 -0.030964 0.154509 0.618409 0.063127 0.976124 -0.207841 86.651413 -0.144384 0.214997 0.965883 185.668152 0.000000 0.000000 0.000000 1.000000
0.987933 -0.014110 0.154239 1.052683 0.047170 0.975945 -0.212852 88.897926 -0.147526 0.217559 0.964834 205.156082 0.000000 0.000000 0.000000 1.000000
0.988974 -0.015192 0.147311 1.044362 0.046738 0.975906 -0.213128 90.708153 -0.140523 0.217662 0.965855 223.678391 0.000000 0.000000 0.000000 1.000000
0.989589 -0.013747 0.143262 1.087481 0.042237 0.979337 -0.197778 91.940628 -0.137583 0.201770 0.969722 240.792099 0.000000 0.000000 0.000000 1.000000
0.991515 -0.016928 0.128884 1.090228 0.039096 0.984412 -0.171478 91.562897 -0.123972 0.175062 0.976721 259.013275 0.000000 0.000000 0.000000 1.000000
0.996225 -0.023775 0.083484 1.180849 0.036758 0.986816 -0.157616 89.968887 -0.078636 0.160090 0.983965 276.598785 0.000000 0.000000 0.000000 1.000000
0.999957 -0.008107 -0.004450 1.047083 0.007268 0.986433 -0.164004 88.602814 0.005719 0.163965 0.986450 295.065613 0.000000 0.000000 0.000000 1.000000
0.996128 0.026164 -0.083933 0.728863 -0.039412 0.986280 -0.160305 87.770348 0.078587 0.162992 0.983493 313.079254 0.000000 0.000000 0.000000 1.000000
0.992057 0.054861 -0.113199 0.656778 -0.070834 0.987286 -0.142300 87.172760 0.103953 0.149188 0.983329 330.359039 0.000000 0.000000 0.000000 1.000000
0.992797 0.053848 -0.107023 0.478508 -0.068003 0.988732 -0.133360 87.212952 0.098636 0.139677 0.985272 350.412842 0.000000 0.000000 0.000000 1.000000</float_array><technique_common><accessor source="#Hips-Matrix-animation-output-transform-array" count="20" stride="16"><param type="float4x4"/></accessor></technique_common></source><source id="Hips-Interpolations"><Name_array id="Hips-Interpolations-array" count="20">
 LINEAR LINEAR LINEAR LINEAR LINEAR LINEAR LINEAR LINEAR LINEAR LINEAR LINEAR
LINEAR LINEAR LINEAR LINEAR LINEAR LINEAR LINEAR LINEAR LINEAR</Name_array><technique_common><accessor source="#Hips-Interpolations-array" count="20"><param type="name"/></accessor></technique_common></source><sampler id="Hips-Matrix-animation-transform"><input semantic="INPUT" source="#Hips-Matrix-animation-input"/><input semantic="OUTPUT" source="#Hips-Matrix-animation-output-transform"/><input semantic="INTERPOLATION" source="#Hips-Interpolations"/></sampler><channel source="#Hips-Matrix-animation-transform" target="Hips/matrix"/></animation>
    <animation id="Spine-anim" name="Spine"><source id="Spine-Matrix-animation-input"><float_array id="Spine-Matrix-animation-input-array" count="20">

0.000000 0.033333 0.066667 0.100000 0.133333 0.166667 0.200000 0.233333 0.266667 0.300000 0.333333 0.366667 0.400000 0.433333 0.466667 0.500000
0.533333 0.566667 0.600000 0.633333</float_array><technique_common><accessor source="#Spine-Matrix-animation-input-array" count="20"><param name="TIME" type="float"/></accessor></technique_common></source><source id="Spine-Matrix-animation-output-transform"><float_array id="Spine-Matrix-animation-output-transform-array" count="320">

0.968057 -0.013977 0.250339 0.017300 0.071705 0.972177 -0.223003 10.574800 -0.240257 0.233830 0.942125 -1.117200 0.000000 0.000000 0.000000 1.000000
0.961636 0.012990 0.274019 0.017300 0.029386 0.988253 -0.149977 10.574800 -0.272749 0.152276 0.949958 -1.117200 0.000000 0.000000 0.000000 1.000000
0.957679 0.023530 0.286874 0.017300 -0.002275 0.997241 -0.074203 10.574800 -0.287828 0.070410 0.955090 -1.117200 0.000000 0.000000 0.000000 1.000000
0.956519 0.003417 0.291651 0.017300 0.011247 0.998756 -0.048586 10.574800 -0.291454 0.049753 0.955290 -1.117200 0.000000 0.000000 0.000000 1.000000
0.968521 0.018055 0.248275 0.017300 0.008109 0.994549 -0.103957 10.574800 -0.248798 0.102698 0.963095 -1.117200 0.000000 0.000000 0.000000 1.000000
0.986903 0.068338 0.146123 0.017300 -0.040781 0.982104 -0.183873 10.574800 -0.156073 0.175506 0.972028 -1.117200 0.000000 0.000000 0.000000 1.000000
0.992963 0.116378 0.021923 0.017300 -0.107839 0.965083 -0.238718 10.574800 -0.048939 0.234674 0.970842 -1.117200 0.000000 0.000000 0.000000 1.000000
0.984721 0.152520 -0.084038 0.017300 -0.169036 0.953166 -0.250800 10.574800 0.041850 0.261173 0.964384 -1.117200 0.000000 0.000000 0.000000 1.000000
0.972070 0.162537 -0.169300 0.017300 -0.195263 0.960309 -0.199196 10.574800 0.130203 0.226691 0.965225 -1.117200 0.000000 0.000000 0.000000 1.000000
0.962880 0.131320 -0.235834 0.017300 -0.157548 0.982837 -0.095972 10.574800 0.219183 0.129565 0.967043 -1.117200 0.000000 0.000000 0.000000 1.000000
0.953158 0.090888 -0.288496 0.017300 -0.093620 0.995599 0.004344 10.574800 0.287621 0.022869 0.957471 -1.117200 0.000000 0.000000 0.000000 1.000000
0.947840 0.061805 -0.312697 0.017300 -0.047024 0.997400 0.054600 10.574800 0.315258 -0.037048 0.948283 -1.117200 0.000000 0.000000 0.000000 1.000000
0.949689 0.058220 -0.307736 0.017300 -0.042110 0.997385 0.058738 10.574800 0.310351 -0.042824 0.949657 -1.117200 0.000000 0.000000 0.000000 1.000000
0.955990 0.053724 -0.288439 0.017300 -0.047810 0.998477 0.027517 10.574800 0.289478 -0.012515 0.957103 -1.117200 0.000000 0.000000 0.000000 1.000000
0.970005 0.039693 -0.239821 0.017300 -0.049822 0.998097 -0.036322 10.574800 0.237923 0.047181 0.970137 -1.117200 0.000000 0.000000 0.000000 1.000000
0.989054 0.018039 -0.146450 0.017300 -0.036731 0.991356 -0.125955 10.574800 0.142911 0.129955 0.981167 -1.117200 0.000000 0.000000 0.000000 1.000000
0.999893 -0.009507 -0.011075 0.017300 0.006945 0.977271 -0.211879 10.574800 0.012837 0.211780 0.977233 -1.117200 0.000000 0.000000 0.000000 1.000000
0.993085 -0.030425 0.113390 0.017300 0.059120 0.964035 -0.259116 10.574800 -0.101429 0.264028 0.959167 -1.117200 0.000000 0.000000 0.000000 1.000000
0.979107 -0.034243 0.200440 0.017300 0.086978 0.961520 -0.260604 10.574800 -0.183803 0.272594 0.944409 -1.117200 0.000000 0.000000 0.000000 1.000000
0.968057 -0.013977 0.250339 0.017300 0.071705 0.972177 -0.223002 10.574800 -0.240257 0.233830 0.942125 -1.117200 0.000000 0.000000 0.000000 1.000000</float_array><technique_common><accessor source="#Spine-Matrix-animation-output-transform-array" count="20" stride="16"><param type="float4x4"/></accessor></technique_common></source><source id="Spine-Interpolations"><Name_array id="Spine-Interpolations-array" count="20">
 LINEAR LINEAR LINEAR LINEAR LINEAR LINEAR LINEAR LINEAR LINEAR LINEAR LINEAR
LINEAR LINEAR LINEAR LINEAR LINEAR LINEAR LINEAR LINEAR LINEAR</Name_array><technique_common><accessor source="#Spine-Interpolations-array" count="20"><param type="name"/></accessor></technique_common></source><sampler id="Spine-Matrix-animation-transform"><input semantic="INPUT" source="#Spine-Matrix-animation-input"/><input semantic="OUTPUT" source="#Spine-Matrix-animation-output-transform"/><input semantic="INTERPOLATION" source="#Spine-Interpolations"/></sampler><channel source="#Spine-Matrix-animation-transform" target="Spine/matrix"/></animation>
    <animation id="Spine1-anim" name="Spine1"><source id="Spine1-Matrix-animation-input"><float_array id="Spine1-Matrix-animation-input-array" count="20">

0.000000 0.033333 0.066667 0.100000 0.133333 0.166667 0.200000 0.233333 0.266667 0.300000 0.333333 0.366667 0.400000 0.433333 0.466667 0.500000
0.533333 0.566667 0.600000 0.633333</float_array><technique_common><accessor source="#Spine1-Matrix-animation-input-array" count="20"><param name="TIME" type="float"/></accessor></technique_common></source><source id="Spine1-Matrix-animation-output-transform"><float_array id="Spine1-Matrix-animation-output-transform-array" count="320">

0.999243 -0.023499 0.031011 0.019000 0.021621 0.997990 0.059566 12.337300 -0.032348 -0.058850 0.997743 -1.303400 0.000000 0.000000 0.000000 1.000000
0.999175 -0.020938 0.034810 0.019000 0.019703 0.999177 0.035465 12.337300 -0.035524 -0.034750 0.998764 -1.303400 0.000000 0.000000 0.000000 1.000000
0.999249 -0.009783 0.037500 0.019000 0.009432 0.999910 0.009519 12.337300 -0.037590 -0.009158 0.999251 -1.303400 0.000000 0.000000 0.000000 1.000000
0.999255 0.003117 0.038472 0.019000 -0.003075 0.999995 -0.001151 12.337300 -0.038475 0.001032 0.999259 -1.303400 0.000000 0.000000 0.000000 1.000000
0.999478 -0.000892 0.032280 0.019000 0.000780 0.999994 0.003508 12.337300 -0.032283 -0.003481 0.999473 -1.303400 0.000000 0.000000 0.000000 1.000000
0.999529 -0.025089 0.017676 0.019000 0.024716 0.999473 0.021065 12.337300 -0.018195 -0.020618 0.999622 -1.303400 0.000000 0.000000 0.000000 1.000000
0.998625 -0.052416 0.001135 0.019000 0.052297 0.997412 0.049346 12.337300 -0.003719 -0.049219 0.998781 -1.303400 0.000000 0.000000 0.000000 1.000000
0.997510 -0.069542 -0.011704 0.019000 0.070124 0.995710 0.060369 12.337300 0.007456 -0.061040 0.998108 -1.303400 0.000000 0.000000 0.000000 1.000000
0.996741 -0.077602 -0.022023 0.019000 0.078264 0.996452 0.030966 12.337300 0.019542 -0.032589 0.999278 -1.303400 0.000000 0.000000 0.000000 1.000000
0.996902 -0.072010 -0.031625 0.019000 0.071724 0.997373 -0.010096 12.337300 0.032269 0.007797 0.999449 -1.303400 0.000000 0.000000 0.000000 1.000000
0.997688 -0.055681 -0.038977 0.019000 0.054370 0.997945 -0.033911 12.337300 0.040785 0.031713 0.998665 -1.303400 0.000000 0.000000 0.000000 1.000000
0.998006 -0.047754 -0.041273 0.019000 0.045921 0.997964 -0.044259 12.337300 0.043302 0.042275 0.998167 -1.303400 0.000000 0.000000 0.000000 1.000000
0.997777 -0.053824 -0.039295 0.019000 0.051931 0.997510 -0.047714 12.337300 0.041765 0.045567 0.998088 -1.303400 0.000000 0.000000 0.000000 1.000000
0.997266 -0.064294 -0.036413 0.019000 0.062720 0.997111 -0.042850 12.337300 0.039063 0.040449 0.998418 -1.303400 0.000000 0.000000 0.000000 1.000000
0.997285 -0.066722 -0.031153 0.019000 0.065908 0.997475 -0.026454 12.337300 0.032840 0.024329 0.999164 -1.303400 0.000000 0.000000 0.000000 1.000000
0.998528 -0.050592 -0.019534 0.019000 0.050572 0.998719 -0.001562 12.337300 0.019588 0.000571 0.999808 -1.303400 0.000000 0.000000 0.000000 1.000000
0.999602 -0.028047 -0.003074 0.019000 0.028113 0.999320 0.023874 12.337300 0.002403 -0.023951 0.999710 -1.303400 0.000000 0.000000 0.000000 1.000000
0.999750 -0.018421 0.012657 0.019000 0.017803 0.998721 0.047329 12.337300 -0.013512 -0.047092 0.998799 -1.303400 0.000000 0.000000 0.000000 1.000000
0.999506 -0.020339 0.023959 0.019000 0.018771 0.997777 0.063940 12.337300 -0.025207 -0.063459 0.997666 -1.303400 0.000000 0.000000 0.000000 1.000000
0.999243 -0.023499 0.031011 0.019000 0.021621 0.997990 0.059566 12.337300 -0.032348 -0.058850 0.997743 -1.303400 0.000000 0.000000 0.000000 1.000000</float_array><technique_common><accessor source="#Spine1-Matrix-animation-output-transform-array" count="20" stride="16"><param type="float4x4"/></accessor></technique_common></source><source id="Spine1-Interpolations"><Name_array id="Spine1-Interpolations-array" count="20">
 LINEAR LINEAR LINEAR LINEAR LINEAR LINEAR LINEAR LINEAR LINEAR LINEAR LINEAR
LINEAR LINEAR LINEAR LINEAR LINEAR LINEAR LINEAR LINEAR LINEAR</Name_array><technique_common><accessor source="#Spine1-Interpolations-array" count="20"><param type="name"/></accessor></technique_common></source><sampler id="Spine1-Matrix-animation-transform"><input semantic="INPUT" source="#Spine1-Matrix-animation-input"/><input semantic="OUTPUT" source="#Spine1-Matrix-animation-output-transform"/><input semantic="INTERPOLATION" source="#Spine1-Interpolations"/></sampler><channel source="#Spine1-Matrix-animation-transform" target="Spine1/matrix"/></animation>
    <animation id="Spine2-anim" name="Spine2"><source id="Spine2-Matrix-animation-input"><float_array id="Spine2-Matrix-animation-input-array" count="20">

0.000000 0.033333 0.066667 0.100000 0.133333 0.166667 0.200000 0.233333 0.266667 0.300000 0.333333 0.366667 0.400000 0.433333 0.466667 0.500000
0.533333 0.566667 0.600000 0.633333</float_array><technique_common><accessor source="#Spine2-Matrix-animation-input-array" count="20"><param name="TIME" type="float"/></accessor></technique_common></source><source id="Spine2-Matrix-animation-output-transform"><float_array id="Spine2-Matrix-animation-output-transform-array" count="320">

0.999290 -0.021294 0.031079 0.021700 0.019439 0.998081 0.058792 14.099800 -0.032272 -0.058146 0.997786 -1.489600 0.000000 0.000000 0.000000 1.000000
0.999221 -0.018706 0.034738 0.021700 0.017455 0.999201 0.035959 14.099800 -0.035383 -0.035325 0.998749 -1.489600 0.000000 0.000000 0.000000 1.000000
0.999258 -0.008614 0.037537 0.021700 0.008214 0.999908 0.010815 14.099800 -0.037627 -0.010499 0.999237 -1.489600 0.000000 0.000000 0.000000 1.000000
0.999260 0.003009 0.038336 0.021700 -0.002961 0.999995 -0.001298 14.099800 -0.038340 0.001184 0.999264 -1.489600 0.000000 0.000000 0.000000 1.000000
0.999489 -0.001088 0.031947 0.021700 0.001007 0.999996 0.002529 14.099800 -0.031949 -0.002496 0.999486 -1.489600 0.000000 0.000000 0.000000 1.000000
0.999557 -0.023862 0.017789 0.021700 0.023460 0.999472 0.022467 14.099800 -0.018315 -0.022040 0.999589 -1.489600 0.000000 0.000000 0.000000 1.000000
0.998673 -0.051478 0.001280 0.021700 0.051347 0.997394 0.050674 14.099800 -0.003885 -0.050541 0.998714 -1.489600 0.000000 0.000000 0.000000 1.000000
0.997414 -0.070879 -0.011865 0.021700 0.071459 0.995695 0.059037 14.099800 0.007630 -0.059733 0.998185 -1.489600 0.000000 0.000000 0.000000 1.000000
0.996714 -0.078104 -0.021468 0.021700 0.078616 0.996613 0.024145 14.099800 0.019510 -0.025754 0.999478 -1.489600 0.000000 0.000000 0.000000 1.000000
0.997044 -0.070676 -0.030134 0.021700 0.069563 0.996909 -0.036512 14.099800 0.032621 0.034308 0.998879 -1.489600 0.000000 0.000000 0.000000 1.000000
0.997841 -0.053959 -0.037451 0.021700 0.050548 0.994950 -0.086710 14.099800 0.041940 0.084630 0.995529 -1.489600 0.000000 0.000000 0.000000 1.000000
0.998209 -0.044020 -0.040515 0.021700 0.039212 0.992860 -0.112652 14.099800 0.045184 0.110862 0.992808 -1.489600 0.000000 0.000000 0.000000 1.000000
0.998012 -0.049291 -0.039275 0.021700 0.044288 0.991857 -0.119405 14.099800 0.044840 0.117428 0.992069 -1.489600 0.000000 0.000000 0.000000 1.000000
0.997474 -0.061174 -0.036089 0.021700 0.056991 0.992587 -0.107343 14.099800 0.042388 0.105015 0.993567 -1.489600 0.000000 0.000000 0.000000 1.000000
0.997507 -0.063773 -0.030218 0.021700 0.061484 0.995549 -0.071426 14.099800 0.034638 0.069390 0.996988 -1.489600 0.000000 0.000000 0.000000 1.000000
0.998568 -0.050077 -0.018819 0.021700 0.049683 0.998548 -0.020833 14.099800 0.019835 0.019868 0.999606 -1.489600 0.000000 0.000000 0.000000 1.000000
0.999509 -0.031199 -0.002786 0.021700 0.031254 0.999255 0.022655 14.099800 0.002077 -0.022731 0.999739 -1.489600 0.000000 0.000000 0.000000 1.000000
0.999697 -0.020906 0.012988 0.021700 0.020235 0.998553 0.049828 14.099800 -0.014011 -0.049551 0.998673 -1.489600 0.000000 0.000000 0.000000 1.000000
0.999507 -0.019887 0.024299 0.021700 0.018306 0.997806 0.063618 14.099800 -0.025511 -0.063142 0.997678 -1.489600 0.000000 0.000000 0.000000 1.000000
0.999290 -0.021294 0.031079 0.021700 0.019439 0.998081 0.058792 14.099800 -0.032272 -0.058146 0.997786 -1.489600 0.000000 0.000000 0.000000 1.000000</float_array><technique_common><accessor source="#Spine2-Matrix-animation-output-transform-array" count="20" stride="16"><param type="float4x4"/></accessor></technique_common></source><source id="Spine2-Interpolations"><Name_array id="Spine2-Interpolations-array" count="20">
 LINEAR LINEAR LINEAR LINEAR LINEAR LINEAR LINEAR LINEAR LINEAR LINEAR LINEAR
LINEAR LINEAR LINEAR LINEAR LINEAR LINEAR LINEAR LINEAR LINEAR</Name_array><technique_common><accessor source="#Spine2-Interpolations-array" count="20"><param type="name"/></accessor></technique_common></source><sampler id="Spine2-Matrix-animation-transform"><input semantic="INPUT" source="#Spine2-Matrix-animation-input"/><input semantic="OUTPUT" source="#Spine2-Matrix-animation-output-transform"/><input semantic="INTERPOLATION" source="#Spine2-Interpolations"/></sampler><channel source="#Spine2-Matrix-animation-transform" target="Spine2/matrix"/></animation>
    <animation id="Neck-anim" name="Neck"><source id="Neck-Matrix-animation-input"><float_array id="Neck-Matrix-animation-input-array" count="20">

0.000000 0.033333 0.066667 0.100000 0.133333 0.166667 0.200000 0.233333 0.266667 0.300000 0.333333 0.366667 0.400000 0.433333 0.466667 0.500000
0.533333 0.566667 0.600000 0.633333</float_array><technique_common><accessor source="#Neck-Matrix-animation-input-array" count="20"><param name="TIME" type="float"/></accessor></technique_common></source><source id="Neck-Matrix-animation-output-transform"><float_array id="Neck-Matrix-animation-output-transform-array" count="320">

0.997638 0.053298 -0.043326 0.024400 -0.056499 0.995476 -0.076387 15.862300 0.039059 0.078654 0.996136 -1.675800 0.000000 0.000000 0.000000 1.000000
0.997311 0.049108 -0.054405 0.024400 -0.054384 0.993483 -0.100173 15.862300 0.049131 0.102862 0.993482 -1.675800 0.000000 0.000000 0.000000 1.000000
0.997083 0.045154 -0.061533 0.024400 -0.050623 0.994615 -0.090430 15.862300 0.057118 0.093281 0.994000 -1.675800 0.000000 0.000000 0.000000 1.000000
0.996757 0.048899 -0.063912 0.024400 -0.052870 0.996675 -0.062000 15.862300 0.060668 0.065178 0.996028 -1.675800 0.000000 0.000000 0.000000 1.000000
0.995863 0.068002 -0.060279 0.024400 -0.070621 0.996600 -0.042446 15.862300 0.057188 0.046527 0.997279 -1.675800 0.000000 0.000000 0.000000 1.000000
0.994636 0.089707 -0.051491 0.024400 -0.091971 0.994814 -0.043422 15.862300 0.047329 0.047925 0.997729 -1.675800 0.000000 0.000000 0.000000 1.000000
0.994640 0.095922 -0.038607 0.024400 -0.097871 0.993827 -0.052241 15.862300 0.033358 0.055739 0.997888 -1.675800 0.000000 0.000000 0.000000 1.000000
0.996559 0.079799 -0.022407 0.024400 -0.080795 0.995585 -0.047784 15.862300 0.018495 0.049430 0.998606 -1.675800 0.000000 0.000000 0.000000 1.000000
0.998655 0.051652 -0.004504 0.024400 -0.051756 0.998294 -0.027033 15.862300 0.003100 0.027230 0.999624 -1.675800 0.000000 0.000000 0.000000 1.000000
0.999509 0.028960 0.011937 0.024400 -0.028894 0.999566 -0.005667 15.862300 -0.012096 0.005319 0.999913 -1.675800 0.000000 0.000000 0.000000 1.000000
0.999507 0.020664 0.023652 0.024400 -0.020779 0.999773 0.004617 15.862300 -0.023551 -0.005106 0.999710 -1.675800 0.000000 0.000000 0.000000 1.000000
0.999336 0.021562 0.029367 0.024400 -0.021808 0.999729 0.008093 15.862300 -0.029184 -0.008728 0.999536 -1.675800 0.000000 0.000000 0.000000 1.000000
0.999316 0.021724 0.029918 0.024400 -0.022144 0.999660 0.013776 15.862300 -0.029608 -0.014429 0.999457 -1.675800 0.000000 0.000000 0.000000 1.000000
0.999471 0.018756 0.026575 0.024400 -0.019365 0.999551 0.022873 15.862300 -0.026134 -0.023376 0.999385 -1.675800 0.000000 0.000000 0.000000 1.000000
0.999633 0.018272 0.019987 0.024400 -0.018884 0.999346 0.030853 15.862300 -0.019410 -0.031219 0.999324 -1.675800 0.000000 0.000000 0.000000 1.000000
0.999631 0.025008 0.010565 0.024400 -0.025352 0.999107 0.033806 15.862300 -0.009710 -0.034061 0.999373 -1.675800 0.000000 0.000000 0.000000 1.000000
0.999300 0.037395 -0.001129 0.024400 -0.037349 0.998912 0.027921 15.862300 0.002172 -0.027859 0.999609 -1.675800 0.000000 0.000000 0.000000 1.000000
0.998672 0.049430 -0.014514 0.024400 -0.049315 0.998750 0.008158 15.862300 0.014899 -0.007432 0.999861 -1.675800 0.000000 0.000000 0.000000 1.000000
0.998074 0.054768 -0.029129 0.024400 -0.055647 0.997992 -0.030258 15.862300 0.027414 0.031820 0.999118 -1.675800 0.000000 0.000000 0.000000 1.000000
0.997638 0.053298 -0.043326 0.024400 -0.056499 0.995476 -0.076387 15.862300 0.039059 0.078654 0.996136 -1.675800 0.000000 0.000000 0.000000 1.000000</float_array><technique_common><accessor source="#Neck-Matrix-animation-output-transform-array" count="20" stride="16"><param type="float4x4"/></accessor></technique_common></source><source id="Neck-Interpolations"><Name_array id="Neck-Interpolations-array" count="20">
 LINEAR LINEAR LINEAR LINEAR LINEAR LINEAR LINEAR LINEAR LINEAR LINEAR LINEAR
LINEAR LINEAR LINEAR LINEAR LINEAR LINEAR LINEAR LINEAR LINEAR</Name_array><technique_common><accessor source="#Neck-Interpolations-array" count="20"><param type="name"/></accessor></technique_common></source><sampler id="Neck-Matrix-animation-transform"><input semantic="INPUT" source="#Neck-Matrix-animation-input"/><input semantic="OUTPUT" source="#Neck-Matrix-animation-output-transform"/><input semantic="INTERPOLATION" source="#Neck-Interpolations"/></sampler><channel source="#Neck-Matrix-animation-transform" target="Neck/matrix"/></animation>
    <animation id="Head-anim" name="Head"><source id="Head-Matrix-animation-input"><float_array id="Head-Matrix-animation-input-array" count="20">

0.000000 0.033333 0.066667 0.100000 0.133333 0.166667 0.200000 0.233333 0.266667 0.300000 0.333333 0.366667 0.400000 0.433333 0.466667 0.500000
0.533333 0.566667 0.600000 0.633333</float_array><technique_common><accessor source="#Head-Matrix-animation-input-array" count="20"><param name="TIME" type="float"/></accessor></technique_common></source><source id="Head-Matrix-animation-output-transform"><float_array id="Head-Matrix-animation-output-transform-array" count="320">

0.993232 0.004900 -0.116040 -0.000000 0.034669 0.941052 0.336481 5.564000 0.110848 -0.338227 0.934513 0.988100 0.000000 0.000000 0.000000 1.000000
0.984829 0.005854 -0.173431 -0.000000 0.047660 0.951873 0.302764 5.564000 0.166857 -0.306436 0.937153 0.988100 0.000000 0.000000 0.000000 1.000000
0.977517 0.008230 -0.210696 0.000000 0.051257 0.959990 0.275302 5.564000 0.204531 -0.279912 0.937985 0.988100 0.000000 0.000000 0.000000 1.000000
0.974699 0.004843 -0.223471 0.000000 0.057343 0.960889 0.270932 5.564000 0.216043 -0.276892 0.936299 0.988100 0.000000 0.000000 0.000000 1.000000
0.977395 -0.002644 -0.211406 0.000000 0.064650 0.955764 0.286941 5.564000 0.201295 -0.294122 0.934330 0.988100 0.000000 0.000000 0.000000 1.000000
0.983545 -0.010657 -0.180348 0.000000 0.069123 0.944499 0.321160 5.564000 0.166916 -0.328342 0.929694 0.988100 0.000000 0.000000 0.000000 1.000000
0.990516 -0.018776 -0.136111 -0.000000 0.067429 0.929555 0.362466 5.564000 0.119717 -0.368206 0.922004 0.988100 0.000000 0.000000 0.000000 1.000000
0.997018 -0.021193 -0.074200 -0.000000 0.048622 0.919199 0.390781 5.564000 0.059923 -0.393223 0.917488 0.988100 0.000000 0.000000 0.000000 1.000000
0.999854 -0.014093 0.009654 -0.000000 0.009249 0.921757 0.387658 5.564000 -0.014362 -0.387512 0.921753 0.988100 0.000000 0.000000 0.000000 1.000000
0.995111 -0.002489 0.098733 0.000000 -0.032423 0.936046 0.350381 5.564000 -0.093291 -0.351869 0.931389 0.988100 0.000000 0.000000 0.000000 1.000000
0.986898 0.006315 0.161220 -0.000000 -0.054803 0.952945 0.298147 5.564000 -0.151751 -0.303076 0.940806 0.988100 0.000000 0.000000 0.000000 1.000000
0.982845 0.011978 0.184042 0.000000 -0.060791 0.963162 0.261959 5.564000 -0.174124 -0.268653 0.947368 0.988100 0.000000 0.000000 0.000000 1.000000
0.983236 0.021030 0.181120 0.000000 -0.068906 0.962521 0.262309 5.564000 -0.168815 -0.270392 0.947834 0.988100 0.000000 0.000000 0.000000 1.000000
0.985799 0.034980 0.164246 -0.000000 -0.082288 0.953215 0.290879 5.564000 -0.146387 -0.300263 0.942557 0.988100 0.000000 0.000000 0.000000 1.000000
0.990290 0.045710 0.131290 0.000000 -0.085803 0.944024 0.318522 5.564000 -0.109381 -0.326694 0.938780 0.988100 0.000000 0.000000 0.000000 1.000000
0.995242 0.047105 0.085285 -0.000000 -0.072656 0.942037 0.327547 5.564000 -0.064913 -0.332185 0.940978 0.988100 0.000000 0.000000 0.000000 1.000000
0.998437 0.039398 0.039638 -0.000000 -0.050259 0.943151 0.328543 5.564000 -0.024441 -0.330021 0.943657 0.988100 0.000000 0.000000 0.000000 1.000000
0.999691 0.024814 -0.001696 0.000000 -0.022785 0.941003 0.337629 5.564000 0.009974 -0.337486 0.941278 0.988100 0.000000 0.000000 0.000000 1.000000
0.998552 0.010984 -0.052669 0.000000 0.008140 0.936828 0.349696 5.564000 0.053183 -0.349618 0.935382 0.988100 0.000000 0.000000 0.000000 1.000000
0.993232 0.004900 -0.116040 0.000000 0.034669 0.941052 0.336481 5.564000 0.110848 -0.338226 0.934513 0.988100 0.000000 0.000000 0.000000 1.000000</float_array><technique_common><accessor source="#Head-Matrix-animation-output-transform-array" count="20" stride="16"><param type="float4x4"/></accessor></technique_common></source><source id="Head-Interpolations"><Name_array id="Head-Interpolations-array" count="20">
 LINEAR LINEAR LINEAR LINEAR LINEAR LINEAR LINEAR LINEAR LINEAR LINEAR LINEAR
LINEAR LINEAR LINEAR LINEAR LINEAR LINEAR LINEAR LINEAR LINEAR</Name_array><technique_common><accessor source="#Head-Interpolations-array" count="20"><param type="name"/></accessor></technique_common></source><sampler id="Head-Matrix-animation-transform"><input semantic="INPUT" source="#Head-Matrix-animation-input"/><input semantic="OUTPUT" source="#Head-Matrix-animation-output-transform"/><input semantic="INTERPOLATION" source="#Head-Interpolations"/></sampler><channel source="#Head-Matrix-animation-transform" target="Head/matrix"/></animation>
    <animation id="LeftShoulder-anim" name="LeftShoulder"><source id="LeftShoulder-Matrix-animation-input"><float_array id="LeftShoulder-Matrix-animation-input-array" count="20">

0.000000 0.033333 0.066667 0.100000 0.133333 0.166667 0.200000 0.233333 0.266667 0.300000 0.333333 0.366667 0.400000 0.433333 0.466667 0.500000
0.533333 0.566667 0.600000 0.633333</float_array><technique_common><accessor source="#LeftShoulder-Matrix-animation-input-array" count="20"><param name="TIME" type="float"/></accessor></technique_common></source><source id="LeftShoulder-Matrix-animation-output-transform"><float_array id="LeftShoulder-Matrix-animation-output-transform-array" count="320">

0.986841 0.070399 -0.145563 5.935000 -0.077760 0.995933 -0.045513 13.670200 0.141767 0.056233 0.988302 -1.662600 0.000000 0.000000 0.000000 1.000000
0.988535 0.053792 -0.141087 5.935000 -0.060550 0.997193 -0.044048 13.670200 0.138321 0.052086 0.989017 -1.662600 0.000000 0.000000 0.000000 1.000000
0.989275 0.044034 -0.139270 5.935000 -0.050519 0.997781 -0.043376 13.670200 0.137050 0.049946 0.989304 -1.662600 0.000000 0.000000 0.000000 1.000000
0.986466 0.065696 -0.150227 5.935000 -0.073421 0.996218 -0.046457 13.670200 0.146607 0.056858 0.987559 -1.662600 0.000000 0.000000 0.000000 1.000000
0.977954 0.115567 -0.173926 5.935000 -0.126438 0.990571 -0.052742 13.670200 0.166191 0.073570 0.983345 -1.662600 0.000000 0.000000 0.000000 1.000000
0.967595 0.154639 -0.199618 5.935000 -0.169405 0.983776 -0.059042 13.670200 0.187250 0.090945 0.978093 -1.662600 0.000000 0.000000 0.000000 1.000000
0.962213 0.169097 -0.213432 5.935000 -0.186131 0.980550 -0.062267 13.670200 0.198752 0.099641 0.974972 -1.662600 0.000000 0.000000 0.000000 1.000000
0.970846 0.151549 -0.185716 5.935000 -0.164547 0.984743 -0.056613 13.670200 0.174303 0.085521 0.980971 -1.662600 0.000000 0.000000 0.000000 1.000000
0.985914 0.110270 -0.125756 5.935000 -0.116471 0.992260 -0.043055 13.670200 0.120035 0.057095 0.991126 -1.662600 0.000000 0.000000 0.000000 1.000000
0.995892 0.057960 -0.069571 5.935000 -0.060147 0.997746 -0.029766 13.670200 0.067689 0.033828 0.997133 -1.662600 0.000000 0.000000 0.000000 1.000000
0.999256 0.023096 -0.030879 5.935000 -0.023728 0.999513 -0.020248 13.670200 0.030397 0.020966 0.999318 -1.662600 0.000000 0.000000 0.000000 1.000000
0.999456 0.023362 -0.023270 5.935000 -0.023799 0.999542 -0.018674 13.670200 0.022823 0.019217 0.999555 -1.662600 0.000000 0.000000 0.000000 1.000000
0.998403 0.036140 -0.043424 5.935000 -0.037183 0.999034 -0.023441 13.670200 0.042535 0.025018 0.998782 -1.662600 0.000000 0.000000 0.000000 1.000000
0.995786 0.053835 -0.074248 5.935000 -0.056244 0.997944 -0.030743 13.670200 0.072440 0.034789 0.996766 -1.662600 0.000000 0.000000 0.000000 1.000000
0.991910 0.075152 -0.102304 5.935000 -0.079294 0.996163 -0.037035 13.670200 0.099128 0.044847 0.994064 -1.662600 0.000000 0.000000 0.000000 1.000000
0.987924 0.090809 -0.125536 5.935000 -0.096763 0.994414 -0.042166 13.670200 0.121005 0.053804 0.991193 -1.662600 0.000000 0.000000 0.000000 1.000000
0.982276 0.107728 -0.153391 5.935000 -0.116402 0.992007 -0.048709 13.670200 0.146917 0.065700 0.986964 -1.662600 0.000000 0.000000 0.000000 1.000000
0.979248 0.114020 -0.167550 5.935000 -0.124242 0.990898 -0.051813 13.670200 0.160118 0.071555 0.984501 -1.662600 0.000000 0.000000 0.000000 1.000000
0.983701 0.091587 -0.154738 5.935000 -0.100144 0.993794 -0.048423 13.670200 0.149343 0.063129 0.986768 -1.662600 0.000000 0.000000 0.000000 1.000000
0.986841 0.070399 -0.145563 5.935000 -0.077760 0.995933 -0.045513 13.670200 0.141767 0.056233 0.988302 -1.662600 0.000000 0.000000 0.000000 1.000000</float_array><technique_common><accessor source="#LeftShoulder-Matrix-animation-output-transform-array" count="20" stride="16"><param type="float4x4"/></accessor></technique_common></source><source id="LeftShoulder-Interpolations"><Name_array id="LeftShoulder-Interpolations-array" count="20">
 LINEAR LINEAR LINEAR LINEAR LINEAR LINEAR LINEAR LINEAR LINEAR LINEAR LINEAR
LINEAR LINEAR LINEAR LINEAR LINEAR LINEAR LINEAR LINEAR LINEAR</Name_array><technique_common><accessor source="#LeftShoulder-Interpolations-array" count="20"><param type="name"/></accessor></technique_common></source><sampler id="LeftShoulder-Matrix-animation-transform"><input semantic="INPUT" source="#LeftShoulder-Matrix-animation-input"/><input semantic="OUTPUT" source="#LeftShoulder-Matrix-animation-output-transform"/><input semantic="INTERPOLATION" source="#LeftShoulder-Interpolations"/></sampler><channel source="#LeftShoulder-Matrix-animation-transform" target="LeftShoulder/matrix"/></animation>
    <animation id="LeftArm-anim" name="LeftArm"><source id="LeftArm-Matrix-animation-input"><float_array id="LeftArm-Matrix-animation-input-array" count="20">

0.000000 0.033333 0.066667 0.100000 0.133333 0.166667 0.200000 0.233333 0.266667 0.300000 0.333333 0.366667 0.400000 0.433333 0.466667 0.500000
0.533333 0.566667 0.600000 0.633333</float_array><technique_common><accessor source="#LeftArm-Matrix-animation-input-array" count="20"><param name="TIME" type="float"/></accessor></technique_common></source><source id="LeftArm-Matrix-animation-output-transform"><float_array id="LeftArm-Matrix-animation-output-transform-array" count="320">

0.445848 0.893689 0.050390 12.499400 -0.427257 0.261944 -0.865354 -1.650000 -0.786557 0.364287 0.498622 0.026500 0.000000 0.000000 0.000000 1.000000
0.449900 0.884046 0.126699 12.499400 -0.296336 0.281603 -0.912625 -1.650000 -0.842481 0.373045 0.388668 0.026500 0.000000 0.000000 0.000000 1.000000
0.423995 0.889271 0.171536 12.499400 -0.292142 0.313573 -0.903507 -1.650000 -0.857252 0.332970 0.392747 0.026500 0.000000 0.000000 0.000000 1.000000
0.394295 0.898623 0.192377 12.499400 -0.405893 0.358104 -0.840840 -1.650000 -0.824489 0.253454 0.505943 0.026500 0.000000 0.000000 0.000000 1.000000
0.376371 0.905487 0.196055 12.499400 -0.563363 0.391676 -0.727470 -1.650000 -0.735505 0.163349 0.657533 0.026500 0.000000 0.000000 0.000000 1.000000
0.388365 0.907887 0.157839 12.499400 -0.700738 0.402195 -0.589242 -1.650000 -0.598448 0.118238 0.792389 0.026500 0.000000 0.000000 0.000000 1.000000
0.444685 0.893200 0.066703 12.499400 -0.808142 0.432219 -0.400116 -1.650000 -0.386214 0.124020 0.914034 0.026500 0.000000 0.000000 0.000000 1.000000
0.495628 0.865738 -0.069643 12.499400 -0.867364 0.489203 -0.091438 -1.650000 -0.045092 0.105725 0.993373 0.026500 0.000000 0.000000 0.000000 1.000000
0.493728 0.851469 -0.176732 12.499400 -0.800426 0.524402 0.290379 -1.650000 0.339927 -0.001908 0.940450 0.026500 0.000000 0.000000 0.000000 1.000000
0.511409 0.832804 -0.211893 12.499400 -0.633287 0.531919 0.562148 -1.650000 0.580869 -0.153298 0.799431 0.026500 0.000000 0.000000 0.000000 1.000000
0.566037 0.786480 -0.247086 12.499400 -0.494954 0.563912 0.661078 -1.650000 0.659259 -0.251899 0.708466 0.026500 0.000000 0.000000 0.000000 1.000000
0.601340 0.736438 -0.309919 12.499400 -0.445266 0.630951 0.635326 -1.650000 0.663422 -0.244051 0.707327 0.026500 0.000000 0.000000 0.000000 1.000000
0.596733 0.723677 -0.346700 12.499400 -0.533297 0.680495 0.502515 -1.650000 0.599586 -0.114973 0.792009 0.026500 0.000000 0.000000 0.000000 1.000000
0.556635 0.766130 -0.321250 12.499400 -0.724453 0.636909 0.263655 -1.650000 0.406601 0.085971 0.909552 0.026500 0.000000 0.000000 0.000000 1.000000
0.489533 0.829841 -0.267811 12.499400 -0.864036 0.503001 -0.020775 -1.650000 0.117469 0.241568 0.963248 0.026500 0.000000 0.000000 0.000000 1.000000
0.438669 0.878434 -0.189537 12.499400 -0.885176 0.385986 -0.259767 -1.650000 -0.155029 0.281725 0.946888 0.026500 0.000000 0.000000 0.000000 1.000000
0.406926 0.909537 -0.084576 12.499400 -0.836800 0.334045 -0.433797 -1.650000 -0.366302 0.247297 0.897032 0.026500 0.000000 0.000000 0.000000 1.000000
0.383220 0.923407 -0.021492 12.499400 -0.755270 0.299877 -0.582788 -1.650000 -0.531705 0.239568 0.812340 0.026500 0.000000 0.000000 0.000000 1.000000
0.405277 0.914162 -0.007631 12.499400 -0.614708 0.266323 -0.742433 -1.650000 -0.676671 0.305582 0.669877 0.026500 0.000000 0.000000 0.000000 1.000000
0.445848 0.893689 0.050390 12.499400 -0.427257 0.261944 -0.865354 -1.650000 -0.786557 0.364287 0.498622 0.026500 0.000000 0.000000 0.000000 1.000000</float_array><technique_common><accessor source="#LeftArm-Matrix-animation-output-transform-array" count="20" stride="16"><param type="float4x4"/></accessor></technique_common></source><source id="LeftArm-Interpolations"><Name_array id="LeftArm-Interpolations-array" count="20">
 LINEAR LINEAR LINEAR LINEAR LINEAR LINEAR LINEAR LINEAR LINEAR LINEAR LINEAR
LINEAR LINEAR LINEAR LINEAR LINEAR LINEAR LINEAR LINEAR LINEAR</Name_array><technique_common><accessor source="#LeftArm-Interpolations-array" count="20"><param type="name"/></accessor></technique_common></source><sampler id="LeftArm-Matrix-animation-transform"><input semantic="INPUT" source="#LeftArm-Matrix-animation-input"/><input semantic="OUTPUT" source="#LeftArm-Matrix-animation-output-transform"/><input semantic="INTERPOLATION" source="#LeftArm-Interpolations"/></sampler><channel source="#LeftArm-Matrix-animation-transform" target="LeftArm/matrix"/></animation>
    <animation id="LeftForeArm-anim" name="LeftForeArm"><source id="LeftForeArm-Matrix-animation-input"><float_array id="LeftForeArm-Matrix-animation-input-array" count="20">

0.000000 0.033333 0.066667 0.100000 0.133333 0.166667 0.200000 0.233333 0.266667 0.300000 0.333333 0.366667 0.400000 0.433333 0.466667 0.500000
0.533333 0.566667 0.600000 0.633333</float_array><technique_common><accessor source="#LeftForeArm-Matrix-animation-input-array" count="20"><param name="TIME" type="float"/></accessor></technique_common></source><source id="LeftForeArm-Matrix-animation-output-transform"><float_array id="LeftForeArm-Matrix-animation-output-transform-array" count="320">

0.360953 0.021978 -0.932325 25.557899 -0.023761 0.999614 0.014365 -0.397400 0.932281 0.016968 0.361336 -0.827100 0.000000 0.000000 0.000000 1.000000
0.208580 0.019167 -0.977818 25.557899 -0.021381 0.999658 0.015034 -0.397400 0.977772 0.017771 0.208918 -0.827100 0.000000 0.000000 0.000000 1.000000
0.193316 0.018885 -0.980955 25.557899 -0.021143 0.999663 0.015079 -0.397400 0.980909 0.017826 0.193650 -0.827100 0.000000 0.000000 0.000000 1.000000
0.273802 0.020369 -0.961570 25.557899 -0.022399 0.999640 0.014798 -0.397400 0.961525 0.017487 0.274160 -0.827100 0.000000 0.000000 0.000000 1.000000
0.297500 0.020806 -0.954495 25.557899 -0.022769 0.999633 0.014694 -0.397400 0.954450 0.017361 0.297864 -0.827100 0.000000 0.000000 0.000000 1.000000
0.202694 0.019058 -0.979057 25.557899 -0.021289 0.999660 0.015052 -0.397400 0.979011 0.017792 0.203030 -0.827100 0.000000 0.000000 0.000000 1.000000
0.003817 0.015401 -0.999874 25.557899 -0.018194 0.999717 0.015329 -0.397400 0.999827 0.018133 0.004096 -0.827100 0.000000 0.000000 0.000000 1.000000
-0.165002 0.012297 -0.986216 25.557899 -0.015574 0.999765 0.015072 -0.397400 0.986170 0.017846 -0.164772 -0.827100 0.000000 0.000000 0.000000 1.000000
-0.177144 0.012073 -0.984111 25.557899 -0.015385 0.999769 0.015035 -0.397400 0.984065 0.017804 -0.176917 -0.827100 0.000000 0.000000 0.000000 1.000000
-0.116706 0.013183 -0.993079 25.557899 -0.016322 0.999751 0.015189 -0.397400 0.993032 0.017982 -0.116462 -0.827100 0.000000 0.000000 0.000000 1.000000
-0.171198 0.012183 -0.985161 25.557899 -0.015477 0.999767 0.015053 -0.397400 0.985115 0.017825 -0.170970 -0.827100 0.000000 0.000000 0.000000 1.000000
-0.320747 0.009441 -0.947118 25.557899 -0.013163 0.999809 0.014424 -0.397400 0.947074 0.017093 -0.320561 -0.827100 0.000000 0.000000 0.000000 1.000000
-0.407787 0.007848 -0.913043 25.557899 -0.011819 0.999834 0.013873 -0.397400 0.913001 0.016448 -0.407627 -0.827100 0.000000 0.000000 0.000000 1.000000
-0.378205 0.008389 -0.925684 25.557899 -0.012275 0.999826 0.014077 -0.397400 0.925641 0.016687 -0.378036 -0.827100 0.000000 0.000000 0.000000 1.000000
-0.251774 0.010705 -0.967727 25.557899 -0.014229 0.999790 0.014762 -0.397400 0.967681 0.017487 -0.251569 -0.827100 0.000000 0.000000 0.000000 1.000000
-0.030477 0.014766 -0.999426 25.557899 -0.017661 0.999727 0.015309 -0.397400 0.999379 0.018117 -0.030208 -0.827100 0.000000 0.000000 0.000000 1.000000
0.248072 0.019895 -0.968537 25.557899 -0.021997 0.999647 0.014900 -0.397400 0.968492 0.017609 0.248422 -0.827100 0.000000 0.000000 0.000000 1.000000
