<?xml version="1.0" encoding="utf-8"?>
<COLLADA xmlns="http://www.collada.org/2005/11/COLLADASchema" version="1.4.1">
  <asset><contributor><author>Mixamo</author><authoring_tool>COLLADA Mixamo exporter</authoring_tool><comments></comments></contributor><created>2018-10-30T17:45:50Z</created><modified>2018-10-30T17:45:50Z</modified><revision></revision><title></title><unit meter="0.010000"/><up_axis>Y_UP</up_axis></asset>
  <library_animations>
    <animation id="Hips-anim" name="Hips"><source id="Hips-Matrix-animation-input"><float_array id="Hips-Matrix-animation-input-array" count="20">

0.000000 0.033333 0.066667 0.100000 0.133333 0.166667 0.200000 0.233333 0.266667 0.300000 0.333333 0.366667 0.400000 0.433333 0.466667 0.500000
0.533333 0.566667 0.600000 0.633333</float_array><technique_common><accessor source="#Hips-Matrix-animation-input-array" count="20"><param name="TIME" type="float"/></accessor></technique_common></source><source id="Hips-Matrix-animation-output-transform"><float_array id="Hips-Matrix-animation-output-transform-array" count="320">

0.999230 -0.010567 0.037786 0.122480 0.010641 0.999942 -0.001766 84.230064 -0.037765 0.002167 0.999284 0.713736 0.000000 0.000000 0.000000 1.000000
0.999173 0.006621 0.040131 -0.435088 -0.007436 0.999768 0.020204 83.532394 -0.039988 -0.020486 0.998990 -7.682839 0.000000 0.000000 0.000000 1.000000
0.993439 0.013856 0.113524 -0.783395 -0.020171 0.998301 0.054669 84.015915 -0.112574 -0.056600 0.992030 -16.063843 0.000000 0.000000 0.000000 1.000000
0.982819 0.020299 0.183452 -0.799136 -0.033842 0.996902 0.070995 85.018089 -0.181442 -0.075984 0.980462 -25.338224 0.000000 0.000000 0.000000 1.000000
0.981703 0.030572 0.187950 -0.643339 -0.040186 0.998060 0.047550 86.303558 -0.186132 -0.054233 0.981027 -35.056587 0.000000 0.000000 0.000000 1.000000
0.988213 0.041340 0.147397 -0.402744 -0.042483 0.999087 0.004611 87.394562 -0.147072 -0.010819 0.989067 -44.387215 0.000000 0.000000 0.000000 1.000000
0.992281 0.055081 0.111102 0.048717 -0.051153 0.997971 -0.037901 87.885750 -0.112964 0.031925 0.993086 -54.859592 0.000000 0.000000 0.000000 1.000000
0.993769 0.067912 0.088380 0.759227 -0.063159 0.996459 -0.055507 87.779587 -0.091836 0.049579 0.994539 -66.187302 0.000000 0.000000 0.000000 1.000000
0.994711 0.073108 0.072154 1.466269 -0.070335 0.996711 -0.040256 85.732628 -0.074860 0.034968 0.996581 -76.682007 0.000000 0.000000 0.000000 1.000000
0.997024 0.056239 0.052733 2.059251 -0.056097 0.998417 -0.004173 83.494095 -0.052884 0.001203 0.998600 -87.187454 0.000000 0.000000 0.000000 1.000000
0.999430 0.027470 0.019640 2.559150 -0.027770 0.999499 0.015192 82.097107 -0.019212 -0.015728 0.999692 -97.081345 0.000000 0.000000 0.000000 1.000000
0.999801 0.014193 -0.013986 2.920404 -0.013788 0.999494 0.028647 82.382713 0.014386 -0.028449 0.999492 -106.139931 0.000000 0.000000 0.000000 1.000000
0.999586 0.005783 -0.028183 2.909883 -0.004155 0.998337 0.057498 83.586884 0.028468 -0.057358 0.997948 -115.359756 0.000000 0.000000 0.000000 1.000000
0.999934 -0.009212 -0.006841 2.338635 0.009640 0.997804 0.065536 85.281021 0.006222 -0.065597 0.997827 -125.265846 0.000000 0.000000 0.000000 1.000000
0.998663 -0.022482 0.046539 1.722005 0.020821 0.999140 0.035866 87.006187 -0.047305 -0.034849 0.998272 -134.537598 0.000000 0.000000 0.000000 1.000000
0.994817 -0.025881 0.098336 1.202098 0.027481 0.999511 -0.014950 88.158768 -0.097901 0.017575 0.995041 -144.986679 0.000000 0.000000 0.000000 1.000000
0.991624 -0.021282 0.127395 0.820061 0.027174 0.998631 -0.044691 88.273514 -0.126270 0.047778 0.990845 -155.817383 0.000000 0.000000 0.000000 1.000000
0.992586 -0.024360 0.119078 0.595037 0.029327 0.998764 -0.040140 87.270744 -0.117953 0.043334 0.992073 -166.017212 0.000000 0.000000 0.000000 1.000000
0.997042 -0.027953 0.071588 0.409515 0.028818 0.999523 -0.011074 85.675865 -0.071245 0.013104 0.997373 -176.454697 0.000000 0.000000 0.000000 1.000000
0.999230 -0.010567 0.037786 0.122478 0.010641 0.999942 -0.001766 84.230080 -0.037765 0.002167 0.999284 -186.610306 0.000000 0.000000 0.000000 1.000000</float_array><technique_common><accessor source="#Hips-Matrix-animation-output-transform-array" count="20" stride="16"><param type="float4x4"/></accessor></technique_common></source><source id="Hips-Interpolations"><Name_array id="Hips-Interpolations-array" count="20">
 LINEAR LINEAR LINEAR LINEAR LINEAR LINEAR LINEAR LINEAR LINEAR LINEAR LINEAR
LINEAR LINEAR LINEAR LINEAR LINEAR LINEAR LINEAR LINEAR LINEAR</Name_array><technique_common><accessor source="#Hips-Interpolations-array" count="20"><param type="name"/></accessor></technique_common></source><sampler id="Hips-Matrix-animation-transform"><input semantic="INPUT" source="#Hips-Matrix-animation-input"/><input semantic="OUTPUT" source="#Hips-Matrix-animation-output-transform"/><input semantic="INTERPOLATION" source="#Hips-Interpolations"/></sampler><channel source="#Hips-Matrix-animation-transform" target="Hips/matrix"/></animation>
    <animation id="Spine-anim" name="Spine"><source id="Spine-Matrix-animation-input"><float_array id="Spine-Matrix-animation-input-array" count="20">

0.000000 0.033333 0.066667 0.100000 0.133333 0.166667 0.200000 0.233333 0.266667 0.300000 0.333333 0.366667 0.400000 0.433333 0.466667 0.500000
0.533333 0.566667 0.600000 0.633333</float_array><technique_common><accessor source="#Spine-Matrix-animation-input-array" count="20"><param name="TIME" type="float"/></accessor></technique_common></source><source id="Spine-Matrix-animation-output-transform"><float_array id="Spine-Matrix-animation-output-transform-array" count="320">

0.999304 -0.005863 0.036837 0.017300 0.015619 0.962592 -0.270506 10.574800 -0.033873 0.270893 0.962013 -1.117200 0.000000 0.000000 0.000000 1.000000
0.999817 -0.018934 -0.002756 0.017300 0.017554 0.965008 -0.261633 10.574800 0.007613 0.261537 0.965163 -1.117200 0.000000 0.000000 0.000000 1.000000
0.995878 -0.036021 -0.083242 0.017300 0.013032 0.965060 -0.261705 10.574800 0.089760 0.259542 0.961551 -1.117200 0.000000 0.000000 0.000000 1.000000
0.986511 -0.044362 -0.157569 0.017300 0.002405 0.966401 -0.257029 10.574800 0.163677 0.253183 0.953472 -1.117200 0.000000 0.000000 0.000000 1.000000
0.984132 -0.031242 -0.174665 0.017300 -0.007501 0.976172 -0.216869 10.574800 0.177279 0.214738 0.960448 -1.117200 0.000000 0.000000 0.000000 1.000000
0.990586 -0.007328 -0.136695 0.017300 -0.014663 0.987141 -0.159176 10.574800 0.136103 0.159682 0.977741 -1.117200 0.000000 0.000000 0.000000 1.000000
0.996190 0.002888 -0.087163 0.017300 -0.015471 0.989453 -0.144026 10.574800 0.085828 0.144825 0.985728 -1.117200 0.000000 0.000000 0.000000 1.000000
0.998241 -0.004054 -0.059146 0.017300 -0.006579 0.983925 -0.178463 10.574800 0.058918 0.178539 0.982167 -1.117200 0.000000 0.000000 0.000000 1.000000
0.998601 -0.005122 -0.052621 0.017300 -0.006900 0.974157 -0.225767 10.574800 0.052418 0.225815 0.972759 -1.117200 0.000000 0.000000 0.000000 1.000000
0.999080 0.014567 -0.040331 0.017300 -0.024738 0.964033 -0.264627 10.574800 0.035025 0.265381 0.963507 -1.117200 0.000000 0.000000 0.000000 1.000000
0.999058 0.043248 0.003440 0.017300 -0.040544 0.958936 -0.280710 10.574800 -0.015439 0.280306 0.959786 -1.117200 0.000000 0.000000 0.000000 1.000000
0.995624 0.060802 0.070961 0.017300 -0.038507 0.958844 -0.281309 10.574800 -0.085145 0.277345 0.956990 -1.117200 0.000000 0.000000 0.000000 1.000000
0.989707 0.066317 0.126812 0.017300 -0.027885 0.958528 -0.283631 10.574800 -0.140362 0.277176 0.950511 -1.117200 0.000000 0.000000 0.000000 1.000000
0.986670 0.068543 0.147594 0.017300 -0.027218 0.963701 -0.265593 10.574800 -0.160441 0.258036 0.952720 -1.117200 0.000000 0.000000 0.000000 1.000000
0.988678 0.062992 0.136194 0.017300 -0.032318 0.975709 -0.216675 10.574800 -0.146534 0.209820 0.966697 -1.117200 0.000000 0.000000 0.000000 1.000000
0.992858 0.047834 0.109293 0.017300 -0.026728 0.982000 -0.186981 10.574800 -0.116269 0.182724 0.976265 -1.117200 0.000000 0.000000 0.000000 1.000000
0.995459 0.030441 0.090194 0.017300 -0.012237 0.980550 -0.195887 10.574800 -0.094402 0.193893 0.976470 -1.117200 0.000000 0.000000 0.000000 1.000000
0.996544 0.020865 0.080404 0.017300 -0.002723 0.975625 -0.219428 10.574800 -0.083022 0.218451 0.972310 -1.117200 0.000000 0.000000 0.000000 1.000000
0.997912 0.013607 0.063133 0.017300 0.002557 0.968461 -0.249150 10.574800 -0.064532 0.248792 0.966405 -1.117200 0.000000 0.000000 0.000000 1.000000
0.999304 -0.005863 0.036837 0.017300 0.015619 0.962592 -0.270506 10.574800 -0.033873 0.270893 0.962013 -1.117200 0.000000 0.000000 0.000000 1.000000</float_array><technique_common><accessor source="#Spine-Matrix-animation-output-transform-array" count="20" stride="16"><param type="float4x4"/></accessor></technique_common></source><source id="Spine-Interpolations"><Name_array id="Spine-Interpolations-array" count="20">
 LINEAR LINEAR LINEAR LINEAR LINEAR LINEAR LINEAR LINEAR LINEAR LINEAR LINEAR
LINEAR LINEAR LINEAR LINEAR LINEAR LINEAR LINEAR LINEAR LINEAR</Name_array><technique_common><accessor source="#Spine-Interpolations-array" count="20"><param type="name"/></accessor></technique_common></source><sampler id="Spine-Matrix-animation-transform"><input semantic="INPUT" source="#Spine-Matrix-animation-input"/><input semantic="OUTPUT" source="#Spine-Matrix-animation-output-transform"/><input semantic="INTERPOLATION" source="#Spine-Interpolations"/></sampler><channel source="#Spine-Matrix-animation-transform" target="Spine/matrix"/></animation>
    <animation id="Spine1-anim" name="Spine1"><source id="Spine1-Matrix-animation-input"><float_array id="Spine1-Matrix-animation-input-array" count="20">

0.000000 0.033333 0.066667 0.100000 0.133333 0.166667 0.200000 0.233333 0.266667 0.300000 0.333333 0.366667 0.400000 0.433333 0.466667 0.500000
0.533333 0.566667 0.600000 0.633333</float_array><technique_common><accessor source="#Spine1-Matrix-animation-input-array" count="20"><param name="TIME" type="float"/></accessor></technique_common></source><source id="Spine1-Matrix-animation-output-transform"><float_array id="Spine1-Matrix-animation-output-transform-array" count="320">

0.999927 -0.007994 0.009105 0.019000 0.008397 0.998945 -0.045145 12.337300 -0.008735 0.045218 0.998939 -1.303400 0.000000 0.000000 0.000000 1.000000
0.999934 -0.011291 -0.002046 0.019000 0.011189 0.998953 -0.044351 12.337300 0.002545 0.044325 0.999014 -1.303400 0.000000 0.000000 0.000000 1.000000
0.999653 -0.010521 -0.024141 0.019000 0.009531 0.999124 -0.040751 12.337300 0.024549 0.040506 0.998878 -1.303400 0.000000 0.000000 0.000000 1.000000
0.998994 -0.006842 -0.044323 0.019000 0.005099 0.999214 -0.039301 12.337300 0.044557 0.039036 0.998244 -1.303400 0.000000 0.000000 0.000000 1.000000
0.998814 -0.004722 -0.048453 0.019000 0.002270 0.998720 -0.050534 12.337300 0.048630 0.050365 0.997546 -1.303400 0.000000 0.000000 0.000000 1.000000
0.999286 -0.005465 -0.037395 0.019000 0.003024 0.997878 -0.065044 12.337300 0.037671 0.064884 0.997182 -1.303400 0.000000 0.000000 0.000000 1.000000
0.999698 -0.006362 -0.023721 0.019000 0.004893 0.998096 -0.061493 12.337300 0.024067 0.061358 0.997826 -1.303400 0.000000 0.000000 0.000000 1.000000
0.999843 -0.006345 -0.016546 0.019000 0.005558 0.998871 -0.047184 12.337300 0.016826 0.047085 0.998749 -1.303400 0.000000 0.000000 0.000000 1.000000
0.999873 -0.006243 -0.014669 0.019000 0.005619 0.999092 -0.042236 12.337300 0.014919 0.042148 0.999000 -1.303400 0.000000 0.000000 0.000000 1.000000
0.999933 -0.005161 -0.010331 0.019000 0.004691 0.998973 -0.045066 12.337300 0.010553 0.045015 0.998931 -1.303400 0.000000 0.000000 0.000000 1.000000
0.999992 -0.002921 0.002824 0.019000 0.003051 0.998874 -0.047337 12.337300 -0.002682 0.047345 0.998875 -1.303400 0.000000 0.000000 0.000000 1.000000
0.999761 -0.001476 0.021831 0.019000 0.002514 0.998863 -0.047601 12.337300 -0.021736 0.047644 0.998628 -1.303400 0.000000 0.000000 0.000000 1.000000
0.999316 -0.001906 0.036944 0.019000 0.003635 0.998897 -0.046807 12.337300 -0.036814 0.046910 0.998221 -1.303400 0.000000 0.000000 0.000000 1.000000
0.999098 -0.003654 0.042302 0.019000 0.005842 0.998645 -0.051705 12.337300 -0.042055 0.051905 0.997766 -1.303400 0.000000 0.000000 0.000000 1.000000
0.999243 -0.004339 0.038651 0.019000 0.006699 0.998108 -0.061122 12.337300 -0.038313 0.061335 0.997382 -1.303400 0.000000 0.000000 0.000000 1.000000
0.999517 -0.003571 0.030856 0.019000 0.005373 0.998271 -0.058535 12.337300 -0.030594 0.058673 0.997808 -1.303400 0.000000 0.000000 0.000000 1.000000
0.999673 -0.004897 0.025094 0.019000 0.006110 0.998805 -0.048496 12.337300 -0.024826 0.048633 0.998508 -1.303400 0.000000 0.000000 0.000000 1.000000
0.999733 -0.007126 0.021966 0.019000 0.008129 0.998911 -0.045942 12.337300 -0.021615 0.046108 0.998703 -1.303400 0.000000 0.000000 0.000000 1.000000
0.999831 -0.006874 0.017047 0.019000 0.007659 0.998893 -0.046405 12.337300 -0.016709 0.046527 0.998777 -1.303400 0.000000 0.000000 0.000000 1.000000
0.999927 -0.007994 0.009105 0.019000 0.008397 0.998945 -0.045145 12.337300 -0.008735 0.045218 0.998939 -1.303400 0.000000 0.000000 0.000000 1.000000</float_array><technique_common><accessor source="#Spine1-Matrix-animation-output-transform-array" count="20" stride="16"><param type="float4x4"/></accessor></technique_common></source><source id="Spine1-Interpolations"><Name_array id="Spine1-Interpolations-array" count="20">
 LINEAR LINEAR LINEAR LINEAR LINEAR LINEAR LINEAR LINEAR LINEAR LINEAR LINEAR
LINEAR LINEAR LINEAR LINEAR LINEAR LINEAR LINEAR LINEAR LINEAR</Name_array><technique_common><accessor source="#Spine1-Interpolations-array" count="20"><param type="name"/></accessor></technique_common></source><sampler id="Spine1-Matrix-animation-transform"><input semantic="INPUT" source="#Spine1-Matrix-animation-input"/><input semantic="OUTPUT" source="#Spine1-Matrix-animation-output-transform"/><input semantic="INTERPOLATION" source="#Spine1-Interpolations"/></sampler><channel source="#Spine1-Matrix-animation-transform" target="Spine1/matrix"/></animation>
    <animation id="Spine2-anim" name="Spine2"><source id="Spine2-Matrix-animation-input"><float_array id="Spine2-Matrix-animation-input-array" count="20">

0.000000 0.033333 0.066667 0.100000 0.133333 0.166667 0.200000 0.233333 0.266667 0.300000 0.333333 0.366667 0.400000 0.433333 0.466667 0.500000
0.533333 0.566667 0.600000 0.633333</float_array><technique_common><accessor source="#Spine2-Matrix-animation-input-array" count="20"><param name="TIME" type="float"/></accessor></technique_common></source><source id="Spine2-Matrix-animation-output-transform"><float_array id="Spine2-Matrix-animation-output-transform-array" count="320">

0.999932 -0.007861 0.008663 0.021700 0.008245 0.998944 -0.045202 14.099800 -0.008298 0.045270 0.998940 -1.489600 0.000000 0.000000 0.000000 1.000000
0.999931 -0.011479 -0.002501 0.021700 0.011357 0.998953 -0.044308 14.099800 0.003007 0.044276 0.999015 -1.489600 0.000000 0.000000 0.000000 1.000000
0.999640 -0.011304 -0.024344 0.021700 0.010307 0.999119 -0.040672 14.099800 0.024783 0.040406 0.998876 -1.489600 0.000000 0.000000 0.000000 1.000000
0.998990 -0.007969 -0.044214 0.021700 0.006229 0.999206 -0.039356 14.099800 0.044493 0.039041 0.998247 -1.489600 0.000000 0.000000 0.000000 1.000000
0.998819 -0.005398 -0.048292 0.021700 0.002946 0.998709 -0.050709 14.099800 0.048503 0.050507 0.997545 -1.489600 0.000000 0.000000 0.000000 1.000000
0.999284 -0.005484 -0.037433 0.021700 0.003035 0.997870 -0.065169 14.099800 0.037711 0.065009 0.997172 -1.489600 0.000000 0.000000 0.000000 1.000000
0.999693 -0.006411 -0.023917 0.021700 0.004929 0.998094 -0.061520 14.099800 0.024266 0.061383 0.997819 -1.489600 0.000000 0.000000 0.000000 1.000000
0.999837 -0.006764 -0.016747 0.021700 0.005967 0.998869 -0.047176 14.099800 0.017047 0.047069 0.998746 -1.489600 0.000000 0.000000 0.000000 1.000000
0.999866 -0.006762 -0.014890 0.021700 0.006128 0.999089 -0.042231 14.099800 0.015162 0.042134 0.998997 -1.489600 0.000000 0.000000 0.000000 1.000000
0.999928 -0.005528 -0.010687 0.021700 0.005041 0.998971 -0.045068 14.099800 0.010925 0.045011 0.998927 -1.489600 0.000000 0.000000 0.000000 1.000000
0.999993 -0.002958 0.002295 0.021700 0.003064 0.998873 -0.047363 14.099800 -0.002152 0.047370 0.998875 -1.489600 0.000000 0.000000 0.000000 1.000000
0.999776 -0.001000 0.021163 0.021700 0.002008 0.998860 -0.047700 14.099800 -0.021091 0.047732 0.998637 -1.489600 0.000000 0.000000 0.000000 1.000000
0.999345 -0.001033 0.036173 0.021700 0.002734 0.998890 -0.047016 14.099800 -0.036085 0.047084 0.998239 -1.489600 0.000000 0.000000 0.000000 1.000000
0.999134 -0.002915 0.041497 0.021700 0.005072 0.998636 -0.051968 14.099800 -0.041289 0.052133 0.997786 -1.489600 0.000000 0.000000 0.000000 1.000000
0.999271 -0.004025 0.037968 0.021700 0.006350 0.998098 -0.061325 14.099800 -0.037649 0.061521 0.997395 -1.489600 0.000000 0.000000 0.000000 1.000000
0.999534 -0.003284 0.030335 0.021700 0.005060 0.998265 -0.058660 14.099800 -0.030090 0.058786 0.997817 -1.489600 0.000000 0.000000 0.000000 1.000000
0.999689 -0.004383 0.024555 0.021700 0.005574 0.998801 -0.048627 14.099800 -0.024313 0.048748 0.998515 -1.489600 0.000000 0.000000 0.000000 1.000000
0.999750 -0.006625 0.021354 0.021700 0.007604 0.998908 -0.046089 14.099800 -0.021025 0.046239 0.998709 -1.489600 0.000000 0.000000 0.000000 1.000000
0.999842 -0.006558 0.016513 0.021700 0.007320 0.998891 -0.046508 14.099800 -0.016190 0.046622 0.998781 -1.489600 0.000000 0.000000 0.000000 1.000000
0.999932 -0.007861 0.008663 0.021700 0.008245 0.998944 -0.045202 14.099800 -0.008298 0.045270 0.998940 -1.489600 0.000000 0.000000 0.000000 1.000000</float_array><technique_common><accessor source="#Spine2-Matrix-animation-output-transform-array" count="20" stride="16"><param type="float4x4"/></accessor></technique_common></source><source id="Spine2-Interpolations"><Name_array id="Spine2-Interpolations-array" count="20">
 LINEAR LINEAR LINEAR LINEAR LINEAR LINEAR LINEAR LINEAR LINEAR LINEAR LINEAR
LINEAR LINEAR LINEAR LINEAR LINEAR LINEAR LINEAR LINEAR LINEAR</Name_array><technique_common><accessor source="#Spine2-Interpolations-array" count="20"><param type="name"/></accessor></technique_common></source><sampler id="Spine2-Matrix-animation-transform"><input semantic="INPUT" source="#Spine2-Matrix-animation-input"/><input semantic="OUTPUT" source="#Spine2-Matrix-animation-output-transform"/><input semantic="INTERPOLATION" source="#Spine2-Interpolations"/></sampler><channel source="#Spine2-Matrix-animation-transform" target="Spine2/matrix"/></animation>
    <animation id="Neck-anim" name="Neck"><source id="Neck-Matrix-animation-input"><float_array id="Neck-Matrix-animation-input-array" count="20">

0.000000 0.033333 0.066667 0.100000 0.133333 0.166667 0.200000 0.233333 0.266667 0.300000 0.333333 0.366667 0.400000 0.433333 0.466667 0.500000
0.533333 0.566667 0.600000 0.633333</float_array><technique_common><accessor source="#Neck-Matrix-animation-input-array" count="20"><param name="TIME" type="float"/></accessor></technique_common></source><source id="Neck-Matrix-animation-output-transform"><float_array id="Neck-Matrix-animation-output-transform-array" count="320">

0.999794 -0.015440 -0.013181 0.024400 0.015241 0.999771 -0.015054 15.862300 0.013410 0.014850 0.999800 -1.675800 0.000000 0.000000 0.000000 1.000000
0.999918 -0.011291 -0.005985 0.024400 0.011176 0.999757 -0.018976 15.862300 0.006198 0.018907 0.999802 -1.675800 0.000000 0.000000 0.000000 1.000000
0.999947 -0.010229 0.001263 0.024400 0.010260 0.999579 -0.027154 15.862300 -0.000984 0.027165 0.999630 -1.675800 0.000000 0.000000 0.000000 1.000000
0.999916 -0.011141 0.006599 0.024400 0.011354 0.999386 -0.033152 15.862300 -0.006225 0.033224 0.999429 -1.675800 0.000000 0.000000 0.000000 1.000000
0.999893 -0.011971 0.008464 0.024400 0.012255 0.999336 -0.034301 15.862300 -0.008048 0.034401 0.999376 -1.675800 0.000000 0.000000 0.000000 1.000000
0.999900 -0.012394 0.006833 0.024400 0.012618 0.999351 -0.033728 15.862300 -0.006411 0.033811 0.999408 -1.675800 0.000000 0.000000 0.000000 1.000000
0.999900 -0.013806 0.003120 0.024400 0.013900 0.999379 -0.032369 15.862300 -0.002671 0.032409 0.999471 -1.675800 0.000000 0.000000 0.000000 1.000000
0.999873 -0.015930 -0.000034 0.024400 0.015922 0.999456 -0.028878 15.862300 0.000494 0.028874 0.999583 -1.675800 0.000000 0.000000 0.000000 1.000000
0.999836 -0.018051 -0.001134 0.024400 0.018019 0.999562 -0.023458 15.862300 0.001557 0.023433 0.999724 -1.675800 0.000000 0.000000 0.000000 1.000000
0.999775 -0.021087 -0.002395 0.024400 0.021043 0.999627 -0.017413 15.862300 0.002761 0.017358 0.999846 -1.675800 0.000000 0.000000 0.000000 1.000000
0.999690 -0.023752 -0.007436 0.024400 0.023642 0.999613 -0.014650 15.862300 0.007781 0.014470 0.999865 -1.675800 0.000000 0.000000 0.000000 1.000000
0.999587 -0.023962 -0.015878 0.024400 0.023661 0.999542 -0.018841 15.862300 0.016322 0.018458 0.999696 -1.675800 0.000000 0.000000 0.000000 1.000000
0.999487 -0.022151 -0.023126 0.024400 0.021501 0.999377 -0.027995 15.862300 0.023732 0.027484 0.999340 -1.675800 0.000000 0.000000 0.000000 1.000000
0.999454 -0.019763 -0.026488 0.024400 0.018814 0.999188 -0.035631 15.862300 0.027171 0.035113 0.999014 -1.675800 0.000000 0.000000 0.000000 1.000000
0.999436 -0.019279 -0.027481 0.024400 0.018278 0.999176 -0.036228 15.862300 0.028157 0.035705 0.998966 -1.675800 0.000000 0.000000 0.000000 1.000000
0.999399 -0.020585 -0.027899 0.024400 0.019759 0.999368 -0.029553 15.862300 0.028489 0.028984 0.999174 -1.675800 0.000000 0.000000 0.000000 1.000000
0.999431 -0.019572 -0.027480 0.024400 0.018990 0.999593 -0.021277 15.862300 0.027885 0.020743 0.999396 -1.675800 0.000000 0.000000 0.000000 1.000000
0.999537 -0.017275 -0.025057 0.024400 0.016825 0.999695 -0.018074 15.862300 0.025362 0.017644 0.999523 -1.675800 0.000000 0.000000 0.000000 1.000000
0.999656 -0.016894 -0.020055 0.024400 0.016526 0.999695 -0.018367 15.862300 0.020360 0.018029 0.999630 -1.675800 0.000000 0.000000 0.000000 1.000000
0.999794 -0.015440 -0.013181 0.024400 0.015241 0.999771 -0.015054 15.862300 0.013410 0.014850 0.999800 -1.675800 0.000000 0.000000 0.000000 1.000000</float_array><technique_common><accessor source="#Neck-Matrix-animation-output-transform-array" count="20" stride="16"><param type="float4x4"/></accessor></technique_common></source><source id="Neck-Interpolations"><Name_array id="Neck-Interpolations-array" count="20">
 LINEAR LINEAR LINEAR LINEAR LINEAR LINEAR LINEAR LINEAR LINEAR LINEAR LINEAR
LINEAR LINEAR LINEAR LINEAR LINEAR LINEAR LINEAR LINEAR LINEAR</Name_array><technique_common><accessor source="#Neck-Interpolations-array" count="20"><param type="name"/></accessor></technique_common></source><sampler id="Neck-Matrix-animation-transform"><input semantic="INPUT" source="#Neck-Matrix-animation-input"/><input semantic="OUTPUT" source="#Neck-Matrix-animation-output-transform"/><input semantic="INTERPOLATION" source="#Neck-Interpolations"/></sampler><channel source="#Neck-Matrix-animation-transform" target="Neck/matrix"/></animation>
    <animation id="Head-anim" name="Head"><source id="Head-Matrix-animation-input"><float_array id="Head-Matrix-animation-input-array" count="20">

0.000000 0.033333 0.066667 0.100000 0.133333 0.166667 0.200000 0.233333 0.266667 0.300000 0.333333 0.366667 0.400000 0.433333 0.466667 0.500000
0.533333 0.566667 0.600000 0.633333</float_array><technique_common><accessor source="#Head-Matrix-animation-input-array" count="20"><param name="TIME" type="float"/></accessor></technique_common></source><source id="Head-Matrix-animation-output-transform"><float_array id="Head-Matrix-animation-output-transform-array" count="320">

0.993590 0.084365 -0.075240 -0.000000 -0.066713 0.974945 0.212206 5.564000 0.091257 -0.205826 0.974324 0.988100 0.000000 0.000000 0.000000 1.000000
0.996479 0.079147 -0.027653 -0.000000 -0.072621 0.979665 0.187038 5.564000 0.041894 -0.184371 0.981963 0.988100 0.000000 0.000000 0.000000 1.000000
0.997626 0.067419 0.014020 0.000000 -0.068775 0.985729 0.153653 5.564000 -0.003460 -0.154253 0.988025 0.988100 0.000000 0.000000 0.000000 1.000000
0.997739 0.051641 0.043013 0.000000 -0.056504 0.991066 0.120809 5.564000 -0.036390 -0.122967 0.991743 0.988100 0.000000 0.000000 0.000000 1.000000
0.998163 0.031084 0.051997 0.000000 -0.036721 0.993116 0.111229 5.564000 -0.048182 -0.112934 0.992434 0.988100 0.000000 0.000000 0.000000 1.000000
0.999221 0.008080 0.038639 0.000000 -0.013117 0.991169 0.131954 5.564000 -0.037231 -0.132358 0.990502 0.988100 0.000000 0.000000 0.000000 1.000000
0.999900 -0.007666 0.011852 0.000000 0.005635 0.986642 0.162803 5.564000 -0.012942 -0.162720 0.986587 0.988100 0.000000 0.000000 0.000000 1.000000
0.999882 -0.012376 -0.009133 0.000000 0.013859 0.982462 0.185945 5.564000 0.006671 -0.186049 0.982518 0.988100 0.000000 0.000000 0.000000 1.000000
0.999796 -0.014193 -0.014352 -0.000000 0.016801 0.979245 0.201984 5.564000 0.011187 -0.202184 0.979284 0.988100 0.000000 0.000000 0.000000 1.000000
0.999639 -0.018293 -0.019678 0.000000 0.022097 0.976394 0.214863 5.564000 0.015283 -0.215220 0.976446 0.988100 0.000000 0.000000 0.000000 1.000000
0.998643 -0.012530 -0.050550 -0.000000 0.023599 0.974131 0.224748 5.564000 0.046426 -0.225635 0.973105 0.988100 0.000000 0.000000 0.000000 1.000000
0.994420 0.009685 -0.105051 0.000000 0.013611 0.975677 0.218791 5.564000 0.104615 -0.219000 0.970100 0.988100 0.000000 0.000000 0.000000 1.000000
0.987189 0.024753 -0.157624 0.000000 0.004432 0.983258 0.182166 5.564000 0.159494 -0.180531 0.970551 0.988100 0.000000 0.000000 0.000000 1.000000
0.980826 0.021835 -0.193656 -0.000000 0.005359 0.990306 0.138801 5.564000 0.194809 -0.137178 0.971201 0.988100 0.000000 0.000000 0.000000 1.000000
0.977176 0.024006 -0.211072 0.000000 0.004746 0.990879 0.134670 5.564000 0.212380 -0.132598 0.968149 0.988100 0.000000 0.000000 0.000000 1.000000
0.975509 0.040231 -0.216249 0.000000 -0.002380 0.985004 0.172513 5.564000 0.219947 -0.167773 0.960976 0.988100 0.000000 0.000000 0.000000 1.000000
0.974490 0.059451 -0.216415 0.000000 -0.012506 0.977163 0.212124 5.564000 0.224084 -0.204007 0.952978 0.988100 0.000000 0.000000 0.000000 1.000000
0.977796 0.074722 -0.195785 0.000000 -0.028867 0.973389 0.227332 5.564000 0.207562 -0.216632 0.953933 0.988100 0.000000 0.000000 0.000000 1.000000
0.986528 0.081533 -0.141827 -0.000000 -0.048572 0.973842 0.221976 5.564000 0.156216 -0.212096 0.964682 0.988100 0.000000 0.000000 0.000000 1.000000
0.993590 0.084365 -0.075240 0.000000 -0.066713 0.974945 0.212206 5.564000 0.091257 -0.205826 0.974324 0.988100 0.000000 0.000000 0.000000 1.000000</float_array><technique_common><accessor source="#Head-Matrix-animation-output-transform-array" count="20" stride="16"><param type="float4x4"/></accessor></technique_common></source><source id="Head-Interpolations"><Name_array id="Head-Interpolations-array" count="20">
 LINEAR LINEAR LINEAR LINEAR LINEAR LINEAR LINEAR LINEAR LINEAR LINEAR LINEAR
LINEAR LINEAR LINEAR LINEAR LINEAR LINEAR LINEAR LINEAR LINEAR</Name_array><technique_common><accessor source="#Head-Interpolations-array" count="20"><param type="name"/></accessor></technique_common></source><sampler id="Head-Matrix-animation-transform"><input semantic="INPUT" source="#Head-Matrix-animation-input"/><input semantic="OUTPUT" source="#Head-Matrix-animation-output-transform"/><input semantic="INTERPOLATION" source="#Head-Interpolations"/></sampler><channel source="#Head-Matrix-animation-transform" target="Head/matrix"/></animation>
    <animation id="LeftShoulder-anim" name="LeftShoulder"><source id="LeftShoulder-Matrix-animation-input"><float_array id="LeftShoulder-Matrix-animation-input-array" count="20">

0.000000 0.033333 0.066667 0.100000 0.133333 0.166667 0.200000 0.233333 0.266667 0.300000 0.333333 0.366667 0.400000 0.433333 0.466667 0.500000
0.533333 0.566667 0.600000 0.633333</float_array><technique_common><accessor source="#LeftShoulder-Matrix-animation-input-array" count="20"><param name="TIME" type="float"/></accessor></technique_common></source><source id="LeftShoulder-Matrix-animation-output-transform"><float_array id="LeftShoulder-Matrix-animation-output-transform-array" count="320">

0.957654 0.277852 -0.075478 5.935000 -0.279316 0.960154 -0.009375 13.670200 0.069866 0.030060 0.997103 -1.662600 0.000000 0.000000 0.000000 1.000000
0.960696 0.266302 -0.078404 5.935000 -0.267822 0.963423 -0.009358 13.670200 0.073044 0.029988 0.996878 -1.662600 0.000000 0.000000 0.000000 1.000000
0.962606 0.250865 -0.102262 5.935000 -0.253007 0.967429 -0.008333 13.670200 0.096841 0.033894 0.994723 -1.662600 0.000000 0.000000 0.000000 1.000000
0.962759 0.235020 -0.133644 5.935000 -0.238122 0.971207 -0.007487 13.670200 0.128036 0.039031 0.991001 -1.662600 0.000000 0.000000 0.000000 1.000000
0.961981 0.231555 -0.144828 5.935000 -0.235037 0.971960 -0.007169 13.670200 0.139107 0.040937 0.989431 -1.662600 0.000000 0.000000 0.000000 1.000000
0.958746 0.248705 -0.137666 5.935000 -0.251985 0.967708 -0.006656 13.670200 0.131566 0.041071 0.990456 -1.662600 0.000000 0.000000 0.000000 1.000000
0.951963 0.274386 -0.135938 5.935000 -0.277720 0.960644 -0.005822 13.670200 0.128990 0.043295 0.990700 -1.662600 0.000000 0.000000 0.000000 1.000000
0.946711 0.289394 -0.141383 5.935000 -0.292984 0.956105 -0.004812 13.670200 0.133784 0.045978 0.989943 -1.662600 0.000000 0.000000 0.000000 1.000000
0.948347 0.284184 -0.140989 5.935000 -0.287730 0.957698 -0.005007 13.670200 0.133602 0.045315 0.989999 -1.662600 0.000000 0.000000 0.000000 1.000000
0.954570 0.265608 -0.135089 5.935000 -0.268855 0.963162 -0.006047 13.670200 0.128507 0.042091 0.990815 -1.662600 0.000000 0.000000 0.000000 1.000000
0.956575 0.261459 -0.128856 5.935000 -0.264453 0.964377 -0.006389 13.670200 0.122595 0.040188 0.991643 -1.662600 0.000000 0.000000 0.000000 1.000000
0.954709 0.275209 -0.113101 5.935000 -0.277738 0.960632 -0.006938 13.670200 0.106739 0.038036 0.993559 -1.662600 0.000000 0.000000 0.000000 1.000000
0.959762 0.266922 -0.087235 5.935000 -0.268681 0.963188 -0.008872 13.670200 0.081656 0.031954 0.996148 -1.662600 0.000000 0.000000 0.000000 1.000000
0.969248 0.233540 -0.077577 5.935000 -0.234935 0.971967 -0.009234 13.670200 0.073246 0.027176 0.996944 -1.662600 0.000000 0.000000 0.000000 1.000000
0.971304 0.220459 -0.089256 5.935000 -0.222107 0.974982 -0.008852 13.670200 0.085072 0.028422 0.995969 -1.662600 0.000000 0.000000 0.000000 1.000000
0.963586 0.248830 -0.097909 5.935000 -0.250809 0.968001 -0.008254 13.670200 0.092722 0.032510 0.995161 -1.662600 0.000000 0.000000 0.000000 1.000000
0.949725 0.297251 -0.098307 5.935000 -0.299411 0.954093 -0.007661 13.670200 0.091517 0.036709 0.995127 -1.662600 0.000000 0.000000 0.000000 1.000000
0.942212 0.321342 -0.094741 5.935000 -0.323483 0.946202 -0.007763 13.670200 0.087149 0.037962 0.995472 -1.662600 0.000000 0.000000 0.000000 1.000000
0.949288 0.302753 -0.084816 5.935000 -0.304546 0.952457 -0.008754 13.670200 0.078134 0.034140 0.996358 -1.662600 0.000000 0.000000 0.000000 1.000000
0.957654 0.277852 -0.075478 5.935000 -0.279316 0.960153 -0.009375 13.670200 0.069866 0.030060 0.997103 -1.662600 0.000000 0.000000 0.000000 1.000000</float_array><technique_common><accessor source="#LeftShoulder-Matrix-animation-output-transform-array" count="20" stride="16"><param type="float4x4"/></accessor></technique_common></source><source id="LeftShoulder-Interpolations"><Name_array id="LeftShoulder-Interpolations-array" count="20">
 LINEAR LINEAR LINEAR LINEAR LINEAR LINEAR LINEAR LINEAR LINEAR LINEAR LINEAR
LINEAR LINEAR LINEAR LINEAR LINEAR LINEAR LINEAR LINEAR LINEAR</Name_array><technique_common><accessor source="#LeftShoulder-Interpolations-array" count="20"><param type="name"/></accessor></technique_common></source><sampler id="LeftShoulder-Matrix-animation-transform"><input semantic="INPUT" source="#LeftShoulder-Matrix-animation-input"/><input semantic="OUTPUT" source="#LeftShoulder-Matrix-animation-output-transform"/><input semantic="INTERPOLATION" source="#LeftShoulder-Interpolations"/></sampler><channel source="#LeftShoulder-Matrix-animation-transform" target="LeftShoulder/matrix"/></animation>
    <animation id="LeftArm-anim" name="LeftArm"><source id="LeftArm-Matrix-animation-input"><float_array id="LeftArm-Matrix-animation-input-array" count="20">

0.000000 0.033333 0.066667 0.100000 0.133333 0.166667 0.200000 0.233333 0.266667 0.300000 0.333333 0.366667 0.400000 0.433333 0.466667 0.500000
0.533333 0.566667 0.600000 0.633333</float_array><technique_common><accessor source="#LeftArm-Matrix-animation-input-array" count="20"><param name="TIME" type="float"/></accessor></technique_common></source><source id="LeftArm-Matrix-animation-output-transform"><float_array id="LeftArm-Matrix-animation-output-transform-array" count="320">

0.306717 0.927379 0.214226 12.499400 -0.811486 0.372414 -0.450332 -1.650000 -0.497410 -0.035717 0.866780 0.026500 0.000000 0.000000 0.000000 1.000000
0.375183 0.907595 0.188436 12.499400 -0.823106 0.419686 -0.382570 -1.650000 -0.426303 -0.011569 0.904506 0.026500 0.000000 0.000000 0.000000 1.000000
0.464028 0.861056 0.207992 12.499400 -0.779406 0.508450 -0.366066 -1.650000 -0.420957 0.007755 0.907047 0.026500 0.000000 0.000000 0.000000 1.000000
0.569111 0.775532 0.273245 12.499400 -0.705941 0.631228 -0.321247 -1.650000 -0.421617 -0.010070 0.906718 0.026500 0.000000 0.000000 0.000000 1.000000
0.691987 0.648645 0.316881 12.499400 -0.626238 0.757729 -0.183502 -1.650000 -0.359138 -0.071462 0.930545 0.026500 0.000000 0.000000 0.000000 1.000000
0.800789 0.527243 0.284167 12.499400 -0.547541 0.836725 -0.009477 -1.650000 -0.242766 -0.148004 0.958728 0.026500 0.000000 0.000000 0.000000 1.000000
0.844150 0.482240 0.234212 12.499400 -0.511237 0.855625 0.080884 -1.650000 -0.161393 -0.188016 0.968815 0.026500 0.000000 0.000000 0.000000 1.000000
0.832621 0.510188 0.215523 12.499400 -0.530065 0.846862 0.043079 -1.650000 -0.160539 -0.150110 0.975548 0.026500 0.000000 0.000000 0.000000 1.000000
0.801539 0.571347 0.176346 12.499400 -0.567149 0.819869 -0.078467 -1.650000 -0.189412 -0.037120 0.981196 0.026500 0.000000 0.000000 0.000000 1.000000
0.752232 0.651748 0.096806 12.499400 -0.624907 0.752263 -0.208785 -1.650000 -0.208899 0.096560 0.973158 0.026500 0.000000 0.000000 0.000000 1.000000
0.684837 0.727797 0.036192 12.499400 -0.680431 0.656462 -0.325685 -1.650000 -0.260792 0.198415 0.944785 0.026500 0.000000 0.000000 0.000000 1.000000
0.628200 0.777154 0.037377 12.499400 -0.682935 0.573781 -0.452079 -1.650000 -0.372781 0.258470 0.891195 0.026500 0.000000 0.000000 0.000000 1.000000
0.575336 0.812387 0.094956 12.499400 -0.636386 0.517547 -0.571977 -1.650000 -0.513811 0.268650 0.814755 0.026500 0.000000 0.000000 0.000000 1.000000
0.496294 0.845666 0.196321 12.499400 -0.562644 0.485529 -0.669099 -1.650000 -0.661154 0.221611 0.716774 0.026500 0.000000 0.000000 0.000000 1.000000
0.400504 0.869546 0.288938 12.499400 -0.491161 0.469934 -0.733433 -1.650000 -0.773536 0.151828 0.615298 0.026500 0.000000 0.000000 0.000000 1.000000
0.349253 0.881477 0.317838 12.499400 -0.488541 0.460743 -0.740975 -1.650000 -0.799594 0.103511 0.591553 0.026500 0.000000 0.000000 0.000000 1.000000
0.348225 0.888583 0.298597 12.499400 -0.557840 0.452423 -0.695793 -1.650000 -0.753362 0.075723 0.653232 0.026500 0.000000 0.000000 0.000000 1.000000
0.336266 0.903748 0.264886 12.499400 -0.655082 0.426532 -0.623649 -1.650000 -0.676604 0.036190 0.735457 0.026500 0.000000 0.000000 0.000000 1.000000
0.301579 0.923931 0.235377 12.499400 -0.750953 0.382290 -0.538445 -1.650000 -0.587468 -0.014373 0.809120 0.026500 0.000000 0.000000 0.000000 1.000000
0.306717 0.927379 0.214226 12.499400 -0.811485 0.372414 -0.450332 -1.650000 -0.497410 -0.035717 0.866780 0.026500 0.000000 0.000000 0.000000 1.000000</float_array><technique_common><accessor source="#LeftArm-Matrix-animation-output-transform-array" count="20" stride="16"><param type="float4x4"/></accessor></technique_common></source><source id="LeftArm-Interpolations"><Name_array id="LeftArm-Interpolations-array" count="20">
 LINEAR LINEAR LINEAR LINEAR LINEAR LINEAR LINEAR LINEAR LINEAR LINEAR LINEAR
LINEAR LINEAR LINEAR LINEAR LINEAR LINEAR LINEAR LINEAR LINEAR</Name_array><technique_common><accessor source="#LeftArm-Interpolations-array" count="20"><param type="name"/></accessor></technique_common></source><sampler id="LeftArm-Matrix-animation-transform"><input semantic="INPUT" source="#LeftArm-Matrix-animation-input"/><input semantic="OUTPUT" source="#LeftArm-Matrix-animation-output-transform"/><input semantic="INTERPOLATION" source="#LeftArm-Interpolations"/></sampler><channel source="#LeftArm-Matrix-animation-transform" target="LeftArm/matrix"/></animation>
    <animation id="LeftForeArm-anim" name="LeftForeArm"><source id="LeftForeArm-Matrix-animation-input"><float_array id="LeftForeArm-Matrix-animation-input-array" count="20">

0.000000 0.033333 0.066667 0.100000 0.133333 0.166667 0.200000 0.233333 0.266667 0.300000 0.333333 0.366667 0.400000 0.433333 0.466667 0.500000
0.533333 0.566667 0.600000 0.633333</float_array><technique_common><accessor source="#LeftForeArm-Matrix-animation-input-array" count="20"><param name="TIME" type="float"/></accessor></technique_common></source><source id="LeftForeArm-Matrix-animation-output-transform"><float_array id="LeftForeArm-Matrix-animation-output-transform-array" count="320">

0.617280 0.026722 -0.786289 25.557899 -0.027781 0.999540 0.012160 -0.397400 0.786253 0.014338 0.617739 -0.827100 0.000000 0.000000 0.000000 1.000000
0.463367 0.023871 -0.885845 25.557899 -0.025364 0.999585 0.013668 -0.397400 0.885803 0.016135 0.463780 -0.827100 0.000000 0.000000 0.000000 1.000000
0.186338 0.018757 -0.982307 25.557899 -0.021035 0.999665 0.015098 -0.397400 0.982260 0.017849 0.186670 -0.827100 0.000000 0.000000 0.000000 1.000000
-0.128530 0.012966 -0.991621 25.557899 -0.016139 0.999755 0.015164 -0.397400 0.991574 0.017953 -0.128289 -0.827100 0.000000 0.000000 0.000000 1.000000
-0.352085 0.008867 -0.935926 25.557899 -0.012679 0.999818 0.014242 -0.397400 0.935882 0.016881 -0.351908 -0.827100 0.000000 0.000000 0.000000 1.000000
-0.421845 0.007591 -0.906636 25.557899 -0.011602 0.999838 0.013769 -0.397400 0.906594 0.016327 -0.421689 -0.827100 0.000000 0.000000 0.000000 1.000000
-0.350774 0.008891 -0.936418 25.557899 -0.012699 0.999818 0.014250 -0.397400 0.936374 0.016890 -0.350597 -0.827100 0.000000 0.000000 0.000000 1.000000
-0.186360 0.011905 -0.982409 25.557899 -0.015243 0.999771 0.015007 -0.397400 0.982363 0.017771 -0.186136 -0.827100 0.000000 0.000000 0.000000 1.000000
0.050279 0.016252 -0.998603 25.557899 -0.018916 0.999704 0.015317 -0.397400 0.998556 0.018119 0.050571 -0.827100 0.000000 0.000000 0.000000 1.000000
0.335968 0.021516 -0.941628 25.557899 -0.023370 0.999622 0.014503 -0.397400 0.941584 0.017133 0.336343 -0.827100 0.000000 0.000000 0.000000 1.000000
0.564524 0.025744 -0.825015 25.557899 -0.026952 0.999555 0.012749 -0.397400 0.824977 0.015039 0.564967 -0.827100 0.000000 0.000000 0.000000 1.000000
0.658128 0.027481 -0.752405 25.557899 -0.028424 0.999528 0.011644 -0.397400 0.752369 0.013723 0.658598 -0.827100 0.000000 0.000000 0.000000 1.000000
0.642865 0.027197 -0.765497 25.557899 -0.028184 0.999533 0.011843 -0.397400 0.765461 0.013961 0.643331 -0.827100 0.000000 0.000000 0.000000 1.000000
0.566038 0.025772 -0.823976 25.557899 -0.026975 0.999555 0.012733 -0.397400 0.823938 0.015020 0.566481 -0.827100 0.000000 0.000000 0.000000 1.000000
0.493913 0.024436 -0.869168 25.557899 -0.025843 0.999576 0.013417 -0.397400 0.869127 0.015835 0.494335 -0.827100 0.000000 0.000000 0.000000 1.000000
0.510776 0.024748 -0.859358 25.557899 -0.026107 0.999571 0.013269 -0.397400 0.859318 0.015658 0.511203 -0.827100 0.000000 0.000000 0.000000 1.000000
0.590590 0.026227 -0.806546 25.557899 -0.027361 0.999548 0.012468 -0.397400 0.806508 0.014704 0.591040 -0.827100 0.000000 0.000000 0.000000 1.000000
