<?xml version="1.0" encoding="utf-8"?>
<COLLADA xmlns="http://www.collada.org/2005/11/COLLADASchema" version="1.4.1">
  <asset><contributor><author>Mixamo</author><authoring_tool>COLLADA Mixamo exporter</authoring_tool><comments></comments></contributor><created>2018-12-19T01:06:21Z</created><modified>2018-12-19T01:06:21Z</modified><revision></revision><title></title><unit meter="0.010000"/><up_axis>Y_UP</up_axis></asset>
  <library_animations>
    <animation id="Hips-anim" name="Hips"><source id="Hips-Matrix-animation-input"><float_array id="Hips-Matrix-animation-input-array" count="32">

0.000000 0.033333 0.066667 0.100000 0.133333 0.166667 0.200000 0.233333 0.266667 0.300000 0.333333 0.366667 0.400000 0.433333 0.466667 0.500000
0.533333 0.566667 0.600000 0.633333 0.666667 0.700000 0.733333 0.766667 0.800000 0.833333 0.866667 0.900000 0.933333 0.966667 1.000000 1.033333</float_array><technique_common><accessor source="#Hips-Matrix-animation-input-array" count="32"><param name="TIME" type="float"/></accessor></technique_common></source><source id="Hips-Matrix-animation-output-transform"><float_array id="Hips-Matrix-animation-output-transform-array" count="512">

0.753941 -0.094169 -0.650158 -0.007710 -0.014041 0.987137 -0.159259 80.553772 0.656792 0.129201 0.742921 -0.004617 0.000000 0.000000 0.000000 1.000000
0.779397 -0.062361 -0.623419 0.153481 -0.037211 0.988670 -0.145418 81.572266 0.625424 0.136537 0.768247 0.262763 0.000000 0.000000 0.000000 1.000000
0.803338 -0.033608 -0.594574 0.301412 -0.057952 0.989256 -0.134217 82.474091 0.592697 0.142279 0.792759 0.474263 0.000000 0.000000 0.000000 1.000000
0.826686 -0.014964 -0.562464 0.379299 -0.069946 0.989159 -0.129119 82.958504 0.558298 0.146083 0.816678 0.613245 0.000000 0.000000 0.000000 1.000000
0.852158 -0.001661 -0.523282 0.359003 -0.076645 0.988814 -0.127954 83.237762 0.517641 0.149144 0.842498 0.789109 0.000000 0.000000 0.000000 1.000000
0.876043 0.009359 -0.482143 0.279192 -0.081256 0.988381 -0.128455 83.471535 0.475338 0.151709 0.866624 1.028601 0.000000 0.000000 0.000000 1.000000
0.893020 0.017952 -0.449658 0.100060 -0.085158 0.987892 -0.129682 83.768852 0.441886 0.154101 0.883736 1.466218 0.000000 0.000000 0.000000 1.000000
0.896476 0.024205 -0.442430 -0.039629 -0.090666 0.987401 -0.129691 83.853394 0.433717 0.156378 0.887376 2.145330 0.000000 0.000000 0.000000 1.000000
0.896352 0.028423 -0.442430 -0.052144 -0.095405 0.986929 -0.129883 83.348038 0.432956 0.158631 0.887348 3.359530 0.000000 0.000000 0.000000 1.000000
0.896214 0.030964 -0.442539 -0.012264 -0.098483 0.986556 -0.130415 82.324181 0.432552 0.160462 0.887215 4.639623 0.000000 0.000000 0.000000 1.000000
0.896123 0.032911 -0.442584 -0.068049 -0.100675 0.986324 -0.130499 81.803848 0.432236 0.161500 0.887181 5.029644 0.000000 0.000000 0.000000 1.000000
0.896051 0.034703 -0.442593 -0.154798 -0.102574 0.986148 -0.130344 81.593704 0.431939 0.162194 0.887199 5.063627 0.000000 0.000000 0.000000 1.000000
0.895990 0.036355 -0.442584 -0.218711 -0.104287 0.985997 -0.130130 81.535973 0.431656 0.162751 0.887235 5.074712 0.000000 0.000000 0.000000 1.000000
0.895933 0.037916 -0.442569 -0.271852 -0.105884 0.985859 -0.129890 81.523834 0.431385 0.163234 0.887278 5.084894 0.000000 0.000000 0.000000 1.000000
0.895893 0.039170 -0.442539 -0.287926 -0.107103 0.985769 -0.129571 81.600090 0.431166 0.163479 0.887339 5.107348 0.000000 0.000000 0.000000 1.000000
0.895871 0.040081 -0.442503 -0.278483 -0.107897 0.985737 -0.129157 81.685928 0.431015 0.163453 0.887417 5.125915 0.000000 0.000000 0.000000 1.000000
0.895859 0.040613 -0.442479 -0.248320 -0.108225 0.985769 -0.128637 81.731300 0.430958 0.163128 0.887505 5.136537 0.000000 0.000000 0.000000 1.000000
0.895878 0.040729 -0.442430 -0.198848 -0.108032 0.985873 -0.127997 81.764420 0.430967 0.162466 0.887622 5.138273 0.000000 0.000000 0.000000 1.000000
0.895920 0.040382 -0.442377 -0.131459 -0.107261 0.986058 -0.127219 81.806641 0.431072 0.161428 0.887760 5.130110 0.000000 0.000000 0.000000 1.000000
0.895860 0.039333 -0.442593 -0.047052 -0.105709 0.986342 -0.126311 81.856796 0.431580 0.159943 0.887782 5.102124 0.000000 0.000000 0.000000 1.000000
0.895091 0.036829 -0.444360 0.052038 -0.102876 0.986752 -0.125444 81.931320 0.433854 0.157998 0.887022 4.996737 0.000000 0.000000 0.000000 1.000000
0.893761 0.033603 -0.447282 0.151705 -0.099533 0.987186 -0.124724 82.018723 0.437360 0.155993 0.885654 4.851686 0.000000 0.000000 0.000000 1.000000
0.890249 0.028090 -0.454608 0.242256 -0.094852 0.987648 -0.124719 82.155731 0.445489 0.154151 0.881917 4.555413 0.000000 0.000000 0.000000 1.000000
0.881968 0.017910 -0.470969 0.307968 -0.087507 0.988125 -0.126296 82.389862 0.463114 0.152602 0.873062 3.937094 0.000000 0.000000 0.000000 1.000000
0.870930 0.005569 -0.491376 0.352973 -0.078987 0.988521 -0.128795 82.604309 0.485018 0.150983 0.861372 3.216608 0.000000 0.000000 0.000000 1.000000
0.858059 -0.007806 -0.513492 0.374755 -0.069937 0.988793 -0.131900 82.739891 0.508767 0.149090 0.847896 2.504846 0.000000 0.000000 0.000000 1.000000
0.844294 -0.021264 -0.535459 0.373230 -0.060903 0.988931 -0.135302 82.858742 0.532409 0.146846 0.833653 1.896095 0.000000 0.000000 0.000000 1.000000
0.829255 -0.035082 -0.557768 0.331934 -0.051746 0.988921 -0.139132 82.811966 0.556470 0.144238 0.818252 1.436298 0.000000 0.000000 0.000000 1.000000
0.812780 -0.049309 -0.580481 0.268809 -0.042449 0.988750 -0.143425 82.608185 0.581023 0.141214 0.801543 1.034826 0.000000 0.000000 0.000000 1.000000
0.794663 -0.064009 -0.603666 0.186689 -0.032995 0.988401 -0.148239 82.179306 0.606153 0.137718 0.783334 0.670024 0.000000 0.000000 0.000000 1.000000
0.774508 -0.079350 -0.627567 0.081377 -0.023327 0.987843 -0.153692 81.326126 0.632134 0.133675 0.763242 0.341569 0.000000 0.000000 0.000000 1.000000
0.753941 -0.094169 -0.650157 -0.011664 -0.014041 0.987137 -0.159259 80.553780 0.656792 0.129201 0.742921 -0.004532 0.000000 0.000000 0.000000 1.000000</float_array><technique_common><accessor source="#Hips-Matrix-animation-output-transform-array" count="32" stride="16"><param type="float4x4"/></accessor></technique_common></source><source id="Hips-Interpolations"><Name_array id="Hips-Interpolations-array" count="32">
 LINEAR LINEAR LINEAR LINEAR LINEAR LINEAR LINEAR LINEAR LINEAR LINEAR LINEAR
LINEAR LINEAR LINEAR LINEAR LINEAR LINEAR LINEAR LINEAR LINEAR LINEAR LINEAR LINEAR
LINEAR LINEAR LINEAR LINEAR LINEAR LINEAR LINEAR LINEAR LINEAR</Name_array><technique_common><accessor source="#Hips-Interpolations-array" count="32"><param type="name"/></accessor></technique_common></source><sampler id="Hips-Matrix-animation-transform"><input semantic="INPUT" source="#Hips-Matrix-animation-input"/><input semantic="OUTPUT" source="#Hips-Matrix-animation-output-transform"/><input semantic="INTERPOLATION" source="#Hips-Interpolations"/></sampler><channel source="#Hips-Matrix-animation-transform" target="Hips/matrix"/></animation>
    <animation id="Spine-anim" name="Spine"><source id="Spine-Matrix-animation-input"><float_array id="Spine-Matrix-animation-input-array" count="32">

0.000000 0.033333 0.066667 0.100000 0.133333 0.166667 0.200000 0.233333 0.266667 0.300000 0.333333 0.366667 0.400000 0.433333 0.466667 0.500000
0.533333 0.566667 0.600000 0.633333 0.666667 0.700000 0.733333 0.766667 0.800000 0.833333 0.866667 0.900000 0.933333 0.966667 1.000000 1.033333</float_array><technique_common><accessor source="#Spine-Matrix-animation-input-array" count="32"><param name="TIME" type="float"/></accessor></technique_common></source><source id="Spine-Matrix-animation-output-transform"><float_array id="Spine-Matrix-animation-output-transform-array" count="512">

0.996569 0.054883 0.061948 0.017300 -0.046550 0.990584 -0.128751 10.574800 -0.068431 0.125426 0.989740 -1.117200 0.000000 0.000000 0.000000 1.000000
0.999649 0.025166 0.008283 0.017300 -0.023927 0.991795 -0.125576 10.574800 -0.011375 0.125333 0.992049 -1.117200 0.000000 0.000000 0.000000 1.000000
0.998979 -0.002120 -0.045130 0.017300 -0.003509 0.992239 -0.124292 10.574800 0.045043 0.124324 0.991219 -1.117200 0.000000 0.000000 0.000000 1.000000
0.995023 -0.021535 -0.097295 0.017300 0.009471 0.992387 -0.122795 10.574800 0.099199 0.121263 0.987651 -1.117200 0.000000 0.000000 0.000000 1.000000
0.987722 -0.031571 -0.153002 0.017300 0.013296 0.992802 -0.119024 10.574800 0.155658 0.115529 0.981032 -1.117200 0.000000 0.000000 0.000000 1.000000
0.977229 -0.036223 -0.209070 0.017300 0.012567 0.993471 -0.113388 10.574800 0.211813 0.108179 0.971305 -1.117200 0.000000 0.000000 0.000000 1.000000
0.965074 -0.034029 -0.259758 0.017300 0.006881 0.994479 -0.104713 10.574800 0.261887 0.099268 0.959980 -1.117200 0.000000 0.000000 0.000000 1.000000
0.956381 -0.032652 -0.290293 0.017300 0.004424 0.995239 -0.097368 10.574800 0.292090 0.091837 0.951971 -1.117200 0.000000 0.000000 0.000000 1.000000
0.953683 -0.036817 -0.298552 0.017300 0.008921 0.995507 -0.094266 10.574800 0.300681 0.087236 0.949727 -1.117200 0.000000 0.000000 0.000000 1.000000
0.953543 -0.050213 -0.297044 0.017300 0.022347 0.995085 -0.096473 10.574800 0.300428 0.085353 0.949978 -1.117200 0.000000 0.000000 0.000000 1.000000
0.953242 -0.062053 -0.295768 0.017300 0.033868 0.994462 -0.099487 10.574800 0.300304 0.084818 0.950065 -1.117200 0.000000 0.000000 0.000000 1.000000
0.952949 -0.069781 -0.294990 0.017300 0.041302 0.993957 -0.101703 10.574800 0.300305 0.084734 0.950072 -1.117200 0.000000 0.000000 0.000000 1.000000
0.952811 -0.072195 -0.294855 0.017300 0.043603 0.993784 -0.102427 10.574800 0.300417 0.084737 0.950037 -1.117200 0.000000 0.000000 0.000000 1.000000
0.952730 -0.072965 -0.294928 0.017300 0.044310 0.993724 -0.102709 10.574800 0.300571 0.084786 0.949983 -1.117200 0.000000 0.000000 0.000000 1.000000
0.952663 -0.073169 -0.295092 0.017300 0.044467 0.993704 -0.102837 10.574800 0.300759 0.084847 0.949919 -1.117200 0.000000 0.000000 0.000000 1.000000
0.952602 -0.073208 -0.295280 0.017300 0.044454 0.993693 -0.102951 10.574800 0.300955 0.084945 0.949848 -1.117200 0.000000 0.000000 0.000000 1.000000
0.952551 -0.073095 -0.295473 0.017300 0.044287 0.993690 -0.103047 10.574800 0.301141 0.085072 0.949777 -1.117200 0.000000 0.000000 0.000000 1.000000
0.952510 -0.072863 -0.295662 0.017300 0.044003 0.993695 -0.103123 10.574800 0.301311 0.085216 0.949710 -1.117200 0.000000 0.000000 0.000000 1.000000
0.952480 -0.072566 -0.295831 0.017300 0.043656 0.993703 -0.103193 10.574800 0.301456 0.085374 0.949650 -1.117200 0.000000 0.000000 0.000000 1.000000
0.953142 -0.072012 -0.293826 0.017300 0.043273 0.993722 -0.103171 10.574800 0.299411 0.085622 0.950275 -1.117200 0.000000 0.000000 0.000000 1.000000
0.954507 -0.071018 -0.289609 0.017300 0.042674 0.993761 -0.103047 10.574800 0.295120 0.086000 0.951582 -1.117200 0.000000 0.000000 0.000000 1.000000
0.956637 -0.068683 -0.283071 0.017300 0.040940 0.993860 -0.102791 10.574800 0.288393 0.086745 0.953575 -1.117200 0.000000 0.000000 0.000000 1.000000
0.962071 -0.060523 -0.266001 0.017300 0.034318 0.994183 -0.102086 10.574800 0.270632 0.089086 0.958552 -1.117200 0.000000 0.000000 0.000000 1.000000
0.972876 -0.041507 -0.227573 0.017300 0.018735 0.994677 -0.101327 10.574800 0.230568 0.094315 0.968475 -1.117200 0.000000 0.000000 0.000000 1.000000
0.983346 -0.019168 -0.180728 0.017300 0.000616 0.994768 -0.102154 10.574800 0.181741 0.100342 0.978214 -1.117200 0.000000 0.000000 0.000000 1.000000
0.991134 0.002237 -0.132845 0.017300 -0.016300 0.994352 -0.104874 10.574800 0.131860 0.106110 0.985573 -1.117200 0.000000 0.000000 0.000000 1.000000
0.995725 0.018764 -0.090442 0.017300 -0.028601 0.993660 -0.108731 10.574800 0.087828 0.110852 0.989948 -1.117200 0.000000 0.000000 0.000000 1.000000
0.998029 0.028970 -0.055672 0.017300 -0.035113 0.993003 -0.112749 10.574800 0.052016 0.114482 0.992063 -1.117200 0.000000 0.000000 0.000000 1.000000
0.999041 0.036846 -0.023643 0.017300 -0.039366 0.992368 -0.116859 10.574800 0.019157 0.117678 0.992867 -1.117200 0.000000 0.000000 0.000000 1.000000
0.999023 0.043655 0.006927 0.017300 -0.042498 0.991739 -0.121031 10.574800 -0.012154 0.120618 0.992625 -1.117200 0.000000 0.000000 0.000000 1.000000
0.998133 0.049668 0.035539 0.017300 -0.044867 0.991133 -0.125073 10.574800 -0.041436 0.123245 0.991511 -1.117200 0.000000 0.000000 0.000000 1.000000
0.996569 0.054883 0.061948 0.017300 -0.046550 0.990584 -0.128751 10.574800 -0.068431 0.125426 0.989740 -1.117200 0.000000 0.000000 0.000000 1.000000</float_array><technique_common><accessor source="#Spine-Matrix-animation-output-transform-array" count="32" stride="16"><param type="float4x4"/></accessor></technique_common></source><source id="Spine-Interpolations"><Name_array id="Spine-Interpolations-array" count="32">
 LINEAR LINEAR LINEAR LINEAR LINEAR LINEAR LINEAR LINEAR LINEAR LINEAR LINEAR
LINEAR LINEAR LINEAR LINEAR LINEAR LINEAR LINEAR LINEAR LINEAR LINEAR LINEAR LINEAR
LINEAR LINEAR LINEAR LINEAR LINEAR LINEAR LINEAR LINEAR LINEAR</Name_array><technique_common><accessor source="#Spine-Interpolations-array" count="32"><param type="name"/></accessor></technique_common></source><sampler id="Spine-Matrix-animation-transform"><input semantic="INPUT" source="#Spine-Matrix-animation-input"/><input semantic="OUTPUT" source="#Spine-Matrix-animation-output-transform"/><input semantic="INTERPOLATION" source="#Spine-Interpolations"/></sampler><channel source="#Spine-Matrix-animation-transform" target="Spine/matrix"/></animation>
    <animation id="Spine1-anim" name="Spine1"><source id="Spine1-Matrix-animation-input"><float_array id="Spine1-Matrix-animation-input-array" count="32">

0.000000 0.033333 0.066667 0.100000 0.133333 0.166667 0.200000 0.233333 0.266667 0.300000 0.333333 0.366667 0.400000 0.433333 0.466667 0.500000
0.533333 0.566667 0.600000 0.633333 0.666667 0.700000 0.733333 0.766667 0.800000 0.833333 0.866667 0.900000 0.933333 0.966667 1.000000 1.033333</float_array><technique_common><accessor source="#Spine1-Matrix-animation-input-array" count="32"><param name="TIME" type="float"/></accessor></technique_common></source><source id="Spine1-Matrix-animation-output-transform"><float_array id="Spine1-Matrix-animation-output-transform-array" count="512">

0.998874 -0.040468 0.024769 0.019000 0.040994 0.998937 -0.021099 12.337300 -0.023888 0.022090 0.999471 -1.303400 0.000000 0.000000 0.000000 1.000000
0.999732 -0.022666 0.004725 0.019000 0.022821 0.999099 -0.035794 12.337300 -0.003909 0.035892 0.999348 -1.303400 0.000000 0.000000 0.000000 1.000000
0.999866 -0.006896 -0.014876 0.019000 0.006189 0.998871 -0.047095 12.337300 0.015184 0.046997 0.998780 -1.303400 0.000000 0.000000 0.000000 1.000000
0.999451 0.002548 -0.033043 0.019000 -0.004185 0.998762 -0.049571 12.337300 0.032876 0.049682 0.998224 -1.303400 0.000000 0.000000 0.000000 1.000000
0.998686 0.004168 -0.051079 0.019000 -0.006296 0.999116 -0.041570 12.337300 0.050860 0.041837 0.997829 -1.303400 0.000000 0.000000 0.000000 1.000000
0.997643 0.001270 -0.068603 0.019000 -0.003188 0.999607 -0.027864 12.337300 0.068541 0.028017 0.997255 -1.303400 0.000000 0.000000 0.000000 1.000000
0.996470 -0.007144 -0.083641 0.019000 0.006535 0.999950 -0.007550 12.337300 0.083691 0.006977 0.996467 -1.303400 0.000000 0.000000 0.000000 1.000000
0.995607 -0.014007 -0.092575 0.019000 0.015011 0.999836 0.010161 12.337300 0.092417 -0.011506 0.995654 -1.303400 0.000000 0.000000 0.000000 1.000000
0.995332 -0.016302 -0.095125 0.019000 0.018428 0.999599 0.021514 12.337300 0.094737 -0.023166 0.995233 -1.303400 0.000000 0.000000 0.000000 1.000000
0.995340 -0.014354 -0.095358 0.019000 0.016941 0.999509 0.026374 12.337300 0.094933 -0.027866 0.995094 -1.303400 0.000000 0.000000 0.000000 1.000000
0.995343 -0.011740 -0.095676 0.019000 0.014502 0.999497 0.028218 12.337300 0.095297 -0.029474 0.995012 -1.303400 0.000000 0.000000 0.000000 1.000000
0.995339 -0.009637 -0.095954 0.019000 0.012498 0.999493 0.029267 12.337300 0.095624 -0.030330 0.994955 -1.303400 0.000000 0.000000 0.000000 1.000000
0.995331 -0.008606 -0.096134 0.019000 0.011563 0.999476 0.030242 12.337300 0.095823 -0.031213 0.994909 -1.303400 0.000000 0.000000 0.000000 1.000000
0.995323 -0.007999 -0.096273 0.019000 0.011044 0.999454 0.031137 12.337300 0.095971 -0.032055 0.994868 -1.303400 0.000000 0.000000 0.000000 1.000000
0.995316 -0.008211 -0.096329 0.019000 0.011308 0.999435 0.031640 12.337300 0.096015 -0.032581 0.994847 -1.303400 0.000000 0.000000 0.000000 1.000000
0.995309 -0.008871 -0.096343 0.019000 0.011984 0.999423 0.031779 12.337300 0.096005 -0.032785 0.994841 -1.303400 0.000000 0.000000 0.000000 1.000000
0.995298 -0.009806 -0.096363 0.019000 0.012914 0.999415 0.031678 12.337300 0.095996 -0.032773 0.994842 -1.303400 0.000000 0.000000 0.000000 1.000000
0.995291 -0.010942 -0.096310 0.019000 0.014028 0.999408 0.031421 12.337300 0.095909 -0.032624 0.994855 -1.303400 0.000000 0.000000 0.000000 1.000000
0.995313 -0.012185 -0.095931 0.019000 0.015231 0.999401 0.031080 12.337300 0.095495 -0.032396 0.994903 -1.303400 0.000000 0.000000 0.000000 1.000000
0.995358 -0.013459 -0.095299 0.019000 0.016453 0.999393 0.030701 12.337300 0.094828 -0.032126 0.994975 -1.303400 0.000000 0.000000 0.000000 1.000000
0.995412 -0.014656 -0.094551 0.019000 0.017572 0.999393 0.030084 12.337300 0.094052 -0.031607 0.995065 -1.303400 0.000000 0.000000 0.000000 1.000000
0.995513 -0.015773 -0.093299 0.019000 0.018574 0.999400 0.029237 12.337300 0.092782 -0.030838 0.995209 -1.303400 0.000000 0.000000 0.000000 1.000000
0.995832 -0.016580 -0.089689 0.019000 0.019109 0.999441 0.027418 12.337300 0.089185 -0.029018 0.995592 -1.303400 0.000000 0.000000 0.000000 1.000000
0.996557 -0.016853 -0.081183 0.019000 0.018822 0.999545 0.023551 12.337300 0.080749 -0.024998 0.996421 -1.303400 0.000000 0.000000 0.000000 1.000000
0.997403 -0.017157 -0.069954 0.019000 0.018506 0.999654 0.018676 12.337300 0.069609 -0.019922 0.997375 -1.303400 0.000000 0.000000 0.000000 1.000000
0.998232 -0.017950 -0.056671 0.019000 0.018730 0.999736 0.013274 12.337300 0.056418 -0.014312 0.998305 -1.303400 0.000000 0.000000 0.000000 1.000000
0.998917 -0.019805 -0.042092 0.019000 0.020145 0.999768 0.007665 12.337300 0.041930 -0.008505 0.999084 -1.303400 0.000000 0.000000 0.000000 1.000000
0.999364 -0.023218 -0.027073 0.019000 0.023275 0.999728 0.001783 12.337300 0.027024 -0.002412 0.999632 -1.303400 0.000000 0.000000 0.000000 1.000000
0.999553 -0.027308 -0.012153 0.019000 0.027259 0.999620 -0.004180 12.337300 0.012263 0.003847 0.999917 -1.303400 0.000000 0.000000 0.000000 1.000000
0.999494 -0.031736 0.002155 0.019000 0.031756 0.999445 -0.010108 12.337300 -0.001833 0.010171 0.999947 -1.303400 0.000000 0.000000 0.000000 1.000000
0.999239 -0.036264 0.014399 0.019000 0.036491 0.999209 -0.015832 12.337300 -0.013813 0.016345 0.999771 -1.303400 0.000000 0.000000 0.000000 1.000000
0.998874 -0.040468 0.024769 0.019000 0.040994 0.998937 -0.021099 12.337300 -0.023889 0.022090 0.999471 -1.303400 0.000000 0.000000 0.000000 1.000000</float_array><technique_common><accessor source="#Spine1-Matrix-animation-output-transform-array" count="32" stride="16"><param type="float4x4"/></accessor></technique_common></source><source id="Spine1-Interpolations"><Name_array id="Spine1-Interpolations-array" count="32">
 LINEAR LINEAR LINEAR LINEAR LINEAR LINEAR LINEAR LINEAR LINEAR LINEAR LINEAR
LINEAR LINEAR LINEAR LINEAR LINEAR LINEAR LINEAR LINEAR LINEAR LINEAR LINEAR LINEAR
LINEAR LINEAR LINEAR LINEAR LINEAR LINEAR LINEAR LINEAR LINEAR</Name_array><technique_common><accessor source="#Spine1-Interpolations-array" count="32"><param type="name"/></accessor></technique_common></source><sampler id="Spine1-Matrix-animation-transform"><input semantic="INPUT" source="#Spine1-Matrix-animation-input"/><input semantic="OUTPUT" source="#Spine1-Matrix-animation-output-transform"/><input semantic="INTERPOLATION" source="#Spine1-Interpolations"/></sampler><channel source="#Spine1-Matrix-animation-transform" target="Spine1/matrix"/></animation>
    <animation id="Spine2-anim" name="Spine2"><source id="Spine2-Matrix-animation-input"><float_array id="Spine2-Matrix-animation-input-array" count="32">

0.000000 0.033333 0.066667 0.100000 0.133333 0.166667 0.200000 0.233333 0.266667 0.300000 0.333333 0.366667 0.400000 0.433333 0.466667 0.500000
0.533333 0.566667 0.600000 0.633333 0.666667 0.700000 0.733333 0.766667 0.800000 0.833333 0.866667 0.900000 0.933333 0.966667 1.000000 1.033333</float_array><technique_common><accessor source="#Spine2-Matrix-animation-input-array" count="32"><param name="TIME" type="float"/></accessor></technique_common></source><source id="Spine2-Matrix-animation-output-transform"><float_array id="Spine2-Matrix-animation-output-transform-array" count="512">

0.999578 -0.018211 0.022651 0.021700 0.018298 0.999826 -0.003654 14.099800 -0.022580 0.004067 0.999737 -1.489600 0.000000 0.000000 0.000000 1.000000
0.999811 -0.003259 0.019144 0.021700 0.003686 0.999744 -0.022310 14.099800 -0.019067 0.022376 0.999568 -1.489600 0.000000 0.000000 0.000000 1.000000
0.999840 0.009722 0.014996 0.021700 -0.009150 0.999247 -0.037701 14.099800 -0.015351 0.037558 0.999177 -1.489600 0.000000 0.000000 0.000000 1.000000
0.999824 0.016574 0.008838 0.021700 -0.016179 0.998941 -0.043068 14.099800 -0.009542 0.042918 0.999033 -1.489600 0.000000 0.000000 0.000000 1.000000
0.999876 0.015699 -0.000784 0.021700 -0.015717 0.999258 -0.035150 14.099800 0.000232 0.035158 0.999382 -1.489600 0.000000 0.000000 0.000000 1.000000
0.999872 0.010456 -0.012124 0.021700 -0.010698 0.999742 -0.020050 14.099800 0.011912 0.020177 0.999725 -1.489600 0.000000 0.000000 0.000000 1.000000
0.999701 -0.000059 -0.024467 0.021700 0.000123 0.999997 0.002613 14.099800 0.024466 -0.002615 0.999697 -1.489600 0.000000 0.000000 0.000000 1.000000
0.999437 -0.008594 -0.032424 0.021700 0.009206 0.999781 0.018777 14.099800 0.032255 -0.019065 0.999298 -1.489600 0.000000 0.000000 0.000000 1.000000
0.999326 -0.011912 -0.034732 0.021700 0.012759 0.999624 0.024288 14.099800 0.034430 -0.024715 0.999101 -1.489600 0.000000 0.000000 0.000000 1.000000
0.999339 -0.009778 -0.035014 0.021700 0.010660 0.999628 0.025104 14.099800 0.034755 -0.025461 0.999071 -1.489600 0.000000 0.000000 0.000000 1.000000
0.999350 -0.006724 -0.035413 0.021700 0.007639 0.999639 0.025760 14.099800 0.035227 -0.026014 0.999041 -1.489600 0.000000 0.000000 0.000000 1.000000
0.999351 -0.004520 -0.035742 0.021700 0.005461 0.999640 0.026277 14.099800 0.035610 -0.026455 0.999016 -1.489600 0.000000 0.000000 0.000000 1.000000
0.999348 -0.004137 -0.035863 0.021700 0.005094 0.999632 0.026629 14.099800 0.035739 -0.026794 0.999002 -1.489600 0.000000 0.000000 0.000000 1.000000
0.999346 -0.004502 -0.035871 0.021700 0.005469 0.999624 0.026886 14.099800 0.035737 -0.027064 0.998995 -1.489600 0.000000 0.000000 0.000000 1.000000
0.999341 -0.006414 -0.035733 0.021700 0.007378 0.999610 0.026915 14.099800 0.035546 -0.027161 0.998999 -1.489600 0.000000 0.000000 0.000000 1.000000
0.999328 -0.009076 -0.035515 0.021700 0.010032 0.999590 0.026828 14.099800 0.035257 -0.027166 0.999009 -1.489600 0.000000 0.000000 0.000000 1.000000
0.999306 -0.011999 -0.035261 0.021700 0.012944 0.999560 0.026694 14.099800 0.034925 -0.027132 0.999022 -1.489600 0.000000 0.000000 0.000000 1.000000
0.999277 -0.014893 -0.034969 0.021700 0.015825 0.999523 0.026532 14.099800 0.034557 -0.027067 0.999036 -1.489600 0.000000 0.000000 0.000000 1.000000
0.999246 -0.017470 -0.034671 0.021700 0.018389 0.999483 0.026375 14.099800 0.034192 -0.026993 0.999051 -1.489600 0.000000 0.000000 0.000000 1.000000
0.999225 -0.019272 -0.034324 0.021700 0.020178 0.999452 0.026250 14.099800 0.033799 -0.026923 0.999066 -1.489600 0.000000 0.000000 0.000000 1.000000
0.999235 -0.019606 -0.033844 0.021700 0.020496 0.999447 0.026165 14.099800 0.033312 -0.026839 0.999085 -1.489600 0.000000 0.000000 0.000000 1.000000
0.999259 -0.019459 -0.033214 0.021700 0.020326 0.999456 0.025967 14.099800 0.032691 -0.026623 0.999111 -1.489600 0.000000 0.000000 0.000000 1.000000
0.999318 -0.018342 -0.032040 0.021700 0.019154 0.999498 0.025225 14.099800 0.031561 -0.025822 0.999168 -1.489600 0.000000 0.000000 0.000000 1.000000
0.999441 -0.015501 -0.029625 0.021700 0.016197 0.999595 0.023402 14.099800 0.029251 -0.023869 0.999287 -1.489600 0.000000 0.000000 0.000000 1.000000
0.999578 -0.012381 -0.026278 0.021700 0.012935 0.999696 0.020994 14.099800 0.026010 -0.021325 0.999434 -1.489600 0.000000 0.000000 0.000000 1.000000
0.999710 -0.009887 -0.021950 0.021700 0.010286 0.999782 0.018158 14.099800 0.021765 -0.018378 0.999594 -1.489600 0.000000 0.000000 0.000000 1.000000
0.999821 -0.008965 -0.016674 0.021700 0.009214 0.999846 0.014962 14.099800 0.016537 -0.015113 0.999749 -1.489600 0.000000 0.000000 0.000000 1.000000
0.999894 -0.010139 -0.010403 0.021700 0.010257 0.999883 0.011309 14.099800 0.010287 -0.011415 0.999882 -1.489600 0.000000 0.000000 0.000000 1.000000
0.999920 -0.012136 -0.003673 0.021700 0.012163 0.999898 0.007463 14.099800 0.003582 -0.007507 0.999965 -1.489600 0.000000 0.000000 0.000000 1.000000
0.999890 -0.014458 0.003433 0.021700 0.014446 0.999889 0.003558 14.099800 -0.003484 -0.003508 0.999988 -1.489600 0.000000 0.000000 0.000000 1.000000
0.999784 -0.016555 0.012583 0.021700 0.016559 0.999863 -0.000210 14.099800 -0.012578 0.000418 0.999921 -1.489600 0.000000 0.000000 0.000000 1.000000
0.999578 -0.018211 0.022651 0.021700 0.018298 0.999826 -0.003654 14.099800 -0.022581 0.004067 0.999737 -1.489600 0.000000 0.000000 0.000000 1.000000</float_array><technique_common><accessor source="#Spine2-Matrix-animation-output-transform-array" count="32" stride="16"><param type="float4x4"/></accessor></technique_common></source><source id="Spine2-Interpolations"><Name_array id="Spine2-Interpolations-array" count="32">
 LINEAR LINEAR LINEAR LINEAR LINEAR LINEAR LINEAR LINEAR LINEAR LINEAR LINEAR
LINEAR LINEAR LINEAR LINEAR LINEAR LINEAR LINEAR LINEAR LINEAR LINEAR LINEAR LINEAR
LINEAR LINEAR LINEAR LINEAR LINEAR LINEAR LINEAR LINEAR LINEAR</Name_array><technique_common><accessor source="#Spine2-Interpolations-array" count="32"><param type="name"/></accessor></technique_common></source><sampler id="Spine2-Matrix-animation-transform"><input semantic="INPUT" source="#Spine2-Matrix-animation-input"/><input semantic="OUTPUT" source="#Spine2-Matrix-animation-output-transform"/><input semantic="INTERPOLATION" source="#Spine2-Interpolations"/></sampler><channel source="#Spine2-Matrix-animation-transform" target="Spine2/matrix"/></animation>
    <animation id="Neck-anim" name="Neck"><source id="Neck-Matrix-animation-input"><float_array id="Neck-Matrix-animation-input-array" count="32">

0.000000 0.033333 0.066667 0.100000 0.133333 0.166667 0.200000 0.233333 0.266667 0.300000 0.333333 0.366667 0.400000 0.433333 0.466667 0.500000
0.533333 0.566667 0.600000 0.633333 0.666667 0.700000 0.733333 0.766667 0.800000 0.833333 0.866667 0.900000 0.933333 0.966667 1.000000 1.033333</float_array><technique_common><accessor source="#Neck-Matrix-animation-input-array" count="32"><param name="TIME" type="float"/></accessor></technique_common></source><source id="Neck-Matrix-animation-output-transform"><float_array id="Neck-Matrix-animation-output-transform-array" count="512">

0.985070 0.027001 0.170026 0.024400 -0.032879 0.998952 0.031849 15.862300 -0.168988 -0.036964 0.984925 -1.675800 0.000000 0.000000 0.000000 1.000000
0.987203 0.075379 0.140528 0.024400 -0.073423 0.997119 -0.019061 15.862300 -0.141559 0.008499 0.989893 -1.675800 0.000000 0.000000 0.000000 1.000000
0.985813 0.124786 0.112253 0.024400 -0.117714 0.990745 -0.067586 15.862300 -0.119647 0.053413 0.991379 -1.675800 0.000000 0.000000 0.000000 1.000000
0.981150 0.170734 0.090528 0.024400 -0.160555 0.980896 -0.109842 15.862300 -0.107552 0.093237 0.989818 -1.675800 0.000000 0.000000 0.000000 1.000000
0.974789 0.205498 0.086934 0.024400 -0.191854 0.970848 -0.143686 15.862300 -0.113926 0.123385 0.985798 -1.675800 0.000000 0.000000 0.000000 1.000000
0.968228 0.234270 0.087472 0.024400 -0.217054 0.961019 -0.171262 15.862300 -0.124183 0.146834 0.981335 -1.675800 0.000000 0.000000 0.000000 1.000000
0.963004 0.245446 0.111261 0.024400 -0.222281 0.956882 -0.186997 15.862300 -0.152361 0.155348 0.976039 -1.675800 0.000000 0.000000 0.000000 1.000000
0.959564 0.249827 0.129702 0.024400 -0.223500 0.956304 -0.188493 15.862300 -0.171125 0.151883 0.973472 -1.675800 0.000000 0.000000 0.000000 1.000000
0.959058 0.244088 0.143625 0.024400 -0.219534 0.961124 -0.167468 15.862300 -0.178918 0.129081 0.975360 -1.675800 0.000000 0.000000 0.000000 1.000000
0.959387 0.236926 0.153110 0.024400 -0.215053 0.965540 -0.146580 15.862300 -0.182563 0.107700 0.977278 -1.675800 0.000000 0.000000 0.000000 1.000000
0.957270 0.239661 0.161854 0.024400 -0.215299 0.964259 -0.154438 15.862300 -0.193082 0.112992 0.974655 -1.675800 0.000000 0.000000 0.000000 1.000000
0.954275 0.244353 0.172193 0.024400 -0.215407 0.961496 -0.170664 15.862300 -0.207265 0.125769 0.970167 -1.675800 0.000000 0.000000 0.000000 1.000000
0.951448 0.248809 0.181222 0.024400 -0.215165 0.958610 -0.186468 15.862300 -0.220116 0.138422 0.965603 -1.675800 0.000000 0.000000 0.000000 1.000000
0.949552 0.252604 0.185856 0.024400 -0.215744 0.956276 -0.197460 15.862300 -0.227609 0.147402 0.962532 -1.675800 0.000000 0.000000 0.000000 1.000000
0.948159 0.256270 0.187939 0.024400 -0.217125 0.954215 -0.205743 15.862300 -0.232060 0.154271 0.960390 -1.675800 0.000000 0.000000 0.000000 1.000000
0.946907 0.259977 0.189154 0.024400 -0.218862 0.952202 -0.213099 15.862300 -0.235513 0.160387 0.958546 -1.675800 0.000000 0.000000 0.000000 1.000000
0.945812 0.263548 0.189688 0.024400 -0.220774 0.950301 -0.219513 15.862300 -0.238113 0.165740 0.956991 -1.675800 0.000000 0.000000 0.000000 1.000000
0.944892 0.266798 0.189731 0.024400 -0.222670 0.948584 -0.224959 15.862300 -0.239994 0.170315 0.955717 -1.675800 0.000000 0.000000 0.000000 1.000000
0.944165 0.269545 0.189469 0.024400 -0.224351 0.947119 -0.229415 15.862300 -0.241287 0.174098 0.954710 -1.675800 0.000000 0.000000 0.000000 1.000000
0.943651 0.271605 0.189087 0.024400 -0.225615 0.945978 -0.232859 15.862300 -0.242117 0.177077 0.953951 -1.675800 0.000000 0.000000 0.000000 1.000000
0.943434 0.272572 0.188780 0.024400 -0.226137 0.945362 -0.234846 15.862300 -0.242478 0.178871 0.953525 -1.675800 0.000000 0.000000 0.000000 1.000000
0.943920 0.270873 0.188791 0.024400 -0.224973 0.946167 -0.232713 15.862300 -0.241664 0.177189 0.954045 -1.675800 0.000000 0.000000 0.000000 1.000000
0.946708 0.260387 0.189585 0.024400 -0.218707 0.951785 -0.215110 15.862300 -0.236456 0.162183 0.958011 -1.675800 0.000000 0.000000 0.000000 1.000000
0.953558 0.232531 0.191457 0.024400 -0.202017 0.965193 -0.166107 15.862300 -0.223419 0.119715 0.967343 -1.675800 0.000000 0.000000 0.000000 1.000000
0.961546 0.194757 0.193646 0.024400 -0.177958 0.978859 -0.100825 15.862300 -0.209188 0.062487 0.975877 -1.675800 0.000000 0.000000 0.000000 1.000000
0.968736 0.152773 0.195479 0.024400 -0.149449 0.988260 -0.031730 15.862300 -0.198031 0.001524 0.980195 -1.675800 0.000000 0.000000 0.000000 1.000000
0.974192 0.111455 0.196287 0.024400 -0.119642 0.992354 0.030323 15.862300 -0.191407 -0.053025 0.980077 -1.675800 0.000000 0.000000 0.000000 1.000000
0.977598 0.080198 0.194604 0.024400 -0.094602 0.993333 0.065876 15.862300 -0.188023 -0.082810 0.978667 -1.675800 0.000000 0.000000 0.000000 1.000000
0.979956 0.055556 0.191312 0.024400 -0.072776 0.993789 0.084187 15.862300 -0.185447 -0.096423 0.977912 -1.675800 0.000000 0.000000 0.000000 1.000000
0.981772 0.038258 0.186172 0.024400 -0.054793 0.994916 0.084498 15.862300 -0.181992 -0.093159 0.978877 -1.675800 0.000000 0.000000 0.000000 1.000000
0.983489 0.032733 0.177984 0.024400 -0.043512 0.997426 0.056998 15.862300 -0.175660 -0.063802 0.982381 -1.675800 0.000000 0.000000 0.000000 1.000000
0.985070 0.027001 0.170026 0.024400 -0.032879 0.998952 0.031849 15.862300 -0.168988 -0.036964 0.984925 -1.675800 0.000000 0.000000 0.000000 1.000000</float_array><technique_common><accessor source="#Neck-Matrix-animation-output-transform-array" count="32" stride="16"><param type="float4x4"/></accessor></technique_common></source><source id="Neck-Interpolations"><Name_array id="Neck-Interpolations-array" count="32">
 LINEAR LINEAR LINEAR LINEAR LINEAR LINEAR LINEAR LINEAR LINEAR LINEAR LINEAR
LINEAR LINEAR LINEAR LINEAR LINEAR LINEAR LINEAR LINEAR LINEAR LINEAR LINEAR LINEAR
LINEAR LINEAR LINEAR LINEAR LINEAR LINEAR LINEAR LINEAR LINEAR</Name_array><technique_common><accessor source="#Neck-Interpolations-array" count="32"><param type="name"/></accessor></technique_common></source><sampler id="Neck-Matrix-animation-transform"><input semantic="INPUT" source="#Neck-Matrix-animation-input"/><input semantic="OUTPUT" source="#Neck-Matrix-animation-output-transform"/><input semantic="INTERPOLATION" source="#Neck-Interpolations"/></sampler><channel source="#Neck-Matrix-animation-transform" target="Neck/matrix"/></animation>
    <animation id="Head-anim" name="Head"><source id="Head-Matrix-animation-input"><float_array id="Head-Matrix-animation-input-array" count="32">

0.000000 0.033333 0.066667 0.100000 0.133333 0.166667 0.200000 0.233333 0.266667 0.300000 0.333333 0.366667 0.400000 0.433333 0.466667 0.500000
0.533333 0.566667 0.600000 0.633333 0.666667 0.700000 0.733333 0.766667 0.800000 0.833333 0.866667 0.900000 0.933333 0.966667 1.000000 1.033333</float_array><technique_common><accessor source="#Head-Matrix-animation-input-array" count="32"><param name="TIME" type="float"/></accessor></technique_common></source><source id="Head-Matrix-animation-output-transform"><float_array id="Head-Matrix-animation-output-transform-array" count="512">

0.912383 0.079625 0.401518 0.000000 -0.112643 0.991866 0.059267 5.564000 -0.393533 -0.099302 0.913932 0.988100 0.000000 0.000000 0.000000 1.000000
0.913539 0.035540 0.405194 0.000000 -0.089926 0.989172 0.115983 5.564000 -0.396685 -0.142392 0.906844 0.988100 0.000000 0.000000 0.000000 1.000000
0.913009 -0.009690 0.407825 -0.000000 -0.067299 0.982442 0.174008 5.564000 -0.402351 -0.186317 0.896326 0.988100 0.000000 0.000000 0.000000 1.000000
0.910699 -0.051278 0.409876 -0.000000 -0.047142 0.972879 0.226458 5.564000 -0.410372 -0.225557 0.883583 0.988100 0.000000 0.000000 0.000000 1.000000
0.905140 -0.082361 0.417059 0.000000 -0.033112 0.964414 0.262315 5.564000 -0.423822 -0.251241 0.870203 0.988100 0.000000 0.000000 0.000000 1.000000
0.901617 -0.103960 0.419857 -0.000000 -0.022323 0.958209 0.285198 5.564000 -0.431960 -0.266512 0.861616 0.988100 0.000000 0.000000 0.000000 1.000000
0.895110 -0.113044 0.431276 -0.000000 -0.018297 0.957194 0.288870 5.564000 -0.445469 -0.266461 0.854725 0.988100 0.000000 0.000000 0.000000 1.000000
0.890744 -0.125536 0.436826 0.000000 -0.012744 0.953823 0.300099 5.564000 -0.454328 -0.272878 0.848012 0.988100 0.000000 0.000000 0.000000 1.000000
0.885427 -0.152802 0.438943 0.000000 -0.003260 0.942348 0.334620 5.564000 -0.464767 -0.297712 0.833882 0.988100 0.000000 0.000000 0.000000 1.000000
0.880346 -0.172831 0.441725 0.000000 0.000923 0.931878 0.362771 5.564000 -0.474332 -0.318956 0.820534 0.988100 0.000000 0.000000 0.000000 1.000000
0.875821 -0.168396 0.452306 0.000000 -0.005785 0.933427 0.358722 5.564000 -0.482601 -0.316793 0.816540 0.988100 0.000000 0.000000 0.000000 1.000000
0.870246 -0.158067 0.466569 0.000000 -0.015117 0.938108 0.346013 5.564000 -0.492385 -0.308170 0.813995 0.988100 0.000000 0.000000 0.000000 1.000000
0.865047 -0.147882 0.479400 -0.000000 -0.023402 0.942634 0.333005 5.564000 -0.501144 -0.299285 0.811963 0.988100 0.000000 0.000000 0.000000 1.000000
0.862180 -0.140250 0.486801 -0.000000 -0.028837 0.945770 0.323554 5.564000 -0.505781 -0.292999 0.811380 0.988100 0.000000 0.000000 0.000000 1.000000
0.860778 -0.133825 0.491073 0.000000 -0.032919 0.948158 0.316090 5.564000 -0.507915 -0.288249 0.811748 0.988100 0.000000 0.000000 0.000000 1.000000
0.859875 -0.127777 0.494255 0.000000 -0.036625 0.950234 0.309376 5.564000 -0.509190 -0.284127 0.812403 0.988100 0.000000 0.000000 0.000000 1.000000
0.859370 -0.122221 0.496533 0.000000 -0.039907 0.952024 0.303410 5.564000 -0.509794 -0.280557 0.813263 0.988100 0.000000 0.000000 0.000000 1.000000
0.859164 -0.117267 0.498081 0.000000 -0.042709 0.953556 0.298174 5.564000 -0.509914 -0.277453 0.814253 0.988100 0.000000 0.000000 0.000000 1.000000
0.859156 -0.113025 0.499076 0.000000 -0.044962 0.954856 0.293646 5.564000 -0.509735 -0.274727 0.815289 0.988100 0.000000 0.000000 0.000000 1.000000
0.859243 -0.109603 0.499689 0.000000 -0.046593 0.955953 0.289799 5.564000 -0.509442 -0.272290 0.816289 0.988100 0.000000 0.000000 0.000000 1.000000
0.859393 -0.107094 0.499975 0.000000 -0.047402 0.956922 0.286450 5.564000 -0.509114 -0.269873 0.817295 0.988100 0.000000 0.000000 0.000000 1.000000
0.859958 -0.105459 0.499350 0.000000 -0.046555 0.958130 0.282525 5.564000 -0.508237 -0.266207 0.819041 0.988100 0.000000 0.000000 0.000000 1.000000
0.862740 -0.104258 0.494783 -0.000000 -0.040803 0.960967 0.273638 5.564000 -0.503999 -0.256267 0.824810 0.988100 0.000000 0.000000 0.000000 1.000000
0.870316 -0.102082 0.481799 -0.000000 -0.026518 0.967150 0.252818 5.564000 -0.491780 -0.232808 0.839019 0.988100 0.000000 0.000000 0.000000 1.000000
0.880200 -0.097805 0.464416 0.000000 -0.009938 0.974523 0.224067 5.564000 -0.474499 -0.201839 0.856803 0.988100 0.000000 0.000000 0.000000 1.000000
0.890535 -0.090507 0.445821 0.000000 0.003924 0.981501 0.191416 5.564000 -0.454899 -0.168713 0.874416 0.988100 0.000000 0.000000 0.000000 1.000000
0.899802 -0.080568 0.428795 0.000000 0.012061 0.987020 0.160144 5.564000 -0.436132 -0.138926 0.889094 0.988100 0.000000 0.000000 0.000000 1.000000
0.906586 -0.062662 0.417342 -0.000000 0.006543 0.990883 0.134563 5.564000 -0.421969 -0.119263 0.898731 0.988100 0.000000 0.000000 0.000000 1.000000
0.911476 -0.039406 0.409461 0.000000 -0.007817 0.993562 0.113020 5.564000 -0.411278 -0.106216 0.905300 0.988100 0.000000 0.000000 0.000000 1.000000
0.914401 -0.008775 0.404714 -0.000000 -0.032151 0.995032 0.094217 5.564000 -0.403530 -0.099165 0.909577 0.988100 0.000000 0.000000 0.000000 1.000000
0.914187 0.035767 0.403712 -0.000000 -0.072916 0.994360 0.077019 5.564000 -0.398680 -0.099847 0.911638 0.988100 0.000000 0.000000 0.000000 1.000000
0.912383 0.079625 0.401518 -0.000000 -0.112643 0.991866 0.059267 5.564000 -0.393533 -0.099302 0.913932 0.988100 0.000000 0.000000 0.000000 1.000000</float_array><technique_common><accessor source="#Head-Matrix-animation-output-transform-array" count="32" stride="16"><param type="float4x4"/></accessor></technique_common></source><source id="Head-Interpolations"><Name_array id="Head-Interpolations-array" count="32">
 LINEAR LINEAR LINEAR LINEAR LINEAR LINEAR LINEAR LINEAR LINEAR LINEAR LINEAR
LINEAR LINEAR LINEAR LINEAR LINEAR LINEAR LINEAR LINEAR LINEAR LINEAR LINEAR LINEAR
LINEAR LINEAR LINEAR LINEAR LINEAR LINEAR LINEAR LINEAR LINEAR</Name_array><technique_common><accessor source="#Head-Interpolations-array" count="32"><param type="name"/></accessor></technique_common></source><sampler id="Head-Matrix-animation-transform"><input semantic="INPUT" source="#Head-Matrix-animation-input"/><input semantic="OUTPUT" source="#Head-Matrix-animation-output-transform"/><input semantic="INTERPOLATION" source="#Head-Interpolations"/></sampler><channel source="#Head-Matrix-animation-transform" target="Head/matrix"/></animation>
    <animation id="LeftShoulder-anim" name="LeftShoulder"><source id="LeftShoulder-Matrix-animation-input"><float_array id="LeftShoulder-Matrix-animation-input-array" count="32">

0.000000 0.033333 0.066667 0.100000 0.133333 0.166667 0.200000 0.233333 0.266667 0.300000 0.333333 0.366667 0.400000 0.433333 0.466667 0.500000
