<?xml version="1.0" encoding="utf-8"?>
<COLLADA xmlns="http://www.collada.org/2005/11/COLLADASchema" version="1.4.1">
  <asset><contributor><author>Mixamo</author><authoring_tool>COLLADA Mixamo exporter</authoring_tool><comments></comments></contributor><created>2018-10-30T22:25:19Z</created><modified>2018-10-30T22:25:19Z</modified><revision></revision><title></title><unit meter="0.010000"/><up_axis>Y_UP</up_axis></asset>
  <library_animations>
    <animation id="Hips-anim" name="Hips"><source id="Hips-Matrix-animation-input"><float_array id="Hips-Matrix-animation-input-array" count="43">

0.000000 0.033333 0.066667 0.100000 0.133333 0.166667 0.200000 0.233333 0.266667 0.300000 0.333333 0.366667 0.400000 0.433333 0.466667 0.500000
0.533333 0.566667 0.600000 0.633333 0.666667 0.700000 0.733333 0.766667 0.800000 0.833333 0.866667 0.900000 0.933333 0.966667 1.000000 1.033333
1.066667 1.100000 1.133333 1.166667 1.200000 1.233333 1.266667 1.300000 1.333333 1.366667 1.400000</float_array><technique_common><accessor source="#Hips-Matrix-animation-input-array" count="43"><param name="TIME" type="float"/></accessor></technique_common></source><source id="Hips-Matrix-animation-output-transform"><float_array id="Hips-Matrix-animation-output-transform-array" count="688">

0.392118 -0.172778 -0.903544 0.000069 -0.022479 0.980111 -0.197175 69.141861 0.919640 0.097627 0.380435 0.000074 0.000000 0.000000 0.000000 1.000000
0.392247 -0.173491 -0.903351 0.083488 -0.022665 0.979932 -0.198040 69.175392 0.919581 0.098155 0.380443 0.012189 0.000000 0.000000 0.000000 1.000000
0.391466 -0.175026 -0.903394 0.165813 -0.022921 0.979585 -0.199720 69.219315 0.919907 0.098890 0.379463 0.026792 0.000000 0.000000 0.000000 1.000000
0.390388 -0.175927 -0.903685 0.252015 -0.023530 0.979345 -0.200822 69.262596 0.920350 0.099662 0.378185 0.054756 0.000000 0.000000 0.000000 1.000000
0.390470 -0.176642 -0.903510 0.327882 -0.023634 0.979173 -0.201649 69.294083 0.920312 0.100092 0.378163 0.079020 0.000000 0.000000 0.000000 1.000000
0.390573 -0.177035 -0.903389 0.394907 -0.023790 0.979066 -0.202150 69.311325 0.920264 0.100446 0.378185 0.101584 0.000000 0.000000 0.000000 1.000000
0.390704 -0.177388 -0.903263 0.446750 -0.024224 0.978936 -0.202727 69.326515 0.920198 0.101087 0.378177 0.115418 0.000000 0.000000 0.000000 1.000000
0.391077 -0.177414 -0.903096 0.483813 -0.024635 0.978875 -0.202969 69.337090 0.920028 0.101625 0.378445 0.127162 0.000000 0.000000 0.000000 1.000000
0.391655 -0.177045 -0.902918 0.511737 -0.025212 0.978880 -0.202875 69.342384 0.919767 0.102222 0.378919 0.135192 0.000000 0.000000 0.000000 1.000000
0.391791 -0.176159 -0.903032 0.532736 -0.025537 0.979039 -0.202066 69.329987 0.919700 0.102228 0.379080 0.137637 0.000000 0.000000 0.000000 1.000000
0.392431 -0.175407 -0.902901 0.537280 -0.025623 0.979181 -0.201363 69.301346 0.919425 0.102156 0.379766 0.130588 0.000000 0.000000 0.000000 1.000000
0.393305 -0.174758 -0.902646 0.529194 -0.025744 0.979291 -0.200814 69.269951 0.919047 0.102219 0.380661 0.119295 0.000000 0.000000 0.000000 1.000000
0.393654 -0.174140 -0.902614 0.522387 -0.025961 0.979396 -0.200276 69.228897 0.918892 0.102272 0.381022 0.098545 0.000000 0.000000 0.000000 1.000000
0.394486 -0.173264 -0.902419 0.519750 -0.026351 0.979526 -0.199587 69.195129 0.918524 0.102514 0.381843 0.077539 0.000000 0.000000 0.000000 1.000000
0.394645 -0.172580 -0.902481 0.514309 -0.026855 0.979616 -0.199074 69.178078 0.918441 0.102799 0.381966 0.051725 0.000000 0.000000 0.000000 1.000000
0.394026 -0.172602 -0.902747 0.513344 -0.027767 0.979524 -0.199401 69.176926 0.918680 0.103636 0.381166 0.024363 0.000000 0.000000 0.000000 1.000000
0.393952 -0.172663 -0.902768 0.517782 -0.027932 0.979494 -0.199527 69.185249 0.918707 0.103820 0.381051 0.000207 0.000000 0.000000 0.000000 1.000000
0.394260 -0.173190 -0.902532 0.525720 -0.027913 0.979372 -0.200128 69.214432 0.918575 0.104095 0.381293 -0.018389 0.000000 0.000000 0.000000 1.000000
0.394389 -0.173370 -0.902441 0.538760 -0.027649 0.979359 -0.200231 69.246689 0.918528 0.103921 0.381455 -0.037527 0.000000 0.000000 0.000000 1.000000
0.394286 -0.173458 -0.902470 0.548301 -0.027327 0.979378 -0.200178 69.274734 0.918582 0.103589 0.381415 -0.053436 0.000000 0.000000 0.000000 1.000000
0.393880 -0.173958 -0.902551 0.552400 -0.027178 0.979294 -0.200610 69.301521 0.918760 0.103546 0.380996 -0.067728 0.000000 0.000000 0.000000 1.000000
0.393265 -0.173662 -0.902875 0.553790 -0.027349 0.979356 -0.200285 69.322487 0.919018 0.103458 0.380397 -0.082281 0.000000 0.000000 0.000000 1.000000
0.392963 -0.173831 -0.902974 0.558930 -0.026750 0.979393 -0.200184 69.332596 0.919165 0.102819 0.380215 -0.099578 0.000000 0.000000 0.000000 1.000000
0.392484 -0.174147 -0.903122 0.551800 -0.026338 0.979381 -0.200298 69.338608 0.919381 0.102401 0.379805 -0.120815 0.000000 0.000000 0.000000 1.000000
0.392160 -0.173919 -0.903307 0.532624 -0.025929 0.979485 -0.199843 69.352150 0.919532 0.101792 0.379605 -0.144220 0.000000 0.000000 0.000000 1.000000
0.391440 -0.173201 -0.903757 0.512330 -0.025898 0.979664 -0.198966 69.360901 0.919839 0.101289 0.378994 -0.162299 0.000000 0.000000 0.000000 1.000000
0.390208 -0.172753 -0.904375 0.478690 -0.026078 0.979773 -0.198407 69.381699 0.920357 0.101004 0.377811 -0.181235 0.000000 0.000000 0.000000 1.000000
0.388745 -0.172395 -0.905073 0.444310 -0.026439 0.979847 -0.197994 69.403366 0.920966 0.100898 0.376352 -0.208507 0.000000 0.000000 0.000000 1.000000
0.388027 -0.172312 -0.905397 0.407944 -0.026420 0.979884 -0.197811 69.436546 0.921269 0.100677 0.375669 -0.217347 0.000000 0.000000 0.000000 1.000000
0.387560 -0.171995 -0.905657 0.375442 -0.025997 0.980010 -0.197240 69.466202 0.921478 0.099987 0.375341 -0.230222 0.000000 0.000000 0.000000 1.000000
0.387051 -0.171640 -0.905942 0.339428 -0.026049 0.980094 -0.196818 69.489426 0.921690 0.099777 0.374875 -0.250841 0.000000 0.000000 0.000000 1.000000
0.386450 -0.170916 -0.906336 0.298006 -0.026285 0.980240 -0.196060 69.509827 0.921936 0.099590 0.374321 -0.278630 0.000000 0.000000 0.000000 1.000000
0.387622 -0.170723 -0.905871 0.261217 -0.026468 0.980234 -0.196064 69.515320 0.921438 0.099976 0.375441 -0.306994 0.000000 0.000000 0.000000 1.000000
0.388664 -0.170787 -0.905413 0.229932 -0.026515 0.980190 -0.196275 69.507111 0.920998 0.100292 0.376436 -0.337001 0.000000 0.000000 0.000000 1.000000
0.388695 -0.170738 -0.905409 0.200739 -0.026712 0.980179 -0.196306 69.479408 0.920979 0.100488 0.376430 -0.347249 0.000000 0.000000 0.000000 1.000000
0.388993 -0.170863 -0.905257 0.174213 -0.026499 0.980168 -0.196388 69.434860 0.920860 0.100382 0.376751 -0.333112 0.000000 0.000000 0.000000 1.000000
0.389363 -0.171059 -0.905061 0.148463 -0.026111 0.980159 -0.196486 69.381996 0.920714 0.100137 0.377171 -0.302742 0.000000 0.000000 0.000000 1.000000
0.389788 -0.171310 -0.904831 0.123269 -0.025591 0.980151 -0.196595 69.318314 0.920549 0.099786 0.377667 -0.262585 0.000000 0.000000 0.000000 1.000000
0.390249 -0.171599 -0.904577 0.098495 -0.024980 0.980143 -0.196711 69.250580 0.920370 0.099363 0.378214 -0.215076 0.000000 0.000000 0.000000 1.000000
0.390731 -0.171907 -0.904310 0.073912 -0.024321 0.980136 -0.196830 69.186722 0.920184 0.098902 0.378788 -0.162197 0.000000 0.000000 0.000000 1.000000
0.391214 -0.172218 -0.904042 0.049305 -0.023657 0.980128 -0.196950 69.134964 0.919995 0.098437 0.379366 -0.105921 0.000000 0.000000 0.000000 1.000000
0.391683 -0.172514 -0.903783 0.024609 -0.023029 0.980120 -0.197066 69.105766 0.919812 0.098000 0.379923 -0.041250 0.000000 0.000000 0.000000 1.000000
0.392118 -0.172778 -0.903544 0.000071 -0.022479 0.980111 -0.197175 69.141861 0.919640 0.097627 0.380435 0.000078 0.000000 0.000000 0.000000 1.000000</float_array><technique_common><accessor source="#Hips-Matrix-animation-output-transform-array" count="43" stride="16"><param type="float4x4"/></accessor></technique_common></source><source id="Hips-Interpolations"><Name_array id="Hips-Interpolations-array" count="43">
 LINEAR LINEAR LINEAR LINEAR LINEAR LINEAR LINEAR LINEAR LINEAR LINEAR LINEAR
LINEAR LINEAR LINEAR LINEAR LINEAR LINEAR LINEAR LINEAR LINEAR LINEAR LINEAR LINEAR
LINEAR LINEAR LINEAR LINEAR LINEAR LINEAR LINEAR LINEAR LINEAR LINEAR LINEAR LINEAR
LINEAR LINEAR LINEAR LINEAR LINEAR LINEAR LINEAR LINEAR</Name_array><technique_common><accessor source="#Hips-Interpolations-array" count="43"><param type="name"/></accessor></technique_common></source><sampler id="Hips-Matrix-animation-transform"><input semantic="INPUT" source="#Hips-Matrix-animation-input"/><input semantic="OUTPUT" source="#Hips-Matrix-animation-output-transform"/><input semantic="INTERPOLATION" source="#Hips-Interpolations"/></sampler><channel source="#Hips-Matrix-animation-transform" target="Hips/matrix"/></animation>
    <animation id="Spine-anim" name="Spine"><source id="Spine-Matrix-animation-input"><float_array id="Spine-Matrix-animation-input-array" count="43">

0.000000 0.033333 0.066667 0.100000 0.133333 0.166667 0.200000 0.233333 0.266667 0.300000 0.333333 0.366667 0.400000 0.433333 0.466667 0.500000
0.533333 0.566667 0.600000 0.633333 0.666667 0.700000 0.733333 0.766667 0.800000 0.833333 0.866667 0.900000 0.933333 0.966667 1.000000 1.033333
1.066667 1.100000 1.133333 1.166667 1.200000 1.233333 1.266667 1.300000 1.333333 1.366667 1.400000</float_array><technique_common><accessor source="#Spine-Matrix-animation-input-array" count="43"><param name="TIME" type="float"/></accessor></technique_common></source><source id="Spine-Matrix-animation-output-transform"><float_array id="Spine-Matrix-animation-output-transform-array" count="688">

0.950585 0.179185 0.253537 0.017300 -0.148774 0.979671 -0.134578 10.574800 -0.272497 0.090208 0.957918 -1.117200 0.000000 0.000000 0.000000 1.000000
0.950528 0.179227 0.253721 0.017300 -0.148813 0.979672 -0.134529 10.574800 -0.272675 0.090116 0.957877 -1.117200 0.000000 0.000000 0.000000 1.000000
0.950164 0.179552 0.254853 0.017300 -0.149220 0.979697 -0.133894 10.574800 -0.273719 0.089192 0.957665 -1.117200 0.000000 0.000000 0.000000 1.000000
0.949916 0.179756 0.255630 0.017300 -0.149329 0.979668 -0.133986 10.574800 -0.274517 0.089103 0.957445 -1.117200 0.000000 0.000000 0.000000 1.000000
0.949763 0.180296 0.255818 0.017300 -0.149722 0.979538 -0.134494 10.574800 -0.274832 0.089436 0.957324 -1.117200 0.000000 0.000000 0.000000 1.000000
0.949502 0.180661 0.256528 0.017300 -0.149836 0.979428 -0.135169 10.574800 -0.275671 0.089906 0.957038 -1.117200 0.000000 0.000000 0.000000 1.000000
0.949335 0.181107 0.256835 0.017300 -0.150138 0.979320 -0.135612 10.574800 -0.276084 0.090180 0.956893 -1.117200 0.000000 0.000000 0.000000 1.000000
0.949388 0.181626 0.256268 0.017300 -0.150697 0.979219 -0.135725 10.574800 -0.275594 0.090237 0.957029 -1.117200 0.000000 0.000000 0.000000 1.000000
0.949609 0.181723 0.255381 0.017300 -0.150766 0.979151 -0.136133 10.574800 -0.274795 0.090770 0.957209 -1.117200 0.000000 0.000000 0.000000 1.000000
0.949767 0.182431 0.254287 0.017300 -0.151374 0.978946 -0.136929 10.574800 -0.273914 0.091558 0.957386 -1.117200 0.000000 0.000000 0.000000 1.000000
0.949673 0.183014 0.254220 0.017300 -0.151896 0.978823 -0.137233 10.574800 -0.273952 0.091712 0.957361 -1.117200 0.000000 0.000000 0.000000 1.000000
0.949668 0.183398 0.253960 0.017300 -0.152312 0.978756 -0.137251 10.574800 -0.273737 0.091662 0.957427 -1.117200 0.000000 0.000000 0.000000 1.000000
0.949553 0.183835 0.254074 0.017300 -0.152781 0.978698 -0.137144 10.574800 -0.273874 0.091408 0.957412 -1.117200 0.000000 0.000000 0.000000 1.000000
0.949901 0.183964 0.252678 0.017300 -0.153071 0.978662 -0.137077 10.574800 -0.272504 0.091532 0.957791 -1.117200 0.000000 0.000000 0.000000 1.000000
0.949569 0.184032 0.253873 0.017300 -0.153038 0.978674 -0.137027 10.574800 -0.273676 0.091264 0.957482 -1.117200 0.000000 0.000000 0.000000 1.000000
0.949403 0.183833 0.254634 0.017300 -0.153062 0.978818 -0.135967 10.574800 -0.274236 0.090113 0.957431 -1.117200 0.000000 0.000000 0.000000 1.000000
0.949527 0.183799 0.254199 0.017300 -0.153248 0.978876 -0.135342 10.574800 -0.273705 0.089555 0.957635 -1.117200 0.000000 0.000000 0.000000 1.000000
0.949772 0.183361 0.253599 0.017300 -0.153150 0.979034 -0.134301 10.574800 -0.272907 0.088716 0.957941 -1.117200 0.000000 0.000000 0.000000 1.000000
0.949971 0.183223 0.252953 0.017300 -0.153135 0.979068 -0.134073 10.574800 -0.272223 0.088630 0.958144 -1.117200 0.000000 0.000000 0.000000 1.000000
0.950259 0.183316 0.251799 0.017300 -0.153369 0.979045 -0.133975 10.574800 -0.271083 0.088693 0.958461 -1.117200 0.000000 0.000000 0.000000 1.000000
0.950257 0.182887 0.252118 0.017300 -0.153198 0.979217 -0.132909 10.574800 -0.271186 0.087674 0.958526 -1.117200 0.000000 0.000000 0.000000 1.000000
0.950294 0.182240 0.252449 0.017300 -0.152575 0.979350 -0.132643 10.574800 -0.271408 0.087533 0.958476 -1.117200 0.000000 0.000000 0.000000 1.000000
0.950432 0.181923 0.252158 0.017300 -0.152368 0.979427 -0.132315 10.574800 -0.271042 0.087335 0.958597 -1.117200 0.000000 0.000000 0.000000 1.000000
0.950361 0.181694 0.252588 0.017300 -0.152329 0.979545 -0.131479 10.574800 -0.271311 0.086476 0.958599 -1.117200 0.000000 0.000000 0.000000 1.000000
0.950389 0.181158 0.252868 0.017300 -0.151913 0.979687 -0.130904 10.574800 -0.271446 0.085996 0.958604 -1.117200 0.000000 0.000000 0.000000 1.000000
0.950381 0.180421 0.253424 0.017300 -0.151139 0.979824 -0.130771 10.574800 -0.271905 0.085980 0.958475 -1.117200 0.000000 0.000000 0.000000 1.000000
0.950364 0.179912 0.253849 0.017300 -0.150698 0.979950 -0.130338 10.574800 -0.272209 0.085614 0.958422 -1.117200 0.000000 0.000000 0.000000 1.000000
0.950326 0.179726 0.254125 0.017300 -0.150604 0.980022 -0.129908 10.574800 -0.272395 0.085183 0.958407 -1.117200 0.000000 0.000000 0.000000 1.000000
0.950331 0.178840 0.254731 0.017300 -0.149892 0.980250 -0.129005 10.574800 -0.272771 0.084415 0.958368 -1.117200 0.000000 0.000000 0.000000 1.000000
0.950670 0.178522 0.253686 0.017300 -0.149665 0.980288 -0.128981 10.574800 -0.271711 0.084650 0.958649 -1.117200 0.000000 0.000000 0.000000 1.000000
0.950827 0.178264 0.253277 0.017300 -0.149518 0.980348 -0.128691 10.574800 -0.271241 0.084494 0.958796 -1.117200 0.000000 0.000000 0.000000 1.000000
0.950880 0.177967 0.253287 0.017300 -0.149190 0.980389 -0.128766 10.574800 -0.271236 0.084653 0.958783 -1.117200 0.000000 0.000000 0.000000 1.000000
0.950967 0.177141 0.253541 0.017300 -0.148430 0.980557 -0.128363 10.574800 -0.271350 0.084436 0.958770 -1.117200 0.000000 0.000000 0.000000 1.000000
0.951170 0.177019 0.252863 0.017300 -0.148346 0.980561 -0.128430 10.574800 -0.270682 0.084647 0.958940 -1.117200 0.000000 0.000000 0.000000 1.000000
0.951128 0.176981 0.253050 0.017300 -0.148104 0.980511 -0.129087 10.574800 -0.270964 0.085301 0.958803 -1.117200 0.000000 0.000000 0.000000 1.000000
0.951370 0.177272 0.251931 0.017300 -0.148395 0.980414 -0.129485 10.574800 -0.269951 0.085803 0.959044 -1.117200 0.000000 0.000000 0.000000 1.000000
0.951402 0.177166 0.251887 0.017300 -0.148073 0.980361 -0.130254 10.574800 -0.270017 0.086626 0.958951 -1.117200 0.000000 0.000000 0.000000 1.000000
0.951828 0.177290 0.250182 0.017300 -0.148284 0.980293 -0.130526 10.574800 -0.268393 0.087141 0.959360 -1.117200 0.000000 0.000000 0.000000 1.000000
0.951785 0.177999 0.249845 0.017300 -0.148971 0.980153 -0.130793 10.574800 -0.268167 0.087267 0.959412 -1.117200 0.000000 0.000000 0.000000 1.000000
0.951717 0.178737 0.249577 0.017300 -0.149363 0.979905 -0.132199 10.574800 -0.268190 0.088538 0.959289 -1.117200 0.000000 0.000000 0.000000 1.000000
0.951547 0.179571 0.249625 0.017300 -0.149978 0.979695 -0.133055 10.574800 -0.268449 0.089170 0.959158 -1.117200 0.000000 0.000000 0.000000 1.000000
0.950893 0.178981 0.252526 0.017300 -0.148856 0.979753 -0.133892 10.574800 -0.271377 0.089727 0.958282 -1.117200 0.000000 0.000000 0.000000 1.000000
0.950585 0.179186 0.253538 0.017300 -0.148774 0.979671 -0.134578 10.574800 -0.272498 0.090208 0.957918 -1.117200 0.000000 0.000000 0.000000 1.000000</float_array><technique_common><accessor source="#Spine-Matrix-animation-output-transform-array" count="43" stride="16"><param type="float4x4"/></accessor></technique_common></source><source id="Spine-Interpolations"><Name_array id="Spine-Interpolations-array" count="43">
 LINEAR LINEAR LINEAR LINEAR LINEAR LINEAR LINEAR LINEAR LINEAR LINEAR LINEAR
LINEAR LINEAR LINEAR LINEAR LINEAR LINEAR LINEAR LINEAR LINEAR LINEAR LINEAR LINEAR
LINEAR LINEAR LINEAR LINEAR LINEAR LINEAR LINEAR LINEAR LINEAR LINEAR LINEAR LINEAR
LINEAR LINEAR LINEAR LINEAR LINEAR LINEAR LINEAR LINEAR</Name_array><technique_common><accessor source="#Spine-Interpolations-array" count="43"><param type="name"/></accessor></technique_common></source><sampler id="Spine-Matrix-animation-transform"><input semantic="INPUT" source="#Spine-Matrix-animation-input"/><input semantic="OUTPUT" source="#Spine-Matrix-animation-output-transform"/><input semantic="INTERPOLATION" source="#Spine-Interpolations"/></sampler><channel source="#Spine-Matrix-animation-transform" target="Spine/matrix"/></animation>
    <animation id="Spine1-anim" name="Spine1"><source id="Spine1-Matrix-animation-input"><float_array id="Spine1-Matrix-animation-input-array" count="43">

0.000000 0.033333 0.066667 0.100000 0.133333 0.166667 0.200000 0.233333 0.266667 0.300000 0.333333 0.366667 0.400000 0.433333 0.466667 0.500000
0.533333 0.566667 0.600000 0.633333 0.666667 0.700000 0.733333 0.766667 0.800000 0.833333 0.866667 0.900000 0.933333 0.966667 1.000000 1.033333
1.066667 1.100000 1.133333 1.166667 1.200000 1.233333 1.266667 1.300000 1.333333 1.366667 1.400000</float_array><technique_common><accessor source="#Spine1-Matrix-animation-input-array" count="43"><param name="TIME" type="float"/></accessor></technique_common></source><source id="Spine1-Matrix-animation-output-transform"><float_array id="Spine1-Matrix-animation-output-transform-array" count="688">

0.999086 0.040171 0.014578 0.019000 -0.037963 0.990935 -0.128868 12.337300 -0.019623 0.128197 0.991555 -1.303400 0.000000 0.000000 0.000000 1.000000
0.999085 0.040182 0.014622 0.019000 -0.037968 0.990934 -0.128869 12.337300 -0.019668 0.128196 0.991554 -1.303400 0.000000 0.000000 0.000000 1.000000
0.999079 0.040249 0.014904 0.019000 -0.037998 0.990932 -0.128880 12.337300 -0.019956 0.128195 0.991548 -1.303400 0.000000 0.000000 0.000000 1.000000
0.999073 0.040299 0.015113 0.019000 -0.038020 0.990930 -0.128889 12.337300 -0.020170 0.128195 0.991544 -1.303400 0.000000 0.000000 0.000000 1.000000
0.999072 0.040312 0.015169 0.019000 -0.038027 0.990929 -0.128891 12.337300 -0.020228 0.128194 0.991543 -1.303400 0.000000 0.000000 0.000000 1.000000
0.999067 0.040358 0.015364 0.019000 -0.038047 0.990928 -0.128899 12.337300 -0.020426 0.128194 0.991539 -1.303400 0.000000 0.000000 0.000000 1.000000
0.999067 0.040356 0.015354 0.019000 -0.038046 0.990928 -0.128898 12.337300 -0.020417 0.128194 0.991539 -1.303400 0.000000 0.000000 0.000000 1.000000
0.999066 0.040407 0.015307 0.019000 -0.038103 0.990926 -0.128898 12.337300 -0.020376 0.128194 0.991540 -1.303400 0.000000 0.000000 0.000000 1.000000
0.999060 0.040637 0.015062 0.019000 -0.038363 0.990916 -0.128895 12.337300 -0.020163 0.128196 0.991544 -1.303400 0.000000 0.000000 0.000000 1.000000
0.999057 0.040808 0.014848 0.019000 -0.038559 0.990909 -0.128892 12.337300 -0.019973 0.128198 0.991548 -1.303400 0.000000 0.000000 0.000000 1.000000
0.999049 0.041004 0.014809 0.019000 -0.038759 0.990901 -0.128895 12.337300 -0.019960 0.128198 0.991548 -1.303400 0.000000 0.000000 0.000000 1.000000
0.999043 0.041170 0.014800 0.019000 -0.038924 0.990894 -0.128898 12.337300 -0.019972 0.128199 0.991547 -1.303400 0.000000 0.000000 0.000000 1.000000
0.999040 0.041263 0.014691 0.019000 -0.039031 0.990890 -0.128897 12.337300 -0.019876 0.128200 0.991549 -1.303400 0.000000 0.000000 0.000000 1.000000
0.999046 0.041261 0.014296 0.019000 -0.039079 0.990890 -0.128883 12.337300 -0.019484 0.128201 0.991557 -1.303400 0.000000 0.000000 0.000000 1.000000
0.999036 0.041394 0.014603 0.019000 -0.039173 0.990884 -0.128897 12.337300 -0.019806 0.128200 0.991551 -1.303400 0.000000 0.000000 0.000000 1.000000
0.999031 0.041452 0.014786 0.019000 -0.039206 0.990882 -0.128904 12.337300 -0.019994 0.128200 0.991547 -1.303400 0.000000 0.000000 0.000000 1.000000
0.999034 0.041434 0.014653 0.019000 -0.039205 0.990882 -0.128899 12.337300 -0.019860 0.128200 0.991549 -1.303400 0.000000 0.000000 0.000000 1.000000
0.999036 0.041449 0.014473 0.019000 -0.039243 0.990882 -0.128893 12.337300 -0.019683 0.128201 0.991553 -1.303400 0.000000 0.000000 0.000000 1.000000
0.999034 0.041564 0.014262 0.019000 -0.039385 0.990877 -0.128889 12.337300 -0.019489 0.128202 0.991557 -1.303400 0.000000 0.000000 0.000000 1.000000
0.999035 0.041671 0.013895 0.019000 -0.039538 0.990873 -0.128867 12.337300 -0.019138 0.128193 0.991565 -1.303400 0.000000 0.000000 0.000000 1.000000
0.999038 0.041616 0.013815 0.019000 -0.039495 0.990881 -0.128820 12.337300 -0.019050 0.128151 0.991572 -1.303400 0.000000 0.000000 0.000000 1.000000
0.999044 0.041477 0.013818 0.019000 -0.039357 0.990892 -0.128776 12.337300 -0.019033 0.128109 0.991577 -1.303400 0.000000 0.000000 0.000000 1.000000
0.999046 0.041409 0.013842 0.019000 -0.039288 0.990900 -0.128735 12.337300 -0.019047 0.128069 0.991582 -1.303400 0.000000 0.000000 0.000000 1.000000
0.999050 0.041312 0.013907 0.019000 -0.039184 0.990910 -0.128692 12.337300 -0.019097 0.128025 0.991587 -1.303400 0.000000 0.000000 0.000000 1.000000
0.999053 0.041192 0.014018 0.019000 -0.039052 0.990922 -0.128643 12.337300 -0.019190 0.127974 0.991592 -1.303400 0.000000 0.000000 0.000000 1.000000
0.999054 0.041086 0.014244 0.019000 -0.038918 0.990933 -0.128599 12.337300 -0.019398 0.127923 0.991594 -1.303400 0.000000 0.000000 0.000000 1.000000
0.999054 0.041077 0.014309 0.019000 -0.038902 0.990939 -0.128555 12.337300 -0.019460 0.127877 0.991599 -1.303400 0.000000 0.000000 0.000000 1.000000
0.999058 0.040930 0.014449 0.019000 -0.038739 0.990949 -0.128531 12.337300 -0.019579 0.127850 0.991600 -1.303400 0.000000 0.000000 0.000000 1.000000
0.999065 0.040693 0.014601 0.019000 -0.038484 0.990961 -0.128514 12.337300 -0.019699 0.127832 0.991600 -1.303400 0.000000 0.000000 0.000000 1.000000
0.999054 0.041076 0.014297 0.019000 -0.038904 0.990947 -0.128493 12.337300 -0.019446 0.127815 0.991607 -1.303400 0.000000 0.000000 0.000000 1.000000
0.999052 0.041146 0.014224 0.019000 -0.038984 0.990949 -0.128457 12.337300 -0.019380 0.127780 0.991613 -1.303400 0.000000 0.000000 0.000000 1.000000
0.999050 0.041217 0.014123 0.019000 -0.039068 0.990954 -0.128386 12.337300 -0.019287 0.127712 0.991624 -1.303400 0.000000 0.000000 0.000000 1.000000
0.999070 0.040708 0.014240 0.019000 -0.038553 0.991005 -0.128154 12.337300 -0.019329 0.127486 0.991652 -1.303400 0.000000 0.000000 0.000000 1.000000
0.999068 0.040804 0.014046 0.019000 -0.038674 0.991003 -0.128129 12.337300 -0.019148 0.127466 0.991658 -1.303400 0.000000 0.000000 0.000000 1.000000
0.999072 0.040688 0.014124 0.019000 -0.038541 0.990958 -0.128517 12.337300 -0.019225 0.127854 0.991607 -1.303400 0.000000 0.000000 0.000000 1.000000
0.999061 0.041084 0.013777 0.019000 -0.038976 0.990924 -0.128647 12.337300 -0.018937 0.127989 0.991595 -1.303400 0.000000 0.000000 0.000000 1.000000
0.999061 0.041084 0.013789 0.019000 -0.038972 0.990913 -0.128733 12.337300 -0.018953 0.128075 0.991583 -1.303400 0.000000 0.000000 0.000000 1.000000
0.999049 0.041524 0.013265 0.019000 -0.039475 0.990887 -0.128785 12.337300 -0.018491 0.128139 0.991584 -1.303400 0.000000 0.000000 0.000000 1.000000
0.999045 0.041664 0.013180 0.019000 -0.039624 0.990876 -0.128822 12.337300 -0.018427 0.128177 0.991580 -1.303400 0.000000 0.000000 0.000000 1.000000
0.999047 0.041626 0.013163 0.019000 -0.039589 0.990882 -0.128783 12.337300 -0.018404 0.128139 0.991585 -1.303400 0.000000 0.000000 0.000000 1.000000
0.999045 0.041649 0.013218 0.019000 -0.039603 0.990869 -0.128879 12.337300 -0.018465 0.128233 0.991572 -1.303400 0.000000 0.000000 0.000000 1.000000
0.999083 0.040385 0.014232 0.019000 -0.038226 0.990969 -0.128528 12.337300 -0.019294 0.127866 0.991604 -1.303400 0.000000 0.000000 0.000000 1.000000
0.999087 0.040165 0.014570 0.019000 -0.037963 0.990974 -0.128569 12.337300 -0.019603 0.127899 0.991594 -1.303400 0.000000 0.000000 0.000000 1.000000</float_array><technique_common><accessor source="#Spine1-Matrix-animation-output-transform-array" count="43" stride="16"><param type="float4x4"/></accessor></technique_common></source><source id="Spine1-Interpolations"><Name_array id="Spine1-Interpolations-array" count="43">
 LINEAR LINEAR LINEAR LINEAR LINEAR LINEAR LINEAR LINEAR LINEAR LINEAR LINEAR
LINEAR LINEAR LINEAR LINEAR LINEAR LINEAR LINEAR LINEAR LINEAR LINEAR LINEAR LINEAR
LINEAR LINEAR LINEAR LINEAR LINEAR LINEAR LINEAR LINEAR LINEAR LINEAR LINEAR LINEAR
LINEAR LINEAR LINEAR LINEAR LINEAR LINEAR LINEAR LINEAR</Name_array><technique_common><accessor source="#Spine1-Interpolations-array" count="43"><param type="name"/></accessor></technique_common></source><sampler id="Spine1-Matrix-animation-transform"><input semantic="INPUT" source="#Spine1-Matrix-animation-input"/><input semantic="OUTPUT" source="#Spine1-Matrix-animation-output-transform"/><input semantic="INTERPOLATION" source="#Spine1-Interpolations"/></sampler><channel source="#Spine1-Matrix-animation-transform" target="Spine1/matrix"/></animation>
    <animation id="Spine2-anim" name="Spine2"><source id="Spine2-Matrix-animation-input"><float_array id="Spine2-Matrix-animation-input-array" count="43">

0.000000 0.033333 0.066667 0.100000 0.133333 0.166667 0.200000 0.233333 0.266667 0.300000 0.333333 0.366667 0.400000 0.433333 0.466667 0.500000
0.533333 0.566667 0.600000 0.633333 0.666667 0.700000 0.733333 0.766667 0.800000 0.833333 0.866667 0.900000 0.933333 0.966667 1.000000 1.033333
1.066667 1.100000 1.133333 1.166667 1.200000 1.233333 1.266667 1.300000 1.333333 1.366667 1.400000</float_array><technique_common><accessor source="#Spine2-Matrix-animation-input-array" count="43"><param name="TIME" type="float"/></accessor></technique_common></source><source id="Spine2-Matrix-animation-output-transform"><float_array id="Spine2-Matrix-animation-output-transform-array" count="688">

0.979356 -0.109340 -0.170017 0.021700 0.105158 0.993893 -0.033436 14.099800 0.172635 0.014867 0.984874 -1.489600 0.000000 0.000000 0.000000 1.000000
0.979365 -0.109335 -0.169972 0.021700 0.105154 0.993894 -0.033431 14.099800 0.172590 0.014868 0.984882 -1.489600 0.000000 0.000000 0.000000 1.000000
0.979418 -0.109300 -0.169688 0.021700 0.105129 0.993898 -0.033401 14.099800 0.172303 0.014875 0.984932 -1.489600 0.000000 0.000000 0.000000 1.000000
0.979458 -0.109274 -0.169476 0.021700 0.105110 0.993900 -0.033379 14.099800 0.172089 0.014880 0.984969 -1.489600 0.000000 0.000000 0.000000 1.000000
0.979467 -0.109267 -0.169423 0.021700 0.105105 0.993901 -0.033373 14.099800 0.172036 0.014881 0.984978 -1.489600 0.000000 0.000000 0.000000 1.000000
0.979503 -0.109244 -0.169232 0.021700 0.105088 0.993903 -0.033353 14.099800 0.171844 0.014885 0.985012 -1.489600 0.000000 0.000000 0.000000 1.000000
0.979500 -0.109246 -0.169250 0.021700 0.105089 0.993903 -0.033355 14.099800 0.171862 0.014885 0.985009 -1.489600 0.000000 0.000000 0.000000 1.000000
0.979498 -0.109185 -0.169299 0.021700 0.105028 0.993910 -0.033348 14.099800 0.171909 0.014883 0.985000 -1.489600 0.000000 0.000000 0.000000 1.000000
0.979490 -0.108925 -0.169511 0.021700 0.104766 0.993939 -0.033318 14.099800 0.172112 0.014876 0.984965 -1.489600 0.000000 0.000000 0.000000 1.000000
0.979475 -0.108783 -0.169689 0.021700 0.104621 0.993954 -0.033307 14.099800 0.172286 0.014870 0.984935 -1.489600 0.000000 0.000000 0.000000 1.000000
0.979492 -0.108607 -0.169703 0.021700 0.104447 0.993974 -0.033276 14.099800 0.172295 0.014868 0.984933 -1.489600 0.000000 0.000000 0.000000 1.000000
0.979512 -0.108437 -0.169697 0.021700 0.104280 0.993992 -0.033244 14.099800 0.172283 0.014867 0.984935 -1.489600 0.000000 0.000000 0.000000 1.000000
0.979509 -0.108293 -0.169807 0.021700 0.104136 0.994008 -0.033227 14.099800 0.172388 0.014863 0.984917 -1.489600 0.000000 0.000000 0.000000 1.000000
0.979446 -0.108240 -0.170206 0.021700 0.104072 0.994014 -0.033250 14.099800 0.172786 0.014853 0.984847 -1.489600 0.000000 0.000000 0.000000 1.000000
0.979510 -0.108153 -0.169890 0.021700 0.104001 0.994024 -0.033181 14.099800 0.172463 0.014833 0.984904 -1.489600 0.000000 0.000000 0.000000 1.000000
0.979547 -0.108108 -0.169704 0.021700 0.103975 0.994030 -0.033083 14.099800 0.172267 0.014761 0.984940 -1.489600 0.000000 0.000000 0.000000 1.000000
0.979526 -0.108100 -0.169833 0.021700 0.103975 0.994032 -0.033022 14.099800 0.172389 0.014688 0.984919 -1.489600 0.000000 0.000000 0.000000 1.000000
0.979503 -0.108048 -0.169997 0.021700 0.103940 0.994039 -0.032912 14.099800 0.172540 0.014568 0.984895 -1.489600 0.000000 0.000000 0.000000 1.000000
0.979484 -0.107904 -0.170196 0.021700 0.103808 0.994056 -0.032813 14.099800 0.172725 0.014472 0.984864 -1.489600 0.000000 0.000000 0.000000 1.000000
0.979439 -0.107769 -0.170545 0.021700 0.103671 0.994071 -0.032782 14.099800 0.173066 0.014427 0.984804 -1.489600 0.000000 0.000000 0.000000 1.000000
0.979418 -0.107812 -0.170635 0.021700 0.103714 0.994067 -0.032774 14.099800 0.173156 0.014402 0.984789 -1.489600 0.000000 0.000000 0.000000 1.000000
0.979399 -0.107954 -0.170655 0.021700 0.103857 0.994052 -0.032784 14.099800 0.173179 0.014384 0.984785 -1.489600 0.000000 0.000000 0.000000 1.000000
0.979393 -0.108026 -0.170648 0.021700 0.103931 0.994044 -0.032774 14.099800 0.173172 0.014363 0.984787 -1.489600 0.000000 0.000000 0.000000 1.000000
0.979390 -0.108121 -0.170599 0.021700 0.104030 0.994034 -0.032769 14.099800 0.173124 0.014346 0.984795 -1.489600 0.000000 0.000000 0.000000 1.000000
0.979395 -0.108253 -0.170492 0.021700 0.104164 0.994020 -0.032778 14.099800 0.173021 0.014344 0.984814 -1.489600 0.000000 0.000000 0.000000 1.000000
0.979419 -0.108383 -0.170271 0.021700 0.104298 0.994006 -0.032785 14.099800 0.172804 0.014352 0.984852 -1.489600 0.000000 0.000000 0.000000 1.000000
0.979428 -0.108397 -0.170207 0.021700 0.104313 0.994004 -0.032785 14.099800 0.172740 0.014356 0.984863 -1.489600 0.000000 0.000000 0.000000 1.000000
0.979432 -0.108558 -0.170082 0.021700 0.104475 0.993986 -0.032801 14.099800 0.172620 0.014358 0.984884 -1.489600 0.000000 0.000000 0.000000 1.000000
0.979425 -0.108809 -0.169960 0.021700 0.104728 0.993959 -0.032824 14.099800 0.172504 0.014349 0.984904 -1.489600 0.000000 0.000000 0.000000 1.000000
0.979428 -0.108397 -0.170209 0.021700 0.104321 0.994005 -0.032741 14.099800 0.172738 0.014311 0.984864 -1.489600 0.000000 0.000000 0.000000 1.000000
0.979426 -0.108318 -0.170273 0.021700 0.104250 0.994014 -0.032680 14.099800 0.172793 0.014257 0.984855 -1.489600 0.000000 0.000000 0.000000 1.000000
0.979419 -0.108240 -0.170361 0.021700 0.104186 0.994024 -0.032585 14.099800 0.172870 0.014165 0.984843 -1.489600 0.000000 0.000000 0.000000 1.000000
0.979372 -0.108758 -0.170299 0.021700 0.104734 0.993970 -0.032462 14.099800 0.172803 0.013956 0.984858 -1.489600 0.000000 0.000000 0.000000 1.000000
0.979354 -0.108643 -0.170475 0.021700 0.104621 0.993983 -0.032428 14.099800 0.172973 0.013923 0.984828 -1.489600 0.000000 0.000000 0.000000 1.000000
0.979353 -0.108766 -0.170402 0.021700 0.104686 0.993965 -0.032774 14.099800 0.172939 0.014259 0.984829 -1.489600 0.000000 0.000000 0.000000 1.000000
0.979349 -0.108336 -0.170699 0.021700 0.104244 0.994011 -0.032780 14.099800 0.173228 0.014309 0.984778 -1.489600 0.000000 0.000000 0.000000 1.000000
0.979351 -0.108336 -0.170692 0.021700 0.104245 0.994011 -0.032779 14.099800 0.173221 0.014309 0.984779 -1.489600 0.000000 0.000000 0.000000 1.000000
0.979324 -0.107847 -0.171152 0.021700 0.103753 0.994065 -0.032711 14.099800 0.173664 0.014277 0.984701 -1.489600 0.000000 0.000000 0.000000 1.000000
0.979329 -0.107702 -0.171218 0.021700 0.103609 0.994081 -0.032694 14.099800 0.173725 0.014279 0.984691 -1.489600 0.000000 0.000000 0.000000 1.000000
0.979321 -0.107735 -0.171240 0.021700 0.103629 0.994076 -0.032765 14.099800 0.173755 0.014342 0.984684 -1.489600 0.000000 0.000000 0.000000 1.000000
0.979333 -0.107717 -0.171184 0.021700 0.103557 0.994074 -0.033072 14.099800 0.173732 0.014661 0.984684 -1.489600 0.000000 0.000000 0.000000 1.000000
0.979331 -0.109074 -0.170333 0.021700 0.104964 0.993929 -0.032974 14.099800 0.172896 0.014414 0.984835 -1.489600 0.000000 0.000000 0.000000 1.000000
0.979356 -0.109325 -0.170027 0.021700 0.105208 0.993900 -0.033066 14.099800 0.172605 0.014495 0.984884 -1.489600 0.000000 0.000000 0.000000 1.000000</float_array><technique_common><accessor source="#Spine2-Matrix-animation-output-transform-array" count="43" stride="16"><param type="float4x4"/></accessor></technique_common></source><source id="Spine2-Interpolations"><Name_array id="Spine2-Interpolations-array" count="43">
 LINEAR LINEAR LINEAR LINEAR LINEAR LINEAR LINEAR LINEAR LINEAR LINEAR LINEAR
LINEAR LINEAR LINEAR LINEAR LINEAR LINEAR LINEAR LINEAR LINEAR LINEAR LINEAR LINEAR
LINEAR LINEAR LINEAR LINEAR LINEAR LINEAR LINEAR LINEAR LINEAR LINEAR LINEAR LINEAR
LINEAR LINEAR LINEAR LINEAR LINEAR LINEAR LINEAR LINEAR</Name_array><technique_common><accessor source="#Spine2-Interpolations-array" count="43"><param type="name"/></accessor></technique_common></source><sampler id="Spine2-Matrix-animation-transform"><input semantic="INPUT" source="#Spine2-Matrix-animation-input"/><input semantic="OUTPUT" source="#Spine2-Matrix-animation-output-transform"/><input semantic="INTERPOLATION" source="#Spine2-Interpolations"/></sampler><channel source="#Spine2-Matrix-animation-transform" target="Spine2/matrix"/></animation>
    <animation id="Neck-anim" name="Neck"><source id="Neck-Matrix-animation-input"><float_array id="Neck-Matrix-animation-input-array" count="43">

0.000000 0.033333 0.066667 0.100000 0.133333 0.166667 0.200000 0.233333 0.266667 0.300000 0.333333 0.366667 0.400000 0.433333 0.466667 0.500000
0.533333 0.566667 0.600000 0.633333 0.666667 0.700000 0.733333 0.766667 0.800000 0.833333 0.866667 0.900000 0.933333 0.966667 1.000000 1.033333
1.066667 1.100000 1.133333 1.166667 1.200000 1.233333 1.266667 1.300000 1.333333 1.366667 1.400000</float_array><technique_common><accessor source="#Neck-Matrix-animation-input-array" count="43"><param name="TIME" type="float"/></accessor></technique_common></source><source id="Neck-Matrix-animation-output-transform"><float_array id="Neck-Matrix-animation-output-transform-array" count="688">

0.930865 -0.086829 0.354896 0.024400 0.116798 0.991100 -0.063870 15.862300 -0.346192 0.100905 0.932722 -1.675800 0.000000 0.000000 0.000000 1.000000
0.930700 -0.087427 0.355181 0.024400 0.117011 0.991153 -0.062641 15.862300 -0.346563 0.099860 0.932696 -1.675800 0.000000 0.000000 0.000000 1.000000
0.930651 -0.087032 0.355408 0.024400 0.116285 0.991294 -0.061751 15.862300 -0.346940 0.098797 0.932669 -1.675800 0.000000 0.000000 0.000000 1.000000
0.930537 -0.087343 0.355628 0.024400 0.116186 0.991381 -0.060528 15.862300 -0.347277 0.097642 0.932665 -1.675800 0.000000 0.000000 0.000000 1.000000
0.930453 -0.087632 0.355779 0.024400 0.116299 0.991403 -0.059960 15.862300 -0.347466 0.097167 0.932645 -1.675800 0.000000 0.000000 0.000000 1.000000
0.930454 -0.088023 0.355679 0.024400 0.116499 0.991413 -0.059406 15.862300 -0.347396 0.096711 0.932718 -1.675800 0.000000 0.000000 0.000000 1.000000
0.930425 -0.089145 0.355475 0.024400 0.117356 0.991362 -0.058560 15.862300 -0.347184 0.096203 0.932849 -1.675800 0.000000 0.000000 0.000000 1.000000
0.930401 -0.089298 0.355498 0.024400 0.117548 0.991335 -0.058631 15.862300 -0.347182 0.096338 0.932836 -1.675800 0.000000 0.000000 0.000000 1.000000
0.930293 -0.090539 0.355467 0.024400 0.118861 0.991179 -0.058614 15.862300 -0.347025 0.096779 0.932849 -1.675800 0.000000 0.000000 0.000000 1.000000
0.930223 -0.090862 0.355570 0.024400 0.119220 0.991136 -0.058624 15.862300 -0.347091 0.096925 0.932809 -1.675800 0.000000 0.000000 0.000000 1.000000
0.930385 -0.091202 0.355058 0.024400 0.119844 0.991009 -0.059480 15.862300 -0.346441 0.097891 0.932950 -1.675800 0.000000 0.000000 0.000000 1.000000
0.930440 -0.090751 0.355030 0.024400 0.119649 0.990986 -0.060258 15.862300 -0.346362 0.098545 0.932911 -1.675800 0.000000 0.000000 0.000000 1.000000
0.930489 -0.090749 0.354902 0.024400 0.120009 0.990880 -0.061271 15.862300 -0.346105 0.099603 0.932894 -1.675800 0.000000 0.000000 0.000000 1.000000
0.930360 -0.091141 0.355138 0.024400 0.120513 0.990809 -0.061432 15.862300 -0.346275 0.099952 0.932793 -1.675800 0.000000 0.000000 0.000000 1.000000
0.930632 -0.090593 0.354565 0.024400 0.120204 0.990789 -0.062350 15.862300 -0.345651 0.100645 0.932950 -1.675800 0.000000 0.000000 0.000000 1.000000
0.930718 -0.090570 0.354346 0.024400 0.120299 0.990753 -0.062739 15.862300 -0.345387 0.101019 0.933008 -1.675800 0.000000 0.000000 0.000000 1.000000
0.930710 -0.090900 0.354284 0.024400 0.120589 0.990727 -0.062596 15.862300 -0.345308 0.100982 0.933041 -1.675800 0.000000 0.000000 0.000000 1.000000
0.930678 -0.091584 0.354191 0.024400 0.121151 0.990685 -0.062174 15.862300 -0.345197 0.100774 0.933104 -1.675800 0.000000 0.000000 0.000000 1.000000
0.930647 -0.091856 0.354201 0.024400 0.121320 0.990685 -0.061847 15.862300 -0.345220 0.100529 0.933122 -1.675800 0.000000 0.000000 0.000000 1.000000
0.930355 -0.092161 0.354889 0.024400 0.121513 0.990696 -0.061277 15.862300 -0.345940 0.100134 0.932898 -1.675800 0.000000 0.000000 0.000000 1.000000
0.930601 -0.091761 0.354347 0.024400 0.121121 0.990729 -0.061534 15.862300 -0.345416 0.100182 0.933087 -1.675800 0.000000 0.000000 0.000000 1.000000
0.930572 -0.092368 0.354265 0.024400 0.121722 0.990661 -0.061439 15.862300 -0.345281 0.100295 0.933125 -1.675800 0.000000 0.000000 0.000000 1.000000
0.930517 -0.092997 0.354245 0.024400 0.122256 0.990617 -0.061080 15.862300 -0.345241 0.100145 0.933156 -1.675800 0.000000 0.000000 0.000000 1.000000
0.930435 -0.093763 0.354258 0.024400 0.123145 0.990495 -0.061274 15.862300 -0.345146 0.100637 0.933138 -1.675800 0.000000 0.000000 0.000000 1.000000
0.930357 -0.093565 0.354516 0.024400 0.123285 0.990424 -0.062142 15.862300 -0.345307 0.101520 0.932983 -1.675800 0.000000 0.000000 0.000000 1.000000
0.930277 -0.093274 0.354803 0.024400 0.123121 0.990425 -0.062445 15.862300 -0.345581 0.101775 0.932854 -1.675800 0.000000 0.000000 0.000000 1.000000
0.930210 -0.092400 0.355206 0.024400 0.122376 0.990494 -0.062821 15.862300 -0.346025 0.101905 0.932675 -1.675800 0.000000 0.000000 0.000000 1.000000
0.930150 -0.091754 0.355531 0.024400 0.121860 0.990534 -0.063180 15.862300 -0.346369 0.102092 0.932527 -1.675800 0.000000 0.000000 0.000000 1.000000
0.930284 -0.090297 0.355553 0.024400 0.120679 0.990615 -0.064171 15.862300 -0.346421 0.102604 0.932451 -1.675800 0.000000 0.000000 0.000000 1.000000
0.929970 -0.090813 0.356242 0.024400 0.120679 0.990724 -0.062478 15.862300 -0.347263 0.101093 0.932303 -1.675800 0.000000 0.000000 0.000000 1.000000
0.929798 -0.090916 0.356664 0.024400 0.120651 0.990758 -0.061978 15.862300 -0.347733 0.100659 0.932175 -1.675800 0.000000 0.000000 0.000000 1.000000
0.929903 -0.090990 0.356373 0.024400 0.120806 0.990721 -0.062273 15.862300 -0.347400 0.100960 0.932266 -1.675800 0.000000 0.000000 0.000000 1.000000
0.930424 -0.088609 0.355612 0.024400 0.119140 0.990757 -0.064848 15.862300 -0.346579 0.102704 0.932381 -1.675800 0.000000 0.000000 0.000000 1.000000
0.930420 -0.088509 0.355648 0.024400 0.118794 0.990842 -0.064191 15.862300 -0.346709 0.101973 0.932413 -1.675800 0.000000 0.000000 0.000000 1.000000
0.930589 -0.088418 0.355228 0.024400 0.118597 0.990874 -0.064057 15.862300 -0.346322 0.101740 0.932583 -1.675800 0.000000 0.000000 0.000000 1.000000
0.930248 -0.089478 0.355854 0.024400 0.119042 0.990950 -0.062021 15.862300 -0.347084 0.100057 0.932481 -1.675800 0.000000 0.000000 0.000000 1.000000
