<?xml version="1.0" encoding="utf-8"?>
<COLLADA xmlns="http://www.collada.org/2005/11/COLLADASchema" version="1.4.1">
  <asset><contributor><author>Mixamo</author><authoring_tool>COLLADA Mixamo exporter</authoring_tool><comments></comments></contributor><created>2018-10-29T20:16:56Z</created><modified>2018-10-29T20:16:56Z</modified><revision></revision><title></title><unit meter="0.010000"/><up_axis>Y_UP</up_axis></asset>
  <library_animations>
    <animation id="Hips-anim" name="Hips"><source id="Hips-Matrix-animation-input"><float_array id="Hips-Matrix-animation-input-array" count="46">

0.000000 0.033333 0.066667 0.100000 0.133333 0.166667 0.200000 0.233333 0.266667 0.300000 0.333333 0.366667 0.400000 0.433333 0.466667 0.500000
0.533333 0.566667 0.600000 0.633333 0.666667 0.700000 0.733333 0.766667 0.800000 0.833333 0.866667 0.900000 0.933333 0.966667 1.000000 1.033333
1.066667 1.100000 1.133333 1.166667 1.200000 1.233333 1.266667 1.300000 1.333333 1.366667 1.400000 1.433333 1.466667 1.500000</float_array><technique_common><accessor source="#Hips-Matrix-animation-input-array" count="46"><param name="TIME" type="float"/></accessor></technique_common></source><source id="Hips-Matrix-animation-output-transform"><float_array id="Hips-Matrix-animation-output-transform-array" count="736">

0.582127 -0.121429 -0.803979 0.000072 -0.014041 0.987137 -0.159259 80.553772 0.812976 0.103998 0.572935 0.000038 0.000000 0.000000 0.000000 1.000000
0.572256 -0.144763 -0.807197 0.341219 0.008524 0.985293 -0.170661 80.588249 0.820031 0.090781 0.565074 -0.536976 0.000000 0.000000 0.000000 1.000000
0.563328 -0.168996 -0.808765 0.838900 0.031950 0.982582 -0.183063 80.584808 0.825615 0.077285 0.558916 -0.473566 0.000000 0.000000 0.000000 1.000000
0.553026 -0.192472 -0.810627 1.446229 0.054727 0.979241 -0.195171 80.559059 0.831364 0.063571 0.552080 -0.076250 0.000000 0.000000 0.000000 1.000000
0.539114 -0.213477 -0.814729 2.090074 0.075311 0.975688 -0.205818 80.484528 0.838859 0.049601 0.542084 0.679287 0.000000 0.000000 0.000000 1.000000
0.519384 -0.230243 -0.822939 2.653273 0.092152 0.972494 -0.213926 80.327698 0.849558 0.035275 0.526315 1.812581 0.000000 0.000000 0.000000 1.000000
0.488235 -0.239454 -0.839219 2.832945 0.101428 0.970674 -0.217954 79.931213 0.866798 0.021292 0.498205 3.763960 0.000000 0.000000 0.000000 1.000000
0.462668 -0.263501 -0.846467 2.748999 0.112314 0.964535 -0.238866 79.512764 0.879389 0.015446 0.475854 6.156572 0.000000 0.000000 0.000000 1.000000
0.442525 -0.286422 -0.849785 2.546918 0.111703 0.957846 -0.264675 78.977608 0.889772 0.022202 0.455865 8.628836 0.000000 0.000000 0.000000 1.000000
0.448293 -0.305181 -0.840177 2.611686 0.107048 0.951479 -0.288492 78.322113 0.887453 0.039390 0.459211 11.255417 0.000000 0.000000 0.000000 1.000000
0.486390 -0.313704 -0.815484 3.076288 0.098322 0.947047 -0.305671 77.661171 0.868192 0.068495 0.491478 14.088118 0.000000 0.000000 0.000000 1.000000
0.544365 -0.294916 -0.785297 3.681053 0.076088 0.949661 -0.303899 77.496826 0.835391 0.105680 0.539402 17.075901 0.000000 0.000000 0.000000 1.000000
0.624301 -0.251394 -0.739628 4.158807 0.039562 0.955763 -0.291464 77.569687 0.780181 0.152701 0.606630 20.468681 0.000000 0.000000 0.000000 1.000000
0.723901 -0.187255 -0.664005 4.458708 -0.006879 0.960454 -0.278355 77.674934 0.689870 0.206069 0.693985 24.320765 0.000000 0.000000 0.000000 1.000000
0.847044 -0.113566 -0.519249 4.653742 -0.032328 0.964092 -0.263595 76.841621 0.530539 0.240062 0.812957 28.632217 0.000000 0.000000 0.000000 1.000000
0.940196 -0.052406 -0.336580 4.953614 -0.035232 0.967834 -0.249111 75.182236 0.338808 0.246071 0.908107 32.509533 0.000000 0.000000 0.000000 1.000000
0.985587 -0.041598 -0.163978 5.169726 0.001032 0.970757 -0.240062 73.165619 0.169169 0.236432 0.956808 35.198250 0.000000 0.000000 0.000000 1.000000
0.998743 -0.049896 -0.004691 5.280044 0.047485 0.972097 -0.229725 71.250458 0.016023 0.229213 0.973244 37.452698 0.000000 0.000000 0.000000 1.000000
0.991251 -0.049122 0.122507 5.227952 0.077747 0.967358 -0.241194 69.983437 -0.106660 0.248609 0.962713 39.599800 0.000000 0.000000 0.000000 1.000000
0.975783 -0.032127 0.216367 5.079008 0.091791 0.957989 -0.271720 69.324615 -0.198548 0.285000 0.937738 41.580315 0.000000 0.000000 0.000000 1.000000
0.959369 -0.008821 0.282015 4.835419 0.100866 0.944184 -0.313596 69.014420 -0.263508 0.329300 0.906711 43.227333 0.000000 0.000000 0.000000 1.000000
0.947628 0.015865 0.318982 4.507051 0.106520 0.925878 -0.362497 68.965698 -0.301089 0.377490 0.875698 44.426041 0.000000 0.000000 0.000000 1.000000
0.940703 0.042560 0.336551 4.111361 0.108329 0.902466 -0.416918 69.098953 -0.321470 0.428654 0.844342 45.341080 0.000000 0.000000 0.000000 1.000000
0.934842 0.070007 0.348095 3.707689 0.109744 0.875396 -0.470785 69.256493 -0.337679 0.478311 0.810673 46.171616 0.000000 0.000000 0.000000 1.000000
0.930162 0.097165 0.354059 3.319563 0.110208 0.845983 -0.521697 69.419189 -0.350218 0.524283 0.776193 46.903282 0.000000 0.000000 0.000000 1.000000
0.928843 0.121390 0.350022 2.999142 0.106083 0.818087 -0.565226 69.597633 -0.354961 0.562137 0.746997 47.400375 0.000000 0.000000 0.000000 1.000000
0.939005 0.133094 0.317106 2.951060 0.083451 0.806335 -0.585543 69.854546 -0.333626 0.576290 0.746045 47.125500 0.000000 0.000000 0.000000 1.000000
0.950965 0.140575 0.275509 2.980675 0.055179 0.799356 -0.598319 70.132324 -0.304338 0.584182 0.752402 46.633644 0.000000 0.000000 0.000000 1.000000
0.963726 0.143338 0.225137 3.082819 0.022681 0.796509 -0.604201 70.423683 -0.265928 0.587390 0.764366 45.953667 0.000000 0.000000 0.000000 1.000000
0.979196 0.134210 0.152193 3.373822 -0.017845 0.804076 -0.594258 70.733841 -0.202130 0.579180 0.789743 44.809013 0.000000 0.000000 0.000000 1.000000
0.990839 0.117055 0.067350 3.731509 -0.056971 0.814468 -0.577405 70.977486 -0.122442 0.568279 0.813675 43.506859 0.000000 0.000000 0.000000 1.000000
0.994813 0.079079 -0.063978 4.254533 -0.101054 0.840120 -0.532904 71.049805 0.011608 0.536606 0.843753 41.537651 0.000000 0.000000 0.000000 1.000000
0.969695 0.058628 -0.237178 4.499982 -0.164470 0.874516 -0.456258 71.079178 0.180666 0.481440 0.857657 39.416748 0.000000 0.000000 0.000000 1.000000
0.909790 0.040487 -0.413091 4.716121 -0.206797 0.907129 -0.366542 71.339066 0.359886 0.418902 0.833669 37.072384 0.000000 0.000000 0.000000 1.000000
0.841997 0.016706 -0.539224 4.539382 -0.201422 0.936976 -0.285492 72.553246 0.500470 0.348995 0.792296 34.177334 0.000000 0.000000 0.000000 1.000000
0.787999 -0.018530 -0.615397 4.070818 -0.174996 0.951580 -0.252730 73.847153 0.590283 0.306843 0.746601 30.472225 0.000000 0.000000 0.000000 1.000000
0.753390 -0.055113 -0.655260 3.596843 -0.142542 0.959100 -0.244557 74.969078 0.641939 0.277649 0.714721 26.449177 0.000000 0.000000 0.000000 1.000000
0.721189 -0.089375 -0.686949 3.113698 -0.109005 0.964648 -0.239942 76.088959 0.684108 0.247924 0.685951 22.232496 0.000000 0.000000 0.000000 1.000000
0.690899 -0.119310 -0.713038 2.628321 -0.077003 0.968533 -0.236673 77.139259 0.718838 0.218424 0.659972 17.985025 0.000000 0.000000 0.000000 1.000000
0.663200 -0.141408 -0.734962 2.106916 -0.050746 0.971234 -0.232658 77.959610 0.746720 0.191595 0.636946 13.956786 0.000000 0.000000 0.000000 1.000000
0.633703 -0.150903 -0.758715 1.563774 -0.033451 0.974526 -0.221765 78.628326 0.772853 0.165912 0.612512 10.313398 0.000000 0.000000 0.000000 1.000000
0.616823 -0.147819 -0.773097 1.179154 -0.026957 0.977663 -0.208442 79.084419 0.786640 0.149412 0.599060 7.815233 0.000000 0.000000 0.000000 1.000000
0.605668 -0.142317 -0.782887 0.857148 -0.022805 0.980367 -0.195858 79.478996 0.795391 0.136479 0.590531 5.697953 0.000000 0.000000 0.000000 1.000000
0.597853 -0.135476 -0.790075 0.570648 -0.020005 0.982787 -0.183659 79.838203 0.801356 0.125606 0.584851 3.798487 0.000000 0.000000 0.000000 1.000000
0.590864 -0.128234 -0.796514 0.293485 -0.017474 0.985021 -0.171545 80.187927 0.806582 0.115278 0.579773 1.953589 0.000000 0.000000 0.000000 1.000000
0.582127 -0.121429 -0.803979 0.000073 -0.014041 0.987137 -0.159259 80.553772 0.812976 0.103998 0.572935 0.000040 0.000000 0.000000 0.000000 1.000000</float_array><technique_common><accessor source="#Hips-Matrix-animation-output-transform-array" count="46" stride="16"><param type="float4x4"/></accessor></technique_common></source><source id="Hips-Interpolations"><Name_array id="Hips-Interpolations-array" count="46">
 LINEAR LINEAR LINEAR LINEAR LINEAR LINEAR LINEAR LINEAR LINEAR LINEAR LINEAR
LINEAR LINEAR LINEAR LINEAR LINEAR LINEAR LINEAR LINEAR LINEAR LINEAR LINEAR LINEAR
LINEAR LINEAR LINEAR LINEAR LINEAR LINEAR LINEAR LINEAR LINEAR LINEAR LINEAR LINEAR
LINEAR LINEAR LINEAR LINEAR LINEAR LINEAR LINEAR LINEAR LINEAR LINEAR LINEAR</Name_array><technique_common><accessor source="#Hips-Interpolations-array" count="46"><param type="name"/></accessor></technique_common></source><sampler id="Hips-Matrix-animation-transform"><input semantic="INPUT" source="#Hips-Matrix-animation-input"/><input semantic="OUTPUT" source="#Hips-Matrix-animation-output-transform"/><input semantic="INTERPOLATION" source="#Hips-Interpolations"/></sampler><channel source="#Hips-Matrix-animation-transform" target="Hips/matrix"/></animation>
    <animation id="Spine-anim" name="Spine"><source id="Spine-Matrix-animation-input"><float_array id="Spine-Matrix-animation-input-array" count="46">

0.000000 0.033333 0.066667 0.100000 0.133333 0.166667 0.200000 0.233333 0.266667 0.300000 0.333333 0.366667 0.400000 0.433333 0.466667 0.500000
0.533333 0.566667 0.600000 0.633333 0.666667 0.700000 0.733333 0.766667 0.800000 0.833333 0.866667 0.900000 0.933333 0.966667 1.000000 1.033333
1.066667 1.100000 1.133333 1.166667 1.200000 1.233333 1.266667 1.300000 1.333333 1.366667 1.400000 1.433333 1.466667 1.500000</float_array><technique_common><accessor source="#Spine-Matrix-animation-input-array" count="46"><param name="TIME" type="float"/></accessor></technique_common></source><source id="Spine-Matrix-animation-output-transform"><float_array id="Spine-Matrix-animation-output-transform-array" count="736">

0.996569 0.054883 0.061948 0.017300 -0.046550 0.990584 -0.128751 10.574800 -0.068431 0.125426 0.989740 -1.117200 0.000000 0.000000 0.000000 1.000000
0.997807 0.033781 0.056922 0.017300 -0.026440 0.991790 -0.125116 10.574800 -0.060681 0.123337 0.990508 -1.117200 0.000000 0.000000 0.000000 1.000000
0.999128 0.012627 0.039786 0.017300 -0.007397 0.991623 -0.128954 10.574800 -0.041081 0.128547 0.990852 -1.117200 0.000000 0.000000 0.000000 1.000000
0.999866 -0.007906 0.014329 0.017300 0.009852 0.989920 -0.141281 10.574800 -0.013068 0.141403 0.989866 -1.117200 0.000000 0.000000 0.000000 1.000000
0.999510 -0.027145 -0.015604 0.017300 0.024371 0.987372 -0.156533 10.574800 0.019656 0.156076 0.987549 -1.117200 0.000000 0.000000 0.000000 1.000000
0.997947 -0.044414 -0.046150 0.017300 0.036005 0.984909 -0.169288 10.574800 0.052973 0.167279 0.984485 -1.117200 0.000000 0.000000 0.000000 1.000000
0.995548 -0.059044 -0.073468 0.017300 0.045781 0.984266 -0.170659 10.574800 0.082389 0.166535 0.982587 -1.117200 0.000000 0.000000 0.000000 1.000000
0.992277 -0.071200 -0.101569 0.017300 0.055355 0.986971 -0.151074 10.574800 0.111002 0.144285 0.983291 -1.117200 0.000000 0.000000 0.000000 1.000000
0.988937 -0.080038 -0.124888 0.017300 0.063896 0.989676 -0.128293 10.574800 0.133867 0.118894 0.983841 -1.117200 0.000000 0.000000 0.000000 1.000000
0.986285 -0.085094 -0.141424 0.017300 0.070522 0.991964 -0.105039 10.574800 0.149225 0.093625 0.984361 -1.117200 0.000000 0.000000 0.000000 1.000000
0.985217 -0.084901 -0.148796 0.017300 0.073571 0.994070 -0.080071 10.574800 0.154711 0.067940 0.985621 -1.117200 0.000000 0.000000 0.000000 1.000000
0.988761 -0.073451 -0.130219 0.017300 0.063169 0.994677 -0.081409 10.574800 0.135505 0.072268 0.988137 -1.117200 0.000000 0.000000 0.000000 1.000000
0.995048 -0.053773 -0.083594 0.017300 0.046061 0.994731 -0.091585 10.574800 0.088078 0.087281 0.992282 -1.117200 0.000000 0.000000 0.000000 1.000000
0.999474 -0.029594 -0.013290 0.017300 0.027975 0.993662 -0.108870 10.574800 0.016428 0.108441 0.993967 -1.117200 0.000000 0.000000 0.000000 1.000000
0.998486 -0.000569 0.055000 0.017300 0.008031 0.990739 -0.135541 10.574800 -0.054413 0.135777 0.989244 -1.117200 0.000000 0.000000 0.000000 1.000000
0.994396 0.035127 0.099715 0.017300 -0.017644 0.985100 -0.171075 10.574800 -0.104238 0.168357 0.980199 -1.117200 0.000000 0.000000 0.000000 1.000000
0.989001 0.090274 0.117166 0.017300 -0.062885 0.973620 -0.219340 10.574800 -0.133876 0.209560 0.968588 -1.117200 0.000000 0.000000 0.000000 1.000000
0.980299 0.149511 0.129077 0.017300 -0.110736 0.957132 -0.267649 10.574800 -0.163560 0.248083 0.954831 -1.117200 0.000000 0.000000 0.000000 1.000000
0.967243 0.194500 0.163130 0.017300 -0.139423 0.944043 -0.298906 10.574800 -0.212139 0.266371 0.940236 -1.117200 0.000000 0.000000 0.000000 1.000000
0.948691 0.226947 0.220182 0.017300 -0.151173 0.937122 -0.314562 10.574800 -0.277726 0.265136 0.923348 -1.117200 0.000000 0.000000 0.000000 1.000000
0.929459 0.256608 0.265061 0.017300 -0.164412 0.931290 -0.325065 10.574800 -0.330263 0.258555 0.907786 -1.117200 0.000000 0.000000 0.000000 1.000000
0.915252 0.285282 0.284479 0.017300 -0.184825 0.924739 -0.332713 10.574800 -0.357986 0.251937 0.899096 -1.117200 0.000000 0.000000 0.000000 1.000000
0.904298 0.311740 0.291656 0.017300 -0.208043 0.918386 -0.336579 10.574800 -0.372778 0.243691 0.895350 -1.117200 0.000000 0.000000 0.000000 1.000000
0.893730 0.337247 0.295823 0.017300 -0.231550 0.911590 -0.339690 10.574800 -0.384229 0.235093 0.892804 -1.117200 0.000000 0.000000 0.000000 1.000000
0.883789 0.361152 0.297467 0.017300 -0.254564 0.904588 -0.341932 10.574800 -0.392575 0.226471 0.891401 -1.117200 0.000000 0.000000 0.000000 1.000000
0.876653 0.380658 0.294244 0.017300 -0.275594 0.898601 -0.341415 10.574800 -0.394370 0.218210 0.892668 -1.117200 0.000000 0.000000 0.000000 1.000000
0.880487 0.385395 0.276069 0.017300 -0.289389 0.898192 -0.330914 10.574800 -0.375496 0.211474 0.902376 -1.117200 0.000000 0.000000 0.000000 1.000000
0.886918 0.386020 0.253701 0.017300 -0.300691 0.899396 -0.317288 10.574800 -0.350657 0.205123 0.913764 -1.117200 0.000000 0.000000 0.000000 1.000000
0.894945 0.383508 0.228023 0.017300 -0.309688 0.901834 -0.301313 10.574800 -0.321195 0.199042 0.925860 -1.117200 0.000000 0.000000 0.000000 1.000000
0.906842 0.373611 0.195072 0.017300 -0.313297 0.907142 -0.280960 10.574800 -0.281928 0.193671 0.939685 -1.117200 0.000000 0.000000 0.000000 1.000000
0.918175 0.361279 0.162582 0.017300 -0.313112 0.913174 -0.260909 10.574800 -0.242726 0.188654 0.951574 -1.117200 0.000000 0.000000 0.000000 1.000000
0.929431 0.346353 0.127272 0.017300 -0.309678 0.919700 -0.241353 10.574800 -0.200645 0.184908 0.962055 -1.117200 0.000000 0.000000 0.000000 1.000000
0.939222 0.329712 0.095663 0.017300 -0.301022 0.924892 -0.232295 10.574800 -0.165068 0.189380 0.967930 -1.117200 0.000000 0.000000 0.000000 1.000000
0.948882 0.310420 0.057115 0.017300 -0.290224 0.929228 -0.228703 10.574800 -0.124067 0.200436 0.971819 -1.117200 0.000000 0.000000 0.000000 1.000000
0.956495 0.290404 0.027970 0.017300 -0.277524 0.935242 -0.219779 10.574800 -0.089984 0.202455 0.975149 -1.117200 0.000000 0.000000 0.000000 1.000000
0.963017 0.269412 0.003965 0.017300 -0.263347 0.944247 -0.197599 10.574800 -0.056980 0.189247 0.980275 -1.117200 0.000000 0.000000 0.000000 1.000000
0.968639 0.248332 -0.008390 0.017300 -0.245993 0.953662 -0.173254 10.574800 -0.035023 0.169884 0.984841 -1.117200 0.000000 0.000000 0.000000 1.000000
0.973869 0.226274 -0.019484 0.017300 -0.226636 0.962707 -0.147751 10.574800 -0.014675 0.148306 0.988833 -1.117200 0.000000 0.000000 0.000000 1.000000
0.978666 0.203779 -0.026227 0.017300 -0.205460 0.970431 -0.126687 10.574800 -0.000365 0.129373 0.991596 -1.117200 0.000000 0.000000 0.000000 1.000000
0.983098 0.181942 -0.020368 0.017300 -0.183068 0.975775 -0.119792 10.574800 -0.001921 0.121496 0.992590 -1.117200 0.000000 0.000000 0.000000 1.000000
0.987024 0.160392 -0.007572 0.017300 -0.160019 0.978630 -0.129140 10.574800 -0.013302 0.128676 0.991597 -1.117200 0.000000 0.000000 0.000000 1.000000
0.990242 0.139213 0.006287 0.017300 -0.137119 0.981409 -0.134294 10.574800 -0.024865 0.132121 0.990922 -1.117200 0.000000 0.000000 0.000000 1.000000
0.992793 0.118132 0.020169 0.017300 -0.114359 0.984183 -0.135298 10.574800 -0.035834 0.132016 0.990600 -1.117200 0.000000 0.000000 0.000000 1.000000
0.994692 0.097091 0.034077 0.017300 -0.091738 0.986768 -0.133689 10.574800 -0.046606 0.129853 0.990437 -1.117200 0.000000 0.000000 0.000000 1.000000
0.995950 0.076028 0.048003 0.017300 -0.069181 0.988966 -0.130999 10.574800 -0.057433 0.127147 0.990220 -1.117200 0.000000 0.000000 0.000000 1.000000
0.996569 0.054883 0.061948 0.017300 -0.046550 0.990584 -0.128751 10.574800 -0.068431 0.125426 0.989740 -1.117200 0.000000 0.000000 0.000000 1.000000</float_array><technique_common><accessor source="#Spine-Matrix-animation-output-transform-array" count="46" stride="16"><param type="float4x4"/></accessor></technique_common></source><source id="Spine-Interpolations"><Name_array id="Spine-Interpolations-array" count="46">
 LINEAR LINEAR LINEAR LINEAR LINEAR LINEAR LINEAR LINEAR LINEAR LINEAR LINEAR
LINEAR LINEAR LINEAR LINEAR LINEAR LINEAR LINEAR LINEAR LINEAR LINEAR LINEAR LINEAR
LINEAR LINEAR LINEAR LINEAR LINEAR LINEAR LINEAR LINEAR LINEAR LINEAR LINEAR LINEAR
LINEAR LINEAR LINEAR LINEAR LINEAR LINEAR LINEAR LINEAR LINEAR LINEAR LINEAR</Name_array><technique_common><accessor source="#Spine-Interpolations-array" count="46"><param type="name"/></accessor></technique_common></source><sampler id="Spine-Matrix-animation-transform"><input semantic="INPUT" source="#Spine-Matrix-animation-input"/><input semantic="OUTPUT" source="#Spine-Matrix-animation-output-transform"/><input semantic="INTERPOLATION" source="#Spine-Interpolations"/></sampler><channel source="#Spine-Matrix-animation-transform" target="Spine/matrix"/></animation>
    <animation id="Spine1-anim" name="Spine1"><source id="Spine1-Matrix-animation-input"><float_array id="Spine1-Matrix-animation-input-array" count="46">

0.000000 0.033333 0.066667 0.100000 0.133333 0.166667 0.200000 0.233333 0.266667 0.300000 0.333333 0.366667 0.400000 0.433333 0.466667 0.500000
0.533333 0.566667 0.600000 0.633333 0.666667 0.700000 0.733333 0.766667 0.800000 0.833333 0.866667 0.900000 0.933333 0.966667 1.000000 1.033333
1.066667 1.100000 1.133333 1.166667 1.200000 1.233333 1.266667 1.300000 1.333333 1.366667 1.400000 1.433333 1.466667 1.500000</float_array><technique_common><accessor source="#Spine1-Matrix-animation-input-array" count="46"><param name="TIME" type="float"/></accessor></technique_common></source><source id="Spine1-Matrix-animation-output-transform"><float_array id="Spine1-Matrix-animation-output-transform-array" count="736">

0.998870 -0.040556 0.024793 0.019000 0.041082 0.998933 -0.021096 12.337300 -0.023911 0.022091 0.999470 -1.303400 0.000000 0.000000 0.000000 1.000000
0.999047 -0.037421 0.022486 0.019000 0.037659 0.999238 -0.010236 12.337300 -0.022086 0.011073 0.999695 -1.303400 0.000000 0.000000 0.000000 1.000000
0.999436 -0.029333 0.016365 0.019000 0.029248 0.999557 0.005444 12.337300 -0.016517 -0.004962 0.999851 -1.303400 0.000000 0.000000 0.000000 1.000000
0.999804 -0.018267 0.007642 0.019000 0.018184 0.999777 0.010778 12.337300 -0.007837 -0.010637 0.999913 -1.303400 0.000000 0.000000 0.000000 1.000000
0.999978 -0.006194 -0.002428 0.019000 0.006227 0.999884 0.013876 12.337300 0.002342 -0.013890 0.999901 -1.303400 0.000000 0.000000 0.000000 1.000000
0.999909 0.004910 -0.012592 0.019000 -0.004701 0.999851 0.016631 12.337300 0.012672 -0.016570 0.999782 -1.303400 0.000000 0.000000 0.000000 1.000000
0.999681 0.013069 -0.021605 0.019000 -0.012675 0.999753 0.018254 12.337300 0.021838 -0.017974 0.999600 -1.303400 0.000000 0.000000 0.000000 1.000000
0.999397 0.016308 -0.030651 0.019000 -0.015658 0.999649 0.021349 12.337300 0.030989 -0.020856 0.999302 -1.303400 0.000000 0.000000 0.000000 1.000000
0.999085 0.018850 -0.038396 0.019000 -0.017961 0.999565 0.023383 12.337300 0.038820 -0.022672 0.998989 -1.303400 0.000000 0.000000 0.000000 1.000000
0.998824 0.020235 -0.044065 0.019000 -0.019131 0.999496 0.025334 12.337300 0.044556 -0.024461 0.998707 -1.303400 0.000000 0.000000 0.000000 1.000000
0.998686 0.021222 -0.046654 0.019000 -0.019909 0.999397 0.028431 12.337300 0.047229 -0.027465 0.998506 -1.303400 0.000000 0.000000 0.000000 1.000000
0.999031 0.017395 -0.040431 0.019000 -0.016247 0.999461 0.028539 12.337300 0.040906 -0.027855 0.998775 -1.303400 0.000000 0.000000 0.000000 1.000000
0.999618 0.009444 -0.025992 0.019000 -0.008657 0.999505 0.030236 12.337300 0.026264 -0.029999 0.999205 -1.303400 0.000000 0.000000 0.000000 1.000000
0.999987 -0.001265 -0.005016 0.019000 0.001431 0.999445 0.033272 12.337300 0.004971 -0.033278 0.999434 -1.303400 0.000000 0.000000 0.000000 1.000000
0.999844 -0.009033 0.015196 0.019000 0.008568 0.999501 0.030412 12.337300 -0.015463 -0.030277 0.999422 -1.303400 0.000000 0.000000 0.000000 1.000000
0.999505 -0.007973 0.030442 0.019000 0.007236 0.999680 0.024235 12.337300 -0.030625 -0.024002 0.999243 -1.303400 0.000000 0.000000 0.000000 1.000000
0.999191 -0.001587 0.040194 0.019000 0.001071 0.999917 0.012864 12.337300 -0.040211 -0.012811 0.999109 -1.303400 0.000000 0.000000 0.000000 1.000000
0.998786 0.007459 0.048682 0.019000 -0.007449 0.999972 -0.000377 12.337300 -0.048683 0.000014 0.998814 -1.303400 0.000000 0.000000 0.000000 1.000000
0.997962 0.018174 0.061162 0.019000 -0.017389 0.999760 -0.013349 12.337300 -0.061390 0.012258 0.998039 -1.303400 0.000000 0.000000 0.000000 1.000000
0.996459 0.031202 0.078081 0.019000 -0.029182 0.999213 -0.026881 12.337300 -0.078858 0.024508 0.996585 -1.303400 0.000000 0.000000 0.000000 1.000000
0.994863 0.044287 0.091025 0.019000 -0.040886 0.998407 -0.038888 12.337300 -0.092602 0.034966 0.995089 -1.303400 0.000000 0.000000 0.000000 1.000000
0.993757 0.056004 0.096495 0.019000 -0.051570 0.997522 -0.047857 12.337300 -0.098936 0.042582 0.994182 -1.303400 0.000000 0.000000 0.000000 1.000000
0.992935 0.066838 0.098040 0.019000 -0.061646 0.996578 -0.055072 12.337300 -0.101386 0.048639 0.993657 -1.303400 0.000000 0.000000 0.000000 1.000000
0.992103 0.077400 0.098698 0.019000 -0.071514 0.995521 -0.061837 12.337300 -0.103042 0.054291 0.993194 -1.303400 0.000000 0.000000 0.000000 1.000000
0.991265 0.087517 0.098665 0.019000 -0.081023 0.994389 -0.068017 12.337300 -0.104064 0.059429 0.992794 -1.303400 0.000000 0.000000 0.000000 1.000000
0.990587 0.096331 0.097254 0.019000 -0.089475 0.993342 -0.072565 12.337300 -0.103596 0.063180 0.992611 -1.303400 0.000000 0.000000 0.000000 1.000000
0.990719 0.100482 0.091541 0.019000 -0.094130 0.993006 -0.071260 12.337300 -0.098061 0.061982 0.993248 -1.303400 0.000000 0.000000 0.000000 1.000000
0.991051 0.103196 0.084666 0.019000 -0.097558 0.992888 -0.068239 12.337300 -0.091105 0.059369 0.994070 -1.303400 0.000000 0.000000 0.000000 1.000000
0.991581 0.104149 0.076949 0.019000 -0.099357 0.993012 -0.063690 12.337300 -0.083044 0.055508 0.994999 -1.303400 0.000000 0.000000 0.000000 1.000000
0.992708 0.099901 0.067458 0.019000 -0.096237 0.993807 -0.055551 12.337300 -0.072590 0.048654 0.996174 -1.303400 0.000000 0.000000 0.000000 1.000000
0.994144 0.090953 0.058350 0.019000 -0.088294 0.995001 -0.046651 12.337300 -0.062301 0.041226 0.997206 -1.303400 0.000000 0.000000 0.000000 1.000000
0.996286 0.070681 0.049184 0.019000 -0.069013 0.997008 -0.034831 12.337300 -0.051499 0.031307 0.998182 -1.303400 0.000000 0.000000 0.000000 1.000000
0.997535 0.056690 0.041360 0.019000 -0.055664 0.998122 -0.025565 12.337300 -0.042732 0.023200 0.998817 -1.303400 0.000000 0.000000 0.000000 1.000000
0.998373 0.047749 0.031159 0.019000 -0.047304 0.998770 -0.014866 12.337300 -0.031830 0.013368 0.999404 -1.303400 0.000000 0.000000 0.000000 1.000000
0.998950 0.040138 0.022093 0.019000 -0.039971 0.999169 -0.007929 12.337300 -0.022393 0.007038 0.999724 -1.303400 0.000000 0.000000 0.000000 1.000000
0.999262 0.035142 0.015505 0.019000 -0.035094 0.999378 -0.003342 12.337300 -0.015613 0.002795 0.999874 -1.303400 0.000000 0.000000 0.000000 1.000000
0.999410 0.032824 0.010160 0.019000 -0.032833 0.999461 0.000659 12.337300 -0.010133 -0.000993 0.999948 -1.303400 0.000000 0.000000 0.000000 1.000000
0.999475 0.032012 0.004948 0.019000 -0.032038 0.999472 0.005395 12.337300 -0.004773 -0.005551 0.999973 -1.303400 0.000000 0.000000 0.000000 1.000000
0.999494 0.031803 0.001092 0.019000 -0.031812 0.999447 0.009632 12.337300 -0.000785 -0.009662 0.999953 -1.303400 0.000000 0.000000 0.000000 1.000000
0.999507 0.031353 0.001375 0.019000 -0.031367 0.999437 0.011905 12.337300 -0.001001 -0.011942 0.999928 -1.303400 0.000000 0.000000 0.000000 1.000000
0.999576 0.028821 0.004152 0.019000 -0.028866 0.999521 0.011191 12.337300 -0.003827 -0.011306 0.999929 -1.303400 0.000000 0.000000 0.000000 1.000000
0.999802 0.018254 0.007957 0.019000 -0.018303 0.999814 0.006132 12.337300 -0.007844 -0.006277 0.999950 -1.303400 0.000000 0.000000 0.000000 1.000000
0.999916 0.004791 0.012049 0.019000 -0.004788 0.999989 -0.000238 12.337300 -0.012050 0.000180 0.999927 -1.303400 0.000000 0.000000 0.000000 1.000000
0.999814 -0.010328 0.016303 0.019000 0.010449 0.999919 -0.007298 12.337300 -0.016226 0.007467 0.999840 -1.303400 0.000000 0.000000 0.000000 1.000000
0.999453 -0.025859 0.020592 0.019000 0.026159 0.999553 -0.014445 12.337300 -0.020210 0.014975 0.999684 -1.303400 0.000000 0.000000 0.000000 1.000000
0.998870 -0.040556 0.024793 0.019000 0.041082 0.998933 -0.021096 12.337300 -0.023911 0.022091 0.999470 -1.303400 0.000000 0.000000 0.000000 1.000000</float_array><technique_common><accessor source="#Spine1-Matrix-animation-output-transform-array" count="46" stride="16"><param type="float4x4"/></accessor></technique_common></source><source id="Spine1-Interpolations"><Name_array id="Spine1-Interpolations-array" count="46">
 LINEAR LINEAR LINEAR LINEAR LINEAR LINEAR LINEAR LINEAR LINEAR LINEAR LINEAR
LINEAR LINEAR LINEAR LINEAR LINEAR LINEAR LINEAR LINEAR LINEAR LINEAR LINEAR LINEAR
LINEAR LINEAR LINEAR LINEAR LINEAR LINEAR LINEAR LINEAR LINEAR LINEAR LINEAR LINEAR
LINEAR LINEAR LINEAR LINEAR LINEAR LINEAR LINEAR LINEAR LINEAR LINEAR LINEAR</Name_array><technique_common><accessor source="#Spine1-Interpolations-array" count="46"><param type="name"/></accessor></technique_common></source><sampler id="Spine1-Matrix-animation-transform"><input semantic="INPUT" source="#Spine1-Matrix-animation-input"/><input semantic="OUTPUT" source="#Spine1-Matrix-animation-output-transform"/><input semantic="INTERPOLATION" source="#Spine1-Interpolations"/></sampler><channel source="#Spine1-Matrix-animation-transform" target="Spine1/matrix"/></animation>
    <animation id="Spine2-anim" name="Spine2"><source id="Spine2-Matrix-animation-input"><float_array id="Spine2-Matrix-animation-input-array" count="46">

0.000000 0.033333 0.066667 0.100000 0.133333 0.166667 0.200000 0.233333 0.266667 0.300000 0.333333 0.366667 0.400000 0.433333 0.466667 0.500000
0.533333 0.566667 0.600000 0.633333 0.666667 0.700000 0.733333 0.766667 0.800000 0.833333 0.866667 0.900000 0.933333 0.966667 1.000000 1.033333
1.066667 1.100000 1.133333 1.166667 1.200000 1.233333 1.266667 1.300000 1.333333 1.366667 1.400000 1.433333 1.466667 1.500000</float_array><technique_common><accessor source="#Spine2-Matrix-animation-input-array" count="46"><param name="TIME" type="float"/></accessor></technique_common></source><source id="Spine2-Matrix-animation-output-transform"><float_array id="Spine2-Matrix-animation-output-transform-array" count="736">

0.999575 -0.018316 0.022667 0.021700 0.018403 0.999824 -0.003651 14.099800 -0.022596 0.004067 0.999736 -1.489600 0.000000 0.000000 0.000000 1.000000
0.999628 -0.017465 0.020928 0.021700 0.017377 0.999839 0.004394 14.099800 -0.021001 -0.004028 0.999771 -1.489600 0.000000 0.000000 0.000000 1.000000
0.999791 -0.012860 0.015915 0.021700 0.012616 0.999803 0.015344 14.099800 -0.016109 -0.015140 0.999756 -1.489600 0.000000 0.000000 0.000000 1.000000
0.999959 -0.003753 0.008195 0.021700 0.003615 0.999852 0.016790 14.099800 -0.008256 -0.016760 0.999825 -1.489600 0.000000 0.000000 0.000000 1.000000
0.999981 0.005994 -0.001148 0.021700 -0.005974 0.999849 0.016338 14.099800 0.001246 -0.016330 0.999866 -1.489600 0.000000 0.000000 0.000000 1.000000
0.999859 0.012673 -0.011049 0.021700 -0.012489 0.999785 0.016579 14.099800 0.011256 -0.016439 0.999802 -1.489600 0.000000 0.000000 0.000000 1.000000
0.999656 0.015968 -0.020805 0.021700 -0.015591 0.999714 0.018130 14.099800 0.021088 -0.017799 0.999619 -1.489600 0.000000 0.000000 0.000000 1.000000
0.999373 0.018704 -0.030049 0.021700 -0.018072 0.999613 0.021158 14.099800 0.030433 -0.020602 0.999324 -1.489600 0.000000 0.000000 0.000000 1.000000
0.999059 0.020705 -0.038101 0.021700 -0.019832 0.999535 0.023159 14.099800 0.038563 -0.022382 0.999005 -1.489600 0.000000 0.000000 0.000000 1.000000
0.998790 0.021816 -0.044076 0.021700 -0.020717 0.999467 0.025228 14.099800 0.044602 -0.024284 0.998710 -1.489600 0.000000 0.000000 0.000000 1.000000
0.998675 0.021937 -0.046557 0.021700 -0.020651 0.999396 0.027935 14.099800 0.047141 -0.026936 0.998525 -1.489600 0.000000 0.000000 0.000000 1.000000
0.999025 0.018038 -0.040306 0.021700 -0.016815 0.999394 0.030475 14.099800 0.040831 -0.029767 0.998723 -1.489600 0.000000 0.000000 0.000000 1.000000
0.999615 0.009849 -0.025922 0.021700 -0.009005 0.999433 0.032445 14.099800 0.026227 -0.032199 0.999137 -1.489600 0.000000 0.000000 0.000000 1.000000
0.999986 -0.001211 -0.005081 0.021700 0.001379 0.999444 0.033328 14.099800 0.005037 -0.033334 0.999432 -1.489600 0.000000 0.000000 0.000000 1.000000
0.999843 -0.009329 0.015074 0.021700 0.008865 0.999494 0.030536 14.099800 -0.015351 -0.030398 0.999420 -1.489600 0.000000 0.000000 0.000000 1.000000
0.999496 -0.008365 0.030612 0.021700 0.007608 0.999664 0.024761 14.099800 -0.030809 -0.024516 0.999225 -1.489600 0.000000 0.000000 0.000000 1.000000
0.999163 -0.001822 0.040853 0.021700 0.001253 0.999902 0.013950 14.099800 -0.040875 -0.013887 0.999068 -1.489600 0.000000 0.000000 0.000000 1.000000
0.998731 0.007536 0.049798 0.021700 -0.007607 0.999970 0.001238 14.099800 -0.049787 -0.001615 0.998759 -1.489600 0.000000 0.000000 0.000000 1.000000
0.997873 0.018833 0.062408 0.021700 -0.018166 0.999772 -0.011239 14.099800 -0.062605 0.010082 0.997987 -1.489600 0.000000 0.000000 0.000000 1.000000
0.996325 0.032760 0.079140 0.021700 -0.030927 0.999227 -0.024287 14.099800 -0.079875 0.021750 0.996568 -1.489600 0.000000 0.000000 0.000000 1.000000
0.994695 0.046576 0.091719 0.021700 -0.043415 0.998402 -0.036164 14.099800 -0.093257 0.031990 0.995128 -1.489600 0.000000 0.000000 0.000000 1.000000
0.993567 0.058715 0.096834 0.021700 -0.054518 0.997478 -0.045439 14.099800 -0.099257 0.039868 0.994263 -1.489600 0.000000 0.000000 0.000000 1.000000
0.992721 0.069882 0.098087 0.021700 -0.064889 0.996473 -0.053206 14.099800 -0.101459 0.046453 0.993755 -1.489600 0.000000 0.000000 0.000000 1.000000
0.991858 0.080756 0.098474 0.021700 -0.075027 0.995341 -0.060562 14.099800 -0.102906 0.052680 0.993295 -1.489600 0.000000 0.000000 0.000000 1.000000
0.990981 0.091161 0.098219 0.021700 -0.084778 0.994123 -0.067320 14.099800 -0.103779 0.058386 0.992885 -1.489600 0.000000 0.000000 0.000000 1.000000
0.990254 0.100199 0.096732 0.021700 -0.093409 0.992996 -0.072348 14.099800 -0.103304 0.062607 0.992677 -1.489600 0.000000 0.000000 0.000000 1.000000
0.990369 0.104172 0.091195 0.021700 -0.097864 0.992656 -0.071110 14.099800 -0.097933 0.061500 0.993291 -1.489600 0.000000 0.000000 0.000000 1.000000
0.990706 0.106572 0.084523 0.021700 -0.100966 0.992560 -0.068044 14.099800 -0.091146 0.058878 0.994095 -1.489600 0.000000 0.000000 0.000000 1.000000
0.991283 0.107005 0.076859 0.021700 -0.102248 0.992738 -0.063381 14.099800 -0.083082 0.054970 0.995025 -1.489600 0.000000 0.000000 0.000000 1.000000
0.992551 0.101748 0.067009 0.021700 -0.098146 0.993650 -0.055021 14.099800 -0.072182 0.048035 0.996234 -1.489600 0.000000 0.000000 0.000000 1.000000
0.994070 0.092046 0.057892 0.021700 -0.089439 0.994924 -0.046113 14.099800 -0.061842 0.040661 0.997257 -1.489600 0.000000 0.000000 0.000000 1.000000
0.996248 0.071286 0.049071 0.021700 -0.069634 0.996973 -0.034589 14.099800 -0.051388 0.031042 0.998196 -1.489600 0.000000 0.000000 0.000000 1.000000
0.997498 0.057153 0.041611 0.021700 -0.056135 0.998104 -0.025256 14.099800 -0.042975 0.022857 0.998815 -1.489600 0.000000 0.000000 0.000000 1.000000
0.998336 0.048087 0.031826 0.021700 -0.047647 0.998760 -0.014448 14.099800 -0.032481 0.012908 0.999389 -1.489600 0.000000 0.000000 0.000000 1.000000
0.998918 0.040443 0.022973 0.021700 -0.040280 0.999160 -0.007479 14.099800 -0.023256 0.006546 0.999708 -1.489600 0.000000 0.000000 0.000000 1.000000
0.999235 0.035492 0.016431 0.021700 -0.035451 0.999368 -0.002751 14.099800 -0.016518 0.002166 0.999861 -1.489600 0.000000 0.000000 0.000000 1.000000
0.999389 0.033167 0.010989 0.021700 -0.033182 0.999449 0.001209 14.099800 -0.010942 -0.001573 0.999939 -1.489600 0.000000 0.000000 0.000000 1.000000
0.999463 0.032292 0.005595 0.021700 -0.032324 0.999461 0.005789 14.099800 -0.005405 -0.005967 0.999968 -1.489600 0.000000 0.000000 0.000000 1.000000
0.999486 0.032028 0.001531 0.021700 -0.032041 0.999438 0.009842 14.099800 -0.001215 -0.009886 0.999950 -1.489600 0.000000 0.000000 0.000000 1.000000
0.999502 0.031527 0.001655 0.021700 -0.031544 0.999430 0.012017 14.099800 -0.001275 -0.012064 0.999926 -1.489600 0.000000 0.000000 0.000000 1.000000
0.999568 0.029054 0.004352 0.021700 -0.029102 0.999512 0.011386 14.099800 -0.004019 -0.011507 0.999926 -1.489600 0.000000 0.000000 0.000000 1.000000
0.999738 0.021523 0.007819 0.021700 -0.021592 0.999728 0.008774 14.099800 -0.007628 -0.008941 0.999931 -1.489600 0.000000 0.000000 0.000000 1.000000
0.999859 0.012293 0.011459 0.021700 -0.012359 0.999907 0.005762 14.099800 -0.011387 -0.005903 0.999918 -1.489600 0.000000 0.000000 0.000000 1.000000
0.999882 0.002090 0.015197 0.021700 -0.002129 0.999994 0.002558 14.099800 -0.015192 -0.002590 0.999881 -1.489600 0.000000 0.000000 0.000000 1.000000
0.999785 -0.008356 0.018958 0.021700 0.008370 0.999965 -0.000642 14.099800 -0.018952 0.000801 0.999820 -1.489600 0.000000 0.000000 0.000000 1.000000
0.999575 -0.018316 0.022667 0.021700 0.018403 0.999824 -0.003651 14.099800 -0.022596 0.004067 0.999736 -1.489600 0.000000 0.000000 0.000000 1.000000</float_array><technique_common><accessor source="#Spine2-Matrix-animation-output-transform-array" count="46" stride="16"><param type="float4x4"/></accessor></technique_common></source><source id="Spine2-Interpolations"><Name_array id="Spine2-Interpolations-array" count="46">
 LINEAR LINEAR LINEAR LINEAR LINEAR LINEAR LINEAR LINEAR LINEAR LINEAR LINEAR
LINEAR LINEAR LINEAR LINEAR LINEAR LINEAR LINEAR LINEAR LINEAR LINEAR LINEAR LINEAR
LINEAR LINEAR LINEAR LINEAR LINEAR LINEAR LINEAR LINEAR LINEAR LINEAR LINEAR LINEAR
LINEAR LINEAR LINEAR LINEAR LINEAR LINEAR LINEAR LINEAR LINEAR LINEAR LINEAR</Name_array><technique_common><accessor source="#Spine2-Interpolations-array" count="46"><param type="name"/></accessor></technique_common></source><sampler id="Spine2-Matrix-animation-transform"><input semantic="INPUT" source="#Spine2-Matrix-animation-input"/><input semantic="OUTPUT" source="#Spine2-Matrix-animation-output-transform"/><input semantic="INTERPOLATION" source="#Spine2-Interpolations"/></sampler><channel source="#Spine2-Matrix-animation-transform" target="Spine2/matrix"/></animation>
    <animation id="Neck-anim" name="Neck"><source id="Neck-Matrix-animation-input"><float_array id="Neck-Matrix-animation-input-array" count="46">

0.000000 0.033333 0.066667 0.100000 0.133333 0.166667 0.200000 0.233333 0.266667 0.300000 0.333333 0.366667 0.400000 0.433333 0.466667 0.500000
0.533333 0.566667 0.600000 0.633333 0.666667 0.700000 0.733333 0.766667 0.800000 0.833333 0.866667 0.900000 0.933333 0.966667 1.000000 1.033333
1.066667 1.100000 1.133333 1.166667 1.200000 1.233333 1.266667 1.300000 1.333333 1.366667 1.400000 1.433333 1.466667 1.500000</float_array><technique_common><accessor source="#Neck-Matrix-animation-input-array" count="46"><param name="TIME" type="float"/></accessor></technique_common></source><source id="Neck-Matrix-animation-output-transform"><float_array id="Neck-Matrix-animation-output-transform-array" count="736">

0.985070 0.027001 0.170026 0.024400 -0.032879 0.998952 0.031849 15.862300 -0.168988 -0.036964 0.984925 -1.675800 0.000000 0.000000 0.000000 1.000000
0.984299 0.029752 0.173984 0.024400 -0.037031 0.998563 0.038741 15.862300 -0.172581 -0.044575 0.983986 -1.675800 0.000000 0.000000 0.000000 1.000000
0.983443 0.032710 0.178239 0.024400 -0.041568 0.998067 0.046194 15.862300 -0.176383 -0.052838 0.982902 -1.675800 0.000000 0.000000 0.000000 1.000000
0.982001 0.037474 0.185123 0.024400 -0.049133 0.997060 0.058795 15.862300 -0.182375 -0.066833 0.980955 -1.675800 0.000000 0.000000 0.000000 1.000000
0.980000 0.043680 0.194143 0.024400 -0.059470 0.995313 0.076260 15.862300 -0.189902 -0.086281 0.978005 -1.675800 0.000000 0.000000 0.000000 1.000000
0.977803 0.050029 0.203465 0.024400 -0.070742 0.992880 0.095837 15.862300 -0.197221 -0.108103 0.974381 -1.675800 0.000000 0.000000 0.000000 1.000000
0.975656 0.055793 0.212091 0.024400 -0.081895 0.989826 0.116349 15.862300 -0.203442 -0.130886 0.970299 -1.675800 0.000000 0.000000 0.000000 1.000000
0.973854 0.060243 0.219042 0.024400 -0.091764 0.986352 0.136708 15.862300 -0.207816 -0.153234 0.966091 -1.675800 0.000000 0.000000 0.000000 1.000000
0.972724 0.062649 0.223343 0.024400 -0.099092 0.982790 0.155899 15.862300 -0.209733 -0.173779 0.962192 -1.675800 0.000000 0.000000 0.000000 1.000000
0.972591 0.062282 0.224028 0.024400 -0.102565 0.979577 0.172943 15.862300 -0.208681 -0.191180 0.959115 -1.675800 0.000000 0.000000 0.000000 1.000000
0.973725 0.058413 0.220107 0.024400 -0.100852 0.977203 0.186823 15.862300 -0.204176 -0.204113 0.957418 -1.675800 0.000000 0.000000 0.000000 1.000000
0.979415 0.043523 0.197107 0.024400 -0.082606 0.977389 0.194646 15.862300 -0.184179 -0.206921 0.960865 -1.675800 0.000000 0.000000 0.000000 1.000000
0.987771 -0.023631 0.154113 0.024400 -0.007312 0.980340 0.197182 15.862300 -0.155743 -0.195897 0.968178 -1.675800 0.000000 0.000000 0.000000 1.000000
0.993195 -0.036672 0.110539 0.024400 0.015289 0.981974 0.188398 15.862300 -0.115456 -0.185426 0.975852 -1.675800 0.000000 0.000000 0.000000 1.000000
0.997374 -0.043227 0.058104 0.024400 0.032218 0.983397 0.178582 15.862300 -0.064859 -0.176241 0.982208 -1.675800 0.000000 0.000000 0.000000 1.000000
0.998891 -0.047064 0.001056 0.024400 0.046223 0.984805 0.167401 15.862300 -0.008919 -0.167167 0.985888 -1.675800 0.000000 0.000000 0.000000 1.000000
0.997163 -0.049087 -0.057065 0.024400 0.057429 0.986214 0.155190 15.862300 0.048660 -0.158027 0.986235 -1.675800 0.000000 0.000000 0.000000 1.000000
0.992359 -0.050203 -0.112705 0.024400 0.066137 0.987595 0.142415 15.862300 0.104158 -0.148781 0.983369 -1.675800 0.000000 0.000000 0.000000 1.000000
0.985390 -0.051304 -0.162400 0.024400 0.072843 0.988889 0.129587 15.862300 0.153947 -0.139524 0.978179 -1.675800 0.000000 0.000000 0.000000 1.000000
0.977763 -0.053254 -0.202838 0.024400 0.078234 0.990022 0.117198 15.862300 0.194573 -0.130460 0.972174 -1.675800 0.000000 0.000000 0.000000 1.000000
0.972598 -0.056478 -0.225529 0.024400 0.082169 0.990944 0.106200 15.862300 0.217489 -0.121821 0.968431 -1.675800 0.000000 0.000000 0.000000 1.000000
0.971808 -0.068436 -0.225621 0.024400 0.093355 0.990426 0.101687 15.862300 0.216502 -0.119883 0.968894 -1.675800 0.000000 0.000000 0.000000 1.000000
