<?xml version="1.0" encoding="utf-8"?>
<COLLADA xmlns="http://www.collada.org/2005/11/COLLADASchema" version="1.4.1">
  <asset><contributor><author>Mixamo</author><authoring_tool>COLLADA Mixamo exporter</authoring_tool><comments></comments></contributor><created>2018-10-31T13:39:10Z</created><modified>2018-10-31T13:39:10Z</modified><revision></revision><title></title><unit meter="0.010000"/><up_axis>Y_UP</up_axis></asset>
  <library_animations>
    <animation id="Hips-anim" name="Hips"><source id="Hips-Matrix-animation-input"><float_array id="Hips-Matrix-animation-input-array" count="139">

0.000000 0.033333 0.066667 0.100000 0.133333 0.166667 0.200000 0.233333 0.266667 0.300000 0.333333 0.366667 0.400000 0.433333 0.466667 0.500000
0.533333 0.566667 0.600000 0.633333 0.666667 0.700000 0.733333 0.766667 0.800000 0.833333 0.866667 0.900000 0.933333 0.966667 1.000000 1.033333
1.066667 1.100000 1.133333 1.166667 1.200000 1.233333 1.266667 1.300000 1.333333 1.366667 1.400000 1.433333 1.466667 1.500000 1.533333 1.566667
1.600000 1.633333 1.666667 1.700000 1.733333 1.766667 1.800000 1.833333 1.866667 1.900000 1.933333 1.966667 2.000000 2.033333 2.066667 2.100000
2.133333 2.166667 2.200000 2.233333 2.266667 2.300000 2.333333 2.366667 2.400000 2.433333 2.466667 2.500000 2.533333 2.566667 2.600000 2.633333
2.666667 2.700000 2.733333 2.766667 2.800000 2.833333 2.866667 2.900000 2.933333 2.966667 3.000000 3.033333 3.066667 3.100000 3.133333 3.166667
3.200000 3.233333 3.266667 3.300000 3.333333 3.366667 3.400000 3.433333 3.466667 3.500000 3.533333 3.566667 3.600000 3.633333 3.666667 3.700000
3.733333 3.766667 3.800000 3.833333 3.866667 3.900000 3.933333 3.966667 4.000000 4.033333 4.066667 4.100000 4.133333 4.166667 4.200000 4.233333
4.266667 4.300000 4.333333 4.366667 4.400000 4.433333 4.466667 4.500000 4.533333 4.566667 4.600000</float_array><technique_common><accessor source="#Hips-Matrix-animation-input-array" count="139"><param name="TIME" type="float"/></accessor></technique_common></source><source id="Hips-Matrix-animation-output-transform"><float_array id="Hips-Matrix-animation-output-transform-array" count="2224">

0.998015 0.030587 -0.055043 -16.545731 -0.031685 0.999314 -0.019193 118.890068 0.054418 0.020899 0.998300 0.859448 0.000000 0.000000 0.000000 1.000000
0.998012 0.030990 -0.054881 -16.537355 -0.032094 0.999298 -0.019349 118.884079 0.054243 0.021072 0.998305 0.880403 0.000000 0.000000 0.000000 1.000000
0.998033 0.031491 -0.054210 -16.529806 -0.032602 0.999274 -0.019726 118.881149 0.053549 0.021454 0.998335 0.900219 0.000000 0.000000 0.000000 1.000000
0.998037 0.032023 -0.053816 -16.527712 -0.033148 0.999248 -0.020140 118.883675 0.053130 0.021885 0.998348 0.919273 0.000000 0.000000 0.000000 1.000000
0.998064 0.032430 -0.053066 -16.524527 -0.033557 0.999227 -0.020497 118.892395 0.052360 0.022238 0.998381 0.937897 0.000000 0.000000 0.000000 1.000000
0.998067 0.033016 -0.052654 -16.526262 -0.034141 0.999204 -0.020627 118.905319 0.051931 0.022384 0.998400 0.953712 0.000000 0.000000 0.000000 1.000000
0.998081 0.033396 -0.052139 -16.523005 -0.034509 0.999192 -0.020602 118.925804 0.051409 0.022362 0.998427 0.959195 0.000000 0.000000 0.000000 1.000000
0.998061 0.033756 -0.052301 -16.515581 -0.034850 0.999190 -0.020139 118.955238 0.051579 0.021922 0.998428 0.962273 0.000000 0.000000 0.000000 1.000000
0.998010 0.033810 -0.053229 -16.503757 -0.034889 0.999202 -0.019464 118.989540 0.052528 0.021282 0.998393 0.958001 0.000000 0.000000 0.000000 1.000000
0.997910 0.033715 -0.055128 -16.485579 -0.034805 0.999215 -0.018946 119.027161 0.054446 0.020826 0.998300 0.940453 0.000000 0.000000 0.000000 1.000000
0.997751 0.033843 -0.057852 -16.460026 -0.034920 0.999233 -0.017721 119.066696 0.057208 0.019702 0.998168 0.909296 0.000000 0.000000 0.000000 1.000000
0.997543 0.032934 -0.061830 -16.422207 -0.034020 0.999283 -0.016595 119.087814 0.061239 0.018658 0.997949 0.841541 0.000000 0.000000 0.000000 1.000000
0.997356 0.033218 -0.064630 -16.378996 -0.034303 0.999287 -0.015755 119.074150 0.064060 0.017931 0.997785 0.746711 0.000000 0.000000 0.000000 1.000000
0.997169 0.034281 -0.066921 -16.329975 -0.035351 0.999264 -0.014870 119.064163 0.066362 0.017193 0.997647 0.591888 0.000000 0.000000 0.000000 1.000000
0.997055 0.035738 -0.067854 -16.290836 -0.036806 0.999216 -0.014556 119.055969 0.067280 0.017011 0.997589 0.343070 0.000000 0.000000 0.000000 1.000000
0.996971 0.037650 -0.068048 -16.229635 -0.038687 0.999154 -0.013978 119.055443 0.067464 0.016568 0.997584 -0.071847 0.000000 0.000000 0.000000 1.000000
0.996852 0.043172 -0.066502 -16.178038 -0.044254 0.998909 -0.014891 119.059807 0.065787 0.017787 0.997675 -0.700005 0.000000 0.000000 0.000000 1.000000
0.996951 0.043577 -0.064735 -16.093130 -0.044736 0.998862 -0.016564 118.883316 0.063940 0.019410 0.997765 -1.686688 0.000000 0.000000 0.000000 1.000000
0.997666 0.047055 -0.049476 -16.130474 -0.048274 0.998552 -0.023743 117.951134 0.048287 0.026076 0.998493 -3.689827 0.000000 0.000000 0.000000 1.000000
0.998127 0.053724 -0.029275 -16.242115 -0.054471 0.998193 -0.025354 116.239426 0.027860 0.026901 0.999250 -6.549319 0.000000 0.000000 0.000000 1.000000
0.998279 0.057520 -0.011445 -16.367813 -0.057680 0.998235 -0.014143 114.080002 0.010611 0.014779 0.999834 -9.525848 0.000000 0.000000 0.000000 1.000000
0.998042 0.062552 -0.000600 -16.473373 -0.062551 0.998039 0.002360 112.164452 0.000747 -0.002318 0.999997 -12.011248 0.000000 0.000000 0.000000 1.000000
0.997088 0.070071 0.030094 -16.588247 -0.070399 0.997469 0.009987 110.573662 -0.029318 -0.012076 0.999497 -14.377600 0.000000 0.000000 0.000000 1.000000
0.996603 0.063861 0.051995 -16.782919 -0.065300 0.997515 0.026456 108.694473 -0.050176 -0.029761 0.998297 -16.635391 0.000000 0.000000 0.000000 1.000000
0.997237 0.054385 0.050600 -16.934587 -0.055927 0.997997 0.029564 107.036400 -0.048890 -0.032312 0.998281 -18.386736 0.000000 0.000000 0.000000 1.000000
0.997596 0.054372 0.042959 -16.976793 -0.055481 0.998145 0.025066 105.772629 -0.041516 -0.027389 0.998762 -19.689798 0.000000 0.000000 0.000000 1.000000
0.998035 0.053358 0.032854 -17.026541 -0.053948 0.998393 0.017330 104.603195 -0.031876 -0.019069 0.999310 -20.972782 0.000000 0.000000 0.000000 1.000000
0.998379 0.053517 0.019391 -17.074289 -0.053793 0.998454 0.014007 103.413773 -0.018611 -0.015028 0.999714 -22.252705 0.000000 0.000000 0.000000 1.000000
0.998230 0.055006 0.022630 -17.109074 -0.055443 0.998278 0.019177 102.121758 -0.021537 -0.020398 0.999560 -23.461142 0.000000 0.000000 0.000000 1.000000
0.998058 0.055939 0.027389 -17.145683 -0.056647 0.998061 0.025796 100.870293 -0.025893 -0.027298 0.999292 -24.555376 0.000000 0.000000 0.000000 1.000000
0.998394 0.049440 0.027677 -17.250187 -0.050157 0.998407 0.025850 99.708115 -0.026355 -0.027196 0.999283 -25.532570 0.000000 0.000000 0.000000 1.000000
0.998204 0.048488 0.035192 -17.354822 -0.049498 0.998370 0.028412 98.522659 -0.033757 -0.030103 0.998977 -26.486649 0.000000 0.000000 0.000000 1.000000
0.998238 0.043356 0.040500 -17.477400 -0.044971 0.998193 0.039858 97.228378 -0.038699 -0.041609 0.998384 -27.437433 0.000000 0.000000 0.000000 1.000000
0.998098 0.040758 0.046257 -17.596252 -0.043363 0.997444 0.056798 95.838463 -0.043824 -0.058696 0.997314 -28.360336 0.000000 0.000000 0.000000 1.000000
0.997794 0.040036 0.052951 -17.716871 -0.044134 0.995926 0.078630 94.294922 -0.049588 -0.080794 0.995497 -29.244537 0.000000 0.000000 0.000000 1.000000
0.997553 0.040639 0.056887 -17.815561 -0.046085 0.994124 0.097950 93.104614 -0.052572 -0.100332 0.993564 -29.922874 0.000000 0.000000 0.000000 1.000000
0.997300 0.041318 0.060704 -17.952847 -0.048122 0.992166 0.115284 91.871681 -0.055466 -0.117894 0.991476 -30.597216 0.000000 0.000000 0.000000 1.000000
0.997283 0.041966 0.060547 -18.057064 -0.049772 0.989759 0.133788 90.575500 -0.054312 -0.136438 0.989159 -31.348303 0.000000 0.000000 0.000000 1.000000
0.997217 0.042087 0.061534 -18.136965 -0.051290 0.986332 0.156584 89.308327 -0.054103 -0.159304 0.985746 -32.134918 0.000000 0.000000 0.000000 1.000000
0.997034 0.043872 0.063230 -18.200054 -0.054422 0.982849 0.176198 87.993988 -0.054416 -0.179116 0.982322 -32.952705 0.000000 0.000000 0.000000 1.000000
0.996997 0.041931 0.065101 -18.259726 -0.053778 0.979823 0.192497 86.671890 -0.055716 -0.195420 0.979136 -33.837132 0.000000 0.000000 0.000000 1.000000
0.997063 0.037814 0.066593 -18.340401 -0.051288 0.975488 0.213994 85.366348 -0.056869 -0.216781 0.974562 -34.798264 0.000000 0.000000 0.000000 1.000000
0.997105 0.030291 0.069745 -18.427946 -0.045765 0.971564 0.232314 84.040352 -0.060725 -0.234833 0.970137 -35.799202 0.000000 0.000000 0.000000 1.000000
0.996777 0.024812 0.076289 -18.514929 -0.043555 0.965985 0.254905 82.707413 -0.067369 -0.257406 0.963952 -36.922535 0.000000 0.000000 0.000000 1.000000
0.996234 0.019728 0.084430 -18.618822 -0.042353 0.960416 0.275332 81.286453 -0.075656 -0.277871 0.957634 -38.087914 0.000000 0.000000 0.000000 1.000000
0.995587 0.015385 0.092576 -18.710146 -0.042392 0.953815 0.297389 79.740417 -0.083725 -0.300001 0.950258 -39.342415 0.000000 0.000000 0.000000 1.000000
0.994764 0.011576 0.101545 -18.793674 -0.043955 0.945439 0.322820 77.998672 -0.092267 -0.325593 0.940997 -40.692123 0.000000 0.000000 0.000000 1.000000
0.994115 0.009234 0.107932 -18.901979 -0.046777 0.935272 0.350824 76.130203 -0.097706 -0.353808 0.930201 -42.132828 0.000000 0.000000 0.000000 1.000000
0.993076 0.005287 0.117357 -18.988794 -0.049137 0.926096 0.374074 74.189606 -0.106706 -0.377250 0.919943 -43.667202 0.000000 0.000000 0.000000 1.000000
0.992039 0.001892 0.125919 -19.071445 -0.052410 0.915385 0.399154 72.125572 -0.114509 -0.402576 0.908196 -45.392818 0.000000 0.000000 0.000000 1.000000
0.991567 -0.001221 0.129587 -19.265553 -0.054664 0.902699 0.426787 69.914307 -0.117499 -0.430272 0.895020 -47.236336 0.000000 0.000000 0.000000 1.000000
0.991131 -0.007323 0.132689 -19.383841 -0.055046 0.886170 0.460079 67.517967 -0.120955 -0.463302 0.877907 -49.191822 0.000000 0.000000 0.000000 1.000000
0.989906 -0.015420 0.140886 -19.513418 -0.057304 0.865639 0.497378 64.834572 -0.129627 -0.500431 0.856017 -51.356564 0.000000 0.000000 0.000000 1.000000
0.988444 -0.019359 0.150348 -19.661589 -0.064651 0.843250 0.533619 61.825619 -0.137111 -0.537173 0.832253 -53.594547 0.000000 0.000000 0.000000 1.000000
0.987379 -0.024401 0.156483 -19.815434 -0.071401 0.813360 0.577362 58.638641 -0.141365 -0.581249 0.801353 -56.017384 0.000000 0.000000 0.000000 1.000000
0.986340 -0.028695 0.162201 -19.937899 -0.080811 0.773766 0.628296 55.108196 -0.143534 -0.632822 0.760878 -58.666847 0.000000 0.000000 0.000000 1.000000
0.984040 -0.037590 0.173933 -20.123682 -0.091338 0.732160 0.674981 51.369961 -0.152719 -0.680095 0.717041 -61.493698 0.000000 0.000000 0.000000 1.000000
0.982463 -0.047421 0.180327 -20.276850 -0.100764 0.678704 0.727467 47.397667 -0.156886 -0.732879 0.662023 -64.725525 0.000000 0.000000 0.000000 1.000000
0.980436 -0.052023 0.189841 -20.398113 -0.117240 0.620375 0.775493 43.127762 -0.158116 -0.782578 0.602138 -68.508667 0.000000 0.000000 0.000000 1.000000
0.978570 -0.059115 0.197245 -20.687899 -0.129973 0.565642 0.814344 38.489674 -0.159710 -0.822529 0.545837 -72.702553 0.000000 0.000000 0.000000 1.000000
0.979835 -0.056610 0.191619 -20.861370 -0.137436 0.505157 0.852014 33.244095 -0.145030 -0.861169 0.487191 -77.666748 0.000000 0.000000 0.000000 1.000000
0.984075 -0.038893 0.173448 -21.003235 -0.138627 0.442850 0.885814 27.169209 -0.111263 -0.895752 0.430406 -83.088287 0.000000 0.000000 0.000000 1.000000
0.987912 -0.019402 0.153796 -21.175587 -0.135434 0.374647 0.917223 20.559923 -0.075415 -0.926965 0.367490 -88.862381 0.000000 0.000000 0.000000 1.000000
0.988681 -0.002698 0.150006 -21.517763 -0.144538 0.250932 0.957153 14.584188 -0.040224 -0.968001 0.247702 -94.160278 0.000000 0.000000 0.000000 1.000000
0.989246 0.006312 0.146125 -21.598150 -0.146228 0.063959 0.987181 11.661093 -0.003115 -0.997933 0.064194 -97.354797 0.000000 0.000000 0.000000 1.000000
0.990451 0.018361 0.136634 -21.313623 -0.135696 -0.045148 0.989721 12.018118 0.024341 -0.998812 -0.042226 -99.435211 0.000000 0.000000 0.000000 1.000000
0.989387 0.014263 0.144604 -21.249685 -0.142675 -0.093159 0.985376 13.565079 0.027525 -0.995549 -0.090136 -101.799683 0.000000 0.000000 0.000000 1.000000
0.988040 -0.011980 0.153731 -21.716011 -0.152884 -0.205928 0.966551 14.626015 0.020078 -0.978494 -0.205297 -104.920456 0.000000 0.000000 0.000000 1.000000
0.987301 -0.024142 0.157018 -22.035055 -0.156270 -0.325436 0.932562 15.637142 0.028585 -0.945256 -0.325076 -108.283600 0.000000 0.000000 0.000000 1.000000
0.986657 -0.033894 0.159243 -22.187468 -0.160771 -0.357124 0.920117 16.799294 0.025683 -0.933442 -0.357808 -111.400986 0.000000 0.000000 0.000000 1.000000
0.986060 -0.037354 0.162144 -22.403416 -0.164914 -0.348946 0.922518 17.580704 0.022119 -0.936398 -0.350242 -113.845749 0.000000 0.000000 0.000000 1.000000
0.984335 -0.034316 0.172939 -22.593060 -0.174360 -0.334970 0.925956 17.718262 0.026154 -0.941604 -0.335706 -115.325272 0.000000 0.000000 0.000000 1.000000
0.982277 -0.032425 0.184608 -22.760231 -0.185268 -0.317256 0.930067 17.382158 0.028411 -0.947785 -0.317641 -116.193748 0.000000 0.000000 0.000000 1.000000
0.980499 -0.030777 0.194098 -22.754005 -0.194435 -0.295493 0.935349 16.651752 0.028567 -0.954849 -0.295715 -116.688873 0.000000 0.000000 0.000000 1.000000
0.979887 -0.028087 0.197566 -22.673944 -0.197758 -0.269166 0.942572 15.839163 0.026704 -0.962684 -0.269307 -116.871590 0.000000 0.000000 0.000000 1.000000
0.980012 -0.028072 0.196949 -22.763882 -0.197869 -0.240123 0.950362 15.083663 0.020614 -0.970337 -0.240878 -117.114525 0.000000 0.000000 0.000000 1.000000
0.980234 -0.030264 0.195513 -22.856438 -0.197590 -0.199534 0.959762 14.329172 0.009965 -0.979423 -0.201570 -117.301178 0.000000 0.000000 0.000000 1.000000
0.982014 -0.033787 0.185759 -22.850775 -0.188705 -0.143352 0.971515 13.551575 -0.006195 -0.989095 -0.147150 -117.242027 0.000000 0.000000 0.000000 1.000000
0.984782 -0.030537 0.171092 -22.873116 -0.173159 -0.088189 0.980938 12.975244 -0.014866 -0.995636 -0.092135 -116.680359 0.000000 0.000000 0.000000 1.000000
0.987687 -0.024807 0.154463 -22.985579 -0.155432 -0.043530 0.986887 12.759462 -0.017758 -0.998744 -0.046849 -115.569702 0.000000 0.000000 0.000000 1.000000
0.990642 -0.019394 0.135104 -23.200968 -0.135440 -0.017212 0.990636 12.658117 -0.016887 -0.999664 -0.019678 -114.373230 0.000000 0.000000 0.000000 1.000000
0.992598 -0.017799 0.120136 -23.375244 -0.120308 -0.008912 0.992697 12.718863 -0.016598 -0.999802 -0.010988 -113.220718 0.000000 0.000000 0.000000 1.000000
0.993698 -0.023577 0.109581 -23.651377 -0.109803 -0.008335 0.993918 12.955124 -0.022520 -0.999687 -0.010872 -112.197311 0.000000 0.000000 0.000000 1.000000
0.994601 -0.027776 0.099984 -23.962120 -0.100119 -0.003514 0.994969 13.177994 -0.027285 -0.999608 -0.006276 -111.400452 0.000000 0.000000 0.000000 1.000000
0.995317 -0.030275 0.091801 -24.199539 -0.091603 0.007874 0.995764 13.277863 -0.030870 -0.999511 0.005064 -110.907539 0.000000 0.000000 0.000000 1.000000
0.995854 -0.031392 0.085381 -24.335632 -0.084858 0.017648 0.996237 13.218299 -0.032781 -0.999351 0.014911 -110.722786 0.000000 0.000000 0.000000 1.000000
0.996250 -0.030752 0.080867 -24.404535 -0.080149 0.023905 0.996496 13.122943 -0.032577 -0.999241 0.021351 -110.833725 0.000000 0.000000 0.000000 1.000000
0.996450 -0.029306 0.078924 -24.434013 -0.078190 0.025404 0.996615 13.029743 -0.031212 -0.999248 0.023022 -111.107742 0.000000 0.000000 0.000000 1.000000
0.996495 -0.027400 0.079043 -24.428703 -0.078436 0.022579 0.996663 12.956989 -0.029094 -0.999370 0.020350 -111.390625 0.000000 0.000000 0.000000 1.000000
0.996349 -0.026912 0.081020 -24.402895 -0.080593 0.016563 0.996609 12.924815 -0.028163 -0.999501 0.014333 -111.644981 0.000000 0.000000 0.000000 1.000000
0.996108 -0.027039 0.083886 -24.354601 -0.083621 0.010790 0.996439 12.910170 -0.027848 -0.999576 0.008486 -111.861786 0.000000 0.000000 0.000000 1.000000
0.995727 -0.026672 0.088415 -24.296024 -0.088248 0.007351 0.996071 12.873686 -0.027217 -0.999617 0.004966 -112.064186 0.000000 0.000000 0.000000 1.000000
0.995306 -0.025209 0.093436 -24.221722 -0.093289 0.006947 0.995615 12.837580 -0.025747 -0.999658 0.004562 -112.332504 0.000000 0.000000 0.000000 1.000000
0.994973 -0.024507 0.097101 -24.121441 -0.096913 0.008747 0.995254 12.807926 -0.025240 -0.999661 0.006328 -112.522041 0.000000 0.000000 0.000000 1.000000
0.994628 -0.024231 0.100634 -24.044456 -0.100394 0.010933 0.994888 12.803631 -0.025207 -0.999647 0.008442 -112.605148 0.000000 0.000000 0.000000 1.000000
0.994453 -0.023892 0.102429 -23.976635 -0.102147 0.012712 0.994688 12.827591 -0.025068 -0.999634 0.010201 -112.612144 0.000000 0.000000 0.000000 1.000000
0.994371 -0.024161 0.103167 -23.937046 -0.102856 0.013791 0.994601 12.854749 -0.025454 -0.999613 0.011229 -112.552139 0.000000 0.000000 0.000000 1.000000
0.994322 -0.024255 0.103609 -23.930449 -0.103266 0.015002 0.994541 12.876068 -0.025677 -0.999593 0.012413 -112.498329 0.000000 0.000000 0.000000 1.000000
0.994326 -0.024291 0.103564 -23.943604 -0.103187 0.016293 0.994529 12.886021 -0.025845 -0.999572 0.013694 -112.464386 0.000000 0.000000 0.000000 1.000000
0.994350 -0.024375 0.103312 -23.976009 -0.102906 0.017368 0.994539 12.887965 -0.026037 -0.999552 0.014761 -112.450714 0.000000 0.000000 0.000000 1.000000
0.994414 -0.024375 0.102700 -24.016291 -0.102285 0.017702 0.994598 12.882968 -0.026061 -0.999546 0.015110 -112.458900 0.000000 0.000000 0.000000 1.000000
0.994491 -0.024089 0.102015 -24.055731 -0.101614 0.017311 0.994673 12.871628 -0.025726 -0.999560 0.014768 -112.488190 0.000000 0.000000 0.000000 1.000000
0.994546 -0.023604 0.101596 -24.093090 -0.101215 0.016797 0.994723 12.865048 -0.025186 -0.999580 0.014316 -112.519646 0.000000 0.000000 0.000000 1.000000
0.994603 -0.023172 0.101131 -24.121279 -0.100769 0.016291 0.994776 12.864244 -0.024698 -0.999599 0.013868 -112.536697 0.000000 0.000000 0.000000 1.000000
0.994676 -0.022574 0.100547 -24.137011 -0.100203 0.015885 0.994840 12.866209 -0.024055 -0.999619 0.013538 -112.536736 0.000000 0.000000 0.000000 1.000000
0.994731 -0.022155 0.100095 -24.142166 -0.099752 0.016095 0.994882 12.867415 -0.023653 -0.999625 0.013800 -112.524796 0.000000 0.000000 0.000000 1.000000
0.994748 -0.022231 0.099907 -24.140779 -0.099555 0.016394 0.994897 12.870463 -0.023756 -0.999618 0.014095 -112.506622 0.000000 0.000000 0.000000 1.000000
0.994749 -0.022534 0.099829 -24.138445 -0.099464 0.016789 0.994900 12.874857 -0.024095 -0.999605 0.014460 -112.483963 0.000000 0.000000 0.000000 1.000000
0.994732 -0.022788 0.099949 -24.135656 -0.099570 0.017182 0.994882 12.876995 -0.024389 -0.999593 0.014822 -112.463638 0.000000 0.000000 0.000000 1.000000
0.994702 -0.023000 0.100199 -24.132072 -0.099808 0.017549 0.994852 12.875374 -0.024640 -0.999581 0.015161 -112.449158 0.000000 0.000000 0.000000 1.000000
0.994682 -0.023067 0.100377 -24.129463 -0.099981 0.017728 0.994831 12.873224 -0.024727 -0.999577 0.015327 -112.443825 0.000000 0.000000 0.000000 1.000000
0.994666 -0.023011 0.100550 -24.126537 -0.100156 0.017675 0.994815 12.870721 -0.024669 -0.999579 0.015276 -112.445564 0.000000 0.000000 0.000000 1.000000
0.994657 -0.022828 0.100679 -24.123373 -0.100290 0.017572 0.994803 12.866148 -0.024479 -0.999585 0.015188 -112.453972 0.000000 0.000000 0.000000 1.000000
0.994636 -0.022656 0.100928 -24.119360 -0.100540 0.017686 0.994776 12.863156 -0.024322 -0.999587 0.015313 -112.463860 0.000000 0.000000 0.000000 1.000000
0.994613 -0.022578 0.101168 -24.116575 -0.100778 0.017810 0.994750 12.862287 -0.024261 -0.999586 0.015438 -112.469612 0.000000 0.000000 0.000000 1.000000
0.994602 -0.022543 0.101290 -24.115294 -0.100898 0.017915 0.994736 12.861279 -0.024239 -0.999585 0.015544 -112.470284 0.000000 0.000000 0.000000 1.000000
0.994602 -0.022502 0.101297 -24.115025 -0.100903 0.018043 0.994733 12.859895 -0.024211 -0.999584 0.015675 -112.468742 0.000000 0.000000 0.000000 1.000000
0.994615 -0.022593 0.101148 -24.115229 -0.100750 0.018107 0.994747 12.858894 -0.024305 -0.999581 0.015734 -112.466446 0.000000 0.000000 0.000000 1.000000
0.994632 -0.022868 0.100915 -24.113482 -0.100512 0.018162 0.994770 12.855364 -0.024581 -0.999574 0.015766 -112.463371 0.000000 0.000000 0.000000 1.000000
0.994649 -0.023190 0.100673 -24.111656 -0.100261 0.018310 0.994793 12.852044 -0.024913 -0.999563 0.015887 -112.459808 0.000000 0.000000 0.000000 1.000000
0.994651 -0.023362 0.100614 -24.113863 -0.100193 0.018540 0.994795 12.852924 -0.025105 -0.999555 0.016101 -112.457306 0.000000 0.000000 0.000000 1.000000
0.994662 -0.023533 0.100462 -24.116467 -0.100033 0.018760 0.994807 12.854748 -0.025296 -0.999547 0.016306 -112.456932 0.000000 0.000000 0.000000 1.000000
0.994668 -0.023595 0.100391 -24.119286 -0.099956 0.018972 0.994811 12.857234 -0.025377 -0.999542 0.016512 -112.457047 0.000000 0.000000 0.000000 1.000000
0.994657 -0.023583 0.100506 -24.123573 -0.100065 0.019204 0.994796 12.860929 -0.025391 -0.999537 0.016741 -112.456497 0.000000 0.000000 0.000000 1.000000
0.994667 -0.023606 0.100405 -24.129267 -0.099961 0.019286 0.994804 12.865474 -0.025420 -0.999535 0.016824 -112.456512 0.000000 0.000000 0.000000 1.000000
0.994674 -0.023530 0.100345 -24.133709 -0.099903 0.019293 0.994810 12.870545 -0.025344 -0.999537 0.016839 -112.457504 0.000000 0.000000 0.000000 1.000000
0.994673 -0.023494 0.100372 -24.135725 -0.099931 0.019242 0.994808 12.874104 -0.025303 -0.999539 0.016792 -112.458519 0.000000 0.000000 0.000000 1.000000
0.994673 -0.023555 0.100352 -24.136683 -0.099913 0.019103 0.994813 12.874666 -0.025349 -0.999540 0.016648 -112.458633 0.000000 0.000000 0.000000 1.000000
0.994669 -0.023717 0.100355 -24.137594 -0.099919 0.018910 0.994816 12.873934 -0.025492 -0.999540 0.016439 -112.457390 0.000000 0.000000 0.000000 1.000000
0.994665 -0.023790 0.100378 -24.137270 -0.099946 0.018718 0.994817 12.872327 -0.025545 -0.999542 0.016240 -112.456932 0.000000 0.000000 0.000000 1.000000
0.994662 -0.023723 0.100424 -24.136633 -0.099995 0.018624 0.994814 12.870240 -0.025470 -0.999545 0.016153 -112.456894 0.000000 0.000000 0.000000 1.000000
0.994662 -0.023619 0.100445 -24.136284 -0.100017 0.018629 0.994811 12.869184 -0.025367 -0.999547 0.016167 -112.457489 0.000000 0.000000 0.000000 1.000000
0.994664 -0.023500 0.100451 -24.136400 -0.100024 0.018702 0.994809 12.868793 -0.025256 -0.999549 0.016252 -112.458855 0.000000 0.000000 0.000000 1.000000
0.994667 -0.023329 0.100467 -24.136703 -0.100040 0.018819 0.994805 12.867297 -0.025099 -0.999551 0.016385 -112.459282 0.000000 0.000000 0.000000 1.000000
0.994671 -0.023190 0.100459 -24.137230 -0.100030 0.018951 0.994804 12.864941 -0.024973 -0.999551 0.016530 -112.459137 0.000000 0.000000 0.000000 1.000000
0.994676 -0.023127 0.100420 -24.137308 -0.099990 0.019049 0.994806 12.862808 -0.024919 -0.999551 0.016635 -112.459373 0.000000 0.000000 0.000000 1.000000
0.994683 -0.023156 0.100350 -24.135864 -0.099919 0.019091 0.994812 12.858673 -0.024952 -0.999550 0.016676 -112.458984 0.000000 0.000000 0.000000 1.000000
0.994699 -0.023207 0.100176 -24.132772 -0.099744 0.019067 0.994830 12.854266 -0.024997 -0.999549 0.016651 -112.458565 0.000000 0.000000 0.000000 1.000000
0.994710 -0.023189 0.100071 -24.131334 -0.099641 0.019017 0.994842 12.850910 -0.024973 -0.999550 0.016606 -112.458511 0.000000 0.000000 0.000000 1.000000</float_array><technique_common><accessor source="#Hips-Matrix-animation-output-transform-array" count="139" stride="16"><param type="float4x4"/></accessor></technique_common></source><source id="Hips-Interpolations"><Name_array id="Hips-Interpolations-array" count="139">
 LINEAR LINEAR LINEAR LINEAR LINEAR LINEAR LINEAR LINEAR LINEAR LINEAR LINEAR
LINEAR LINEAR LINEAR LINEAR LINEAR LINEAR LINEAR LINEAR LINEAR LINEAR LINEAR LINEAR
LINEAR LINEAR LINEAR LINEAR LINEAR LINEAR LINEAR LINEAR LINEAR LINEAR LINEAR LINEAR
LINEAR LINEAR LINEAR LINEAR LINEAR LINEAR LINEAR LINEAR LINEAR LINEAR LINEAR LINEAR
LINEAR LINEAR LINEAR LINEAR LINEAR LINEAR LINEAR LINEAR LINEAR LINEAR LINEAR LINEAR
LINEAR LINEAR LINEAR LINEAR LINEAR LINEAR LINEAR LINEAR LINEAR LINEAR LINEAR LINEAR
LINEAR LINEAR LINEAR LINEAR LINEAR LINEAR LINEAR LINEAR LINEAR LINEAR LINEAR LINEAR
LINEAR LINEAR LINEAR LINEAR LINEAR LINEAR LINEAR LINEAR LINEAR LINEAR LINEAR LINEAR
LINEAR LINEAR LINEAR LINEAR LINEAR LINEAR LINEAR LINEAR LINEAR LINEAR LINEAR LINEAR
LINEAR LINEAR LINEAR LINEAR LINEAR LINEAR LINEAR LINEAR LINEAR LINEAR LINEAR LINEAR
LINEAR LINEAR LINEAR LINEAR LINEAR LINEAR LINEAR LINEAR LINEAR LINEAR LINEAR LINEAR
LINEAR LINEAR LINEAR LINEAR LINEAR LINEAR LINEAR LINEAR</Name_array><technique_common><accessor source="#Hips-Interpolations-array" count="139"><param type="name"/></accessor></technique_common></source><sampler id="Hips-Matrix-animation-transform"><input semantic="INPUT" source="#Hips-Matrix-animation-input"/><input semantic="OUTPUT" source="#Hips-Matrix-animation-output-transform"/><input semantic="INTERPOLATION" source="#Hips-Interpolations"/></sampler><channel source="#Hips-Matrix-animation-transform" target="Hips/matrix"/></animation>
    <animation id="Spine-anim" name="Spine"><source id="Spine-Matrix-animation-input"><float_array id="Spine-Matrix-animation-input-array" count="139">

0.000000 0.033333 0.066667 0.100000 0.133333 0.166667 0.200000 0.233333 0.266667 0.300000 0.333333 0.366667 0.400000 0.433333 0.466667 0.500000
0.533333 0.566667 0.600000 0.633333 0.666667 0.700000 0.733333 0.766667 0.800000 0.833333 0.866667 0.900000 0.933333 0.966667 1.000000 1.033333
1.066667 1.100000 1.133333 1.166667 1.200000 1.233333 1.266667 1.300000 1.333333 1.366667 1.400000 1.433333 1.466667 1.500000 1.533333 1.566667
1.600000 1.633333 1.666667 1.700000 1.733333 1.766667 1.800000 1.833333 1.866667 1.900000 1.933333 1.966667 2.000000 2.033333 2.066667 2.100000
2.133333 2.166667 2.200000 2.233333 2.266667 2.300000 2.333333 2.366667 2.400000 2.433333 2.466667 2.500000 2.533333 2.566667 2.600000 2.633333
2.666667 2.700000 2.733333 2.766667 2.800000 2.833333 2.866667 2.900000 2.933333 2.966667 3.000000 3.033333 3.066667 3.100000 3.133333 3.166667
3.200000 3.233333 3.266667 3.300000 3.333333 3.366667 3.400000 3.433333 3.466667 3.500000 3.533333 3.566667 3.600000 3.633333 3.666667 3.700000
3.733333 3.766667 3.800000 3.833333 3.866667 3.900000 3.933333 3.966667 4.000000 4.033333 4.066667 4.100000 4.133333 4.166667 4.200000 4.233333
4.266667 4.300000 4.333333 4.366667 4.400000 4.433333 4.466667 4.500000 4.533333 4.566667 4.600000</float_array><technique_common><accessor source="#Spine-Matrix-animation-input-array" count="139"><param name="TIME" type="float"/></accessor></technique_common></source><source id="Spine-Matrix-animation-output-transform"><float_array id="Spine-Matrix-animation-output-transform-array" count="2224">

0.999901 -0.012876 -0.005682 0.000200 0.013058 0.999363 0.033199 10.849300 0.005251 -0.033270 0.999433 -0.097300 0.000000 0.000000 0.000000 1.000000
0.999898 -0.013033 -0.005795 0.000200 0.013219 0.999359 0.033269 10.849300 0.005358 -0.033342 0.999430 -0.097300 0.000000 0.000000 0.000000 1.000000
0.999894 -0.013239 -0.006068 0.000200 0.013435 0.999349 0.033479 10.849300 0.005621 -0.033557 0.999421 -0.097300 0.000000 0.000000 0.000000 1.000000
0.999890 -0.013439 -0.006295 0.000200 0.013643 0.999344 0.033535 10.849300 0.005840 -0.033617 0.999418 -0.097300 0.000000 0.000000 0.000000 1.000000
0.999886 -0.013557 -0.006595 0.000200 0.013771 0.999341 0.033597 10.849300 0.006135 -0.033684 0.999414 -0.097300 0.000000 0.000000 0.000000 1.000000
0.999883 -0.013720 -0.006740 0.000200 0.013939 0.999340 0.033554 10.849300 0.006276 -0.033644 0.999414 -0.097300 0.000000 0.000000 0.000000 1.000000
0.999881 -0.013814 -0.006886 0.000200 0.014037 0.999342 0.033444 10.849300 0.006419 -0.033537 0.999417 -0.097300 0.000000 0.000000 0.000000 1.000000
0.999880 -0.013922 -0.006855 0.000200 0.014142 0.999349 0.033193 10.849300 0.006388 -0.033286 0.999425 -0.097300 0.000000 0.000000 0.000000 1.000000
0.999879 -0.014011 -0.006687 0.000200 0.014224 0.999357 0.032925 10.849300 0.006222 -0.033016 0.999435 -0.097300 0.000000 0.000000 0.000000 1.000000
0.999881 -0.014087 -0.006345 0.000200 0.014286 0.999365 0.032637 10.849300 0.005881 -0.032724 0.999447 -0.097300 0.000000 0.000000 0.000000 1.000000
0.999882 -0.014191 -0.005936 0.000200 0.014375 0.999374 0.032311 10.849300 0.005474 -0.032393 0.999460 -0.097300 0.000000 0.000000 0.000000 1.000000
0.999886 -0.014098 -0.005357 0.000200 0.014261 0.999391 0.031840 10.849300 0.004905 -0.031912 0.999479 -0.097300 0.000000 0.000000 0.000000 1.000000
0.999882 -0.014641 -0.004756 0.000200 0.014782 0.999403 0.031219 10.849300 0.004296 -0.031286 0.999501 -0.097300 0.000000 0.000000 0.000000 1.000000
0.999871 -0.015303 -0.004780 0.000200 0.015439 0.999436 0.029820 10.849300 0.004321 -0.029890 0.999544 -0.097300 0.000000 0.000000 0.000000 1.000000
0.999855 -0.016255 -0.005056 0.000200 0.016392 0.999463 0.028384 10.849300 0.004592 -0.028463 0.999584 -0.097300 0.000000 0.000000 0.000000 1.000000
0.999833 -0.017368 -0.005774 0.000200 0.017512 0.999509 0.025970 10.849300 0.005320 -0.026067 0.999646 -0.097300 0.000000 0.000000 0.000000 1.000000
0.999797 -0.019090 -0.006462 0.000200 0.019223 0.999592 0.021105 10.849300 0.006057 -0.021225 0.999756 -0.097300 0.000000 0.000000 0.000000 1.000000
0.999790 -0.019433 -0.006546 0.000200 0.019511 0.999738 0.012007 10.849300 0.006311 -0.012133 0.999906 -0.097300 0.000000 0.000000 0.000000 1.000000
0.999782 -0.019965 -0.006048 0.000200 0.019932 0.999786 -0.005476 10.849300 0.006156 0.005355 0.999967 -0.097300 0.000000 0.000000 0.000000 1.000000
0.999784 -0.020288 -0.004410 0.000200 0.020114 0.999133 -0.036452 10.849300 0.005146 0.036356 0.999326 -0.097300 0.000000 0.000000 0.000000 1.000000
0.999782 -0.020852 -0.000709 0.000200 0.020743 0.997062 -0.073741 10.849300 0.002245 0.073710 0.997277 -0.097300 0.000000 0.000000 0.000000 1.000000
0.999713 -0.023807 0.002582 0.000200 0.023947 0.994083 -0.105952 10.849300 -0.000044 0.105983 0.994368 -0.097300 0.000000 0.000000 0.000000 1.000000
0.999556 -0.029665 0.002819 0.000200 0.029777 0.990772 -0.132227 10.849300 0.001130 0.132253 0.991215 -0.097300 0.000000 0.000000 0.000000 1.000000
0.999402 -0.034264 0.004737 0.000200 0.034583 0.986945 -0.157299 10.849300 0.000714 0.157368 0.987540 -0.097300 0.000000 0.000000 0.000000 1.000000
0.999204 -0.037911 0.012452 0.000200 0.039512 0.983609 -0.175935 10.849300 -0.005578 0.176287 0.984323 -0.097300 0.000000 0.000000 0.000000 1.000000
0.998888 -0.041814 0.021771 0.000200 0.045153 0.981341 -0.186896 10.849300 -0.013549 0.187672 0.982138 -0.097300 0.000000 0.000000 0.000000 1.000000
0.998659 -0.043704 0.027754 0.000200 0.048267 0.979855 -0.193788 10.849300 -0.018726 0.194868 0.980651 -0.097300 0.000000 0.000000 0.000000 1.000000
0.998568 -0.044804 0.029229 0.000200 0.049743 0.978693 -0.199214 10.849300 -0.019681 0.200382 0.979520 -0.097300 0.000000 0.000000 0.000000 1.000000
0.998568 -0.045792 0.027673 0.000200 0.050498 0.977544 -0.204593 10.849300 -0.017682 0.205697 0.978456 -0.097300 0.000000 0.000000 0.000000 1.000000
0.998510 -0.047125 0.027517 0.000200 0.051842 0.976609 -0.208682 10.849300 -0.017039 0.209797 0.977596 -0.097300 0.000000 0.000000 0.000000 1.000000
0.998408 -0.048589 0.028629 0.000200 0.053557 0.975939 -0.211366 10.849300 -0.017670 0.212563 0.976988 -0.097300 0.000000 0.000000 0.000000 1.000000
0.998323 -0.049348 0.030263 0.000200 0.054652 0.975808 -0.211686 10.849300 -0.019084 0.212985 0.976869 -0.097300 0.000000 0.000000 0.000000 1.000000
0.998365 -0.048036 0.030978 0.000200 0.053515 0.975954 -0.211303 10.849300 -0.020083 0.212616 0.976929 -0.097300 0.000000 0.000000 0.000000 1.000000
0.998414 -0.046839 0.031230 0.000200 0.052401 0.975977 -0.211478 10.849300 -0.020574 0.212780 0.976884 -0.097300 0.000000 0.000000 0.000000 1.000000
0.998394 -0.046893 0.031788 0.000200 0.052604 0.975657 -0.212902 10.849300 -0.021031 0.214232 0.976556 -0.097300 0.000000 0.000000 0.000000 1.000000
0.998329 -0.047891 0.032337 0.000200 0.053765 0.974900 -0.216053 10.849300 -0.021178 0.217430 0.975846 -0.097300 0.000000 0.000000 0.000000 1.000000
0.998275 -0.048373 0.033270 0.000200 0.054502 0.974233 -0.218859 10.849300 -0.021825 0.220294 0.975189 -0.097300 0.000000 0.000000 0.000000 1.000000
0.998265 -0.048538 0.033330 0.000200 0.054717 0.973811 -0.220675 10.849300 -0.021746 0.222116 0.974778 -0.097300 0.000000 0.000000 0.000000 1.000000
0.998325 -0.047808 0.032587 0.000200 0.053899 0.973225 -0.223447 10.849300 -0.021032 0.224829 0.974171 -0.097300 0.000000 0.000000 0.000000 1.000000
0.998427 -0.046064 0.031969 0.000200 0.052072 0.973199 -0.223991 10.849300 -0.020794 0.225303 0.974067 -0.097300 0.000000 0.000000 0.000000 1.000000
0.998515 -0.044336 0.031650 0.000200 0.050295 0.973515 -0.223021 10.849300 -0.020924 0.224282 0.974300 -0.097300 0.000000 0.000000 0.000000 1.000000
0.998558 -0.042890 0.032289 0.000200 0.049016 0.973714 -0.222437 10.849300 -0.021900 0.223698 0.974412 -0.097300 0.000000 0.000000 0.000000 1.000000
0.998541 -0.042495 0.033305 0.000200 0.048857 0.973729 -0.222407 10.849300 -0.022979 0.223710 0.974385 -0.097300 0.000000 0.000000 0.000000 1.000000
0.998415 -0.044332 0.034678 0.000200 0.051013 0.973087 -0.224722 10.849300 -0.023782 0.226135 0.973806 -0.097300 0.000000 0.000000 0.000000 1.000000
0.998360 -0.044804 0.035622 0.000200 0.051729 0.972665 -0.226380 10.849300 -0.024506 0.227852 0.973387 -0.097300 0.000000 0.000000 0.000000 1.000000
0.998376 -0.044327 0.035786 0.000200 0.051296 0.972729 -0.226202 10.849300 -0.024784 0.227670 0.973423 -0.097300 0.000000 0.000000 0.000000 1.000000
0.998393 -0.044027 0.035671 0.000200 0.050969 0.972822 -0.225875 10.849300 -0.024757 0.227330 0.973503 -0.097300 0.000000 0.000000 0.000000 1.000000
0.998394 -0.044378 0.035204 0.000200 0.051189 0.972960 -0.225228 10.849300 -0.024257 0.226669 0.973670 -0.097300 0.000000 0.000000 0.000000 1.000000
0.998414 -0.044698 0.034232 0.000200 0.051223 0.973503 -0.222862 10.849300 -0.023363 0.224262 0.974249 -0.097300 0.000000 0.000000 0.000000 1.000000
0.998424 -0.043870 0.034992 0.000200 0.050576 0.973637 -0.222426 10.849300 -0.024311 0.223845 0.974321 -0.097300 0.000000 0.000000 0.000000 1.000000
0.998405 -0.042032 0.037682 0.000200 0.049394 0.973638 -0.222689 10.849300 -0.027328 0.224195 0.974161 -0.097300 0.000000 0.000000 0.000000 1.000000
0.998426 -0.039661 0.039661 0.000200 0.047507 0.973870 -0.222081 10.849300 -0.029816 0.223616 0.974221 -0.097300 0.000000 0.000000 0.000000 1.000000
0.998410 -0.039032 0.040665 0.000200 0.047091 0.974091 -0.221200 10.849300 -0.030978 0.222764 0.974380 -0.097300 0.000000 0.000000 0.000000 1.000000
0.998319 -0.040502 0.041464 0.000200 0.048663 0.974291 -0.219976 10.849300 -0.031489 0.221624 0.974624 -0.097300 0.000000 0.000000 0.000000 1.000000
0.998201 -0.041873 0.042918 0.000200 0.050297 0.974392 -0.219158 10.849300 -0.032642 0.220922 0.974745 -0.097300 0.000000 0.000000 0.000000 1.000000
0.998162 -0.043120 0.042591 0.000200 0.051430 0.974415 -0.218794 10.849300 -0.032067 0.220583 0.974841 -0.097300 0.000000 0.000000 0.000000 1.000000
0.998166 -0.044536 0.041010 0.000200 0.052403 0.974794 -0.216865 10.849300 -0.030318 0.218617 0.975340 -0.097300 0.000000 0.000000 0.000000 1.000000
0.998128 -0.046712 0.039475 0.000200 0.054097 0.975424 -0.213592 10.849300 -0.028528 0.215328 0.976125 -0.097300 0.000000 0.000000 0.000000 1.000000
0.998161 -0.049543 0.034925 0.000200 0.055764 0.976392 -0.208685 10.849300 -0.023762 0.210249 0.977359 -0.097300 0.000000 0.000000 0.000000 1.000000
0.998004 -0.052672 0.034831 0.000200 0.058651 0.977591 -0.202180 10.849300 -0.023401 0.203819 0.978729 -0.097300 0.000000 0.000000 0.000000 1.000000
0.997853 -0.055491 0.034792 0.000200 0.061268 0.978607 -0.196402 10.849300 -0.023150 0.198112 0.979906 -0.097300 0.000000 0.000000 0.000000 1.000000
0.997750 -0.058776 0.032247 0.000200 0.063818 0.980038 -0.188290 10.849300 -0.020536 0.189924 0.981584 -0.097300 0.000000 0.000000 0.000000 1.000000
0.997337 -0.066539 0.029869 0.000200 0.070839 0.981193 -0.179561 10.849300 -0.017359 0.181199 0.983293 -0.097300 0.000000 0.000000 0.000000 1.000000
0.996493 -0.079986 0.024571 0.000200 0.083126 0.979893 -0.181384 10.849300 -0.009569 0.182790 0.983105 -0.097300 0.000000 0.000000 0.000000 1.000000
0.996099 -0.086754 0.016132 0.000200 0.088241 0.979988 -0.178430 10.849300 -0.000330 0.179157 0.983820 -0.097300 0.000000 0.000000 0.000000 1.000000
0.996659 -0.081672 -0.000292 0.000200 0.080853 0.987149 -0.137840 10.849300 0.011546 0.137356 0.990454 -0.097300 0.000000 0.000000 0.000000 1.000000
0.997597 -0.068032 -0.013119 0.000200 0.066600 0.993789 -0.089146 10.849300 0.019102 0.088059 0.995932 -0.097300 0.000000 0.000000 0.000000 1.000000
0.998445 -0.054619 -0.011157 0.000200 0.053383 0.994427 -0.090912 10.849300 0.016060 0.090175 0.995796 -0.097300 0.000000 0.000000 0.000000 1.000000
0.998793 -0.048321 -0.008818 0.000200 0.046899 0.991516 -0.121226 10.849300 0.014601 0.120667 0.992586 -0.097300 0.000000 0.000000 0.000000 1.000000
0.998961 -0.044255 -0.010858 0.000200 0.042474 0.990622 -0.129859 10.849300 0.016503 0.129263 0.991473 -0.097300 0.000000 0.000000 0.000000 1.000000
0.999113 -0.040148 -0.012694 0.000200 0.038346 0.992082 -0.119595 10.849300 0.017395 0.119002 0.992742 -0.097300 0.000000 0.000000 0.000000 1.000000
0.999131 -0.039353 -0.013714 0.000200 0.037588 0.993085 -0.111216 10.849300 0.017996 0.110604 0.993702 -0.097300 0.000000 0.000000 0.000000 1.000000
0.999077 -0.040531 -0.014243 0.000200 0.038806 0.993653 -0.105588 10.849300 0.018432 0.104937 0.994308 -0.097300 0.000000 0.000000 0.000000 1.000000
0.998952 -0.043923 -0.012907 0.000200 0.042433 0.994177 -0.099057 10.849300 0.017182 0.098405 0.994998 -0.097300 0.000000 0.000000 0.000000 1.000000
0.998846 -0.046887 -0.010439 0.000200 0.045730 0.994700 -0.092096 10.849300 0.014701 0.091512 0.995695 -0.097300 0.000000 0.000000 0.000000 1.000000
0.998911 -0.045545 -0.010118 0.000200 0.044529 0.995418 -0.084616 10.849300 0.013926 0.084074 0.996362 -0.097300 0.000000 0.000000 0.000000 1.000000
0.999119 -0.040214 -0.012035 0.000200 0.039227 0.996537 -0.073320 10.849300 0.014942 0.072783 0.997236 -0.097300 0.000000 0.000000 0.000000 1.000000
0.999382 -0.032229 -0.014057 0.000200 0.031379 0.997883 -0.056970 10.849300 0.015863 0.056494 0.998277 -0.097300 0.000000 0.000000 0.000000 1.000000
0.999497 -0.028239 -0.014452 0.000200 0.027645 0.998827 -0.039758 10.849300 0.015558 0.039338 0.999105 -0.097300 0.000000 0.000000 0.000000 1.000000
0.999536 -0.027982 -0.012060 0.000200 0.027655 0.999266 -0.026501 10.849300 0.012792 0.026155 0.999576 -0.097300 0.000000 0.000000 0.000000 1.000000
0.999645 -0.025254 -0.008472 0.000200 0.025089 0.999504 -0.019034 10.849300 0.008948 0.018815 0.999783 -0.097300 0.000000 0.000000 0.000000 1.000000
0.999741 -0.022027 -0.005746 0.000200 0.021931 0.999627 -0.016274 10.849300 0.006102 0.016144 0.999851 -0.097300 0.000000 0.000000 0.000000 1.000000
0.999835 -0.017649 -0.004359 0.000200 0.017579 0.999723 -0.015663 10.849300 0.004634 0.015584 0.999868 -0.097300 0.000000 0.000000 0.000000 1.000000
0.999906 -0.013224 -0.003659 0.000200 0.013170 0.999807 -0.014565 10.849300 0.003851 0.014516 0.999887 -0.097300 0.000000 0.000000 0.000000 1.000000
0.999947 -0.009905 -0.002660 0.000200 0.009874 0.999884 -0.011610 10.849300 0.002775 0.011583 0.999929 -0.097300 0.000000 0.000000 0.000000 1.000000
0.999966 -0.008173 -0.001384 0.000200 0.008161 0.999931 -0.008414 10.849300 0.001453 0.008403 0.999964 -0.097300 0.000000 0.000000 0.000000 1.000000
0.999965 -0.008349 -0.000373 0.000200 0.008346 0.999941 -0.006949 10.849300 0.000431 0.006945 0.999976 -0.097300 0.000000 0.000000 0.000000 1.000000
