<?xml version="1.0" encoding="utf-8"?>
<COLLADA xmlns="http://www.collada.org/2005/11/COLLADASchema" version="1.4.1">
  <asset><contributor><author>Mixamo</author><authoring_tool>COLLADA Mixamo exporter</authoring_tool><comments></comments></contributor><created>2018-10-30T16:47:42Z</created><modified>2018-10-30T16:47:42Z</modified><revision></revision><title></title><unit meter="0.010000"/><up_axis>Y_UP</up_axis></asset>
  <library_animations>
    <animation id="Hips-anim" name="Hips"><source id="Hips-Matrix-animation-input"><float_array id="Hips-Matrix-animation-input-array" count="27">

0.000000 0.033333 0.066667 0.100000 0.133333 0.166667 0.200000 0.233333 0.266667 0.300000 0.333333 0.366667 0.400000 0.433333 0.466667 0.500000
0.533333 0.566667 0.600000 0.633333 0.666667 0.700000 0.733333 0.766667 0.800000 0.833333 0.866667</float_array><technique_common><accessor source="#Hips-Matrix-animation-input-array" count="27"><param name="TIME" type="float"/></accessor></technique_common></source><source id="Hips-Matrix-animation-output-transform"><float_array id="Hips-Matrix-animation-output-transform-array" count="432">

0.996295 0.001586 -0.085987 -0.032003 -0.031100 0.938811 -0.343025 104.564209 0.080181 0.344429 0.935382 0.469187 0.000000 0.000000 0.000000 1.000000
0.992313 -0.027630 -0.120630 -0.361161 -0.018161 0.931694 -0.362790 107.483673 0.122414 0.362192 0.924030 10.254675 0.000000 0.000000 0.000000 1.000000
0.986987 -0.049053 -0.153133 -0.451362 -0.014065 0.922346 -0.386109 110.022240 0.160182 0.383238 0.909654 20.134418 0.000000 0.000000 0.000000 1.000000
0.982187 -0.060750 -0.177815 -0.437855 -0.019526 0.908176 -0.418134 112.798965 0.186889 0.414158 0.890812 30.150837 0.000000 0.000000 0.000000 1.000000
0.979305 -0.064849 -0.191721 -0.353078 -0.032125 0.885463 -0.463599 115.492973 0.199826 0.460164 0.865054 40.233303 0.000000 0.000000 0.000000 1.000000
0.978778 -0.076564 -0.190082 -0.204325 -0.029365 0.865602 -0.499870 117.867592 0.202808 0.494844 0.844984 49.495583 0.000000 0.000000 0.000000 1.000000
0.978246 -0.088126 -0.187798 -0.040358 -0.020541 0.859684 -0.510413 119.645027 0.206428 0.503168 0.839172 58.523514 0.000000 0.000000 0.000000 1.000000
0.976027 -0.090115 -0.198116 -0.083601 -0.021475 0.865943 -0.499681 120.725296 0.216587 0.491957 0.843249 68.161201 0.000000 0.000000 0.000000 1.000000
0.972744 -0.085121 -0.215692 0.256223 -0.028571 0.879100 -0.475780 120.050636 0.230114 0.468975 0.852708 77.687927 0.000000 0.000000 0.000000 1.000000
0.972260 -0.078480 -0.220345 1.164583 -0.027290 0.897539 -0.440090 115.907913 0.232306 0.433895 0.870500 86.717270 0.000000 0.000000 0.000000 1.000000
0.978653 -0.076917 -0.190583 2.043152 -0.011345 0.905691 -0.423786 106.913925 0.205206 0.416901 0.885485 95.549767 0.000000 0.000000 0.000000 1.000000
0.989859 -0.083891 -0.114639 2.999378 0.026374 0.901498 -0.431979 98.715797 0.139586 0.424574 0.894568 104.558197 0.000000 0.000000 0.000000 1.000000
0.996747 -0.079406 -0.013760 4.157625 0.066741 0.909043 -0.411323 96.576080 0.045170 0.409067 0.911386 113.801888 0.000000 0.000000 0.000000 1.000000
0.994214 -0.074914 0.076978 4.834643 0.098894 0.918115 -0.383776 98.481453 -0.041925 0.389169 0.920212 123.132408 0.000000 0.000000 0.000000 1.000000
0.989016 -0.066219 0.132143 5.399002 0.110172 0.926265 -0.360410 102.409706 -0.098534 0.371009 0.923387 132.807755 0.000000 0.000000 0.000000 1.000000
0.989698 -0.040225 0.137402 6.029794 0.085742 0.935107 -0.343836 107.265274 -0.114655 0.352075 0.928923 142.421646 0.000000 0.000000 0.000000 1.000000
0.993320 -0.015786 0.114308 6.281399 0.055259 0.934701 -0.351113 112.559052 -0.101301 0.355084 0.929330 152.007111 0.000000 0.000000 0.000000 1.000000
0.995932 -0.001276 0.090102 6.484351 0.033782 0.932264 -0.360199 117.801849 -0.083539 0.361778 0.928514 161.734100 0.000000 0.000000 0.000000 1.000000
0.996885 0.017712 0.076858 6.217073 0.011347 0.932115 -0.361984 120.845764 -0.078052 0.361729 0.929010 170.971741 0.000000 0.000000 0.000000 1.000000
0.995894 0.037993 0.082169 5.591125 -0.006074 0.933665 -0.358096 121.257553 -0.090324 0.356126 0.930062 179.822937 0.000000 0.000000 0.000000 1.000000
0.994083 0.059238 0.091044 4.621586 -0.024162 0.937790 -0.346360 116.685074 -0.105898 0.342111 0.933673 188.562485 0.000000 0.000000 0.000000 1.000000
0.993242 0.074287 0.089171 3.633311 -0.041021 0.943424 -0.329041 109.489899 -0.108570 0.323160 0.940096 197.383026 0.000000 0.000000 0.000000 1.000000
0.994406 0.082935 0.065411 2.125596 -0.058561 0.948261 -0.312046 102.452713 -0.087906 0.306470 0.947813 206.312637 0.000000 0.000000 0.000000 1.000000
0.996103 0.084279 0.026007 0.743522 -0.071427 0.943791 -0.322733 98.625847 -0.051745 0.319618 0.946133 216.147690 0.000000 0.000000 0.000000 1.000000
0.997388 0.070904 -0.013765 0.200085 -0.071533 0.943308 -0.324118 98.711166 -0.009997 0.324256 0.945916 226.294235 0.000000 0.000000 0.000000 1.000000
0.997829 0.041611 -0.051039 -0.093122 -0.056146 0.942592 -0.329194 101.036880 0.034411 0.331345 0.942882 236.472900 0.000000 0.000000 0.000000 1.000000
0.996293 0.001664 -0.086006 -0.036514 -0.031180 0.938807 -0.343029 104.568298 0.080172 0.344439 0.935379 246.416611 0.000000 0.000000 0.000000 1.000000</float_array><technique_common><accessor source="#Hips-Matrix-animation-output-transform-array" count="27" stride="16"><param type="float4x4"/></accessor></technique_common></source><source id="Hips-Interpolations"><Name_array id="Hips-Interpolations-array" count="27">
 LINEAR LINEAR LINEAR LINEAR LINEAR LINEAR LINEAR LINEAR LINEAR LINEAR LINEAR
LINEAR LINEAR LINEAR LINEAR LINEAR LINEAR LINEAR LINEAR LINEAR LINEAR LINEAR LINEAR
LINEAR LINEAR LINEAR LINEAR</Name_array><technique_common><accessor source="#Hips-Interpolations-array" count="27"><param type="name"/></accessor></technique_common></source><sampler id="Hips-Matrix-animation-transform"><input semantic="INPUT" source="#Hips-Matrix-animation-input"/><input semantic="OUTPUT" source="#Hips-Matrix-animation-output-transform"/><input semantic="INTERPOLATION" source="#Hips-Interpolations"/></sampler><channel source="#Hips-Matrix-animation-transform" target="Hips/matrix"/></animation>
    <animation id="Spine-anim" name="Spine"><source id="Spine-Matrix-animation-input"><float_array id="Spine-Matrix-animation-input-array" count="27">

0.000000 0.033333 0.066667 0.100000 0.133333 0.166667 0.200000 0.233333 0.266667 0.300000 0.333333 0.366667 0.400000 0.433333 0.466667 0.500000
0.533333 0.566667 0.600000 0.633333 0.666667 0.700000 0.733333 0.766667 0.800000 0.833333 0.866667</float_array><technique_common><accessor source="#Spine-Matrix-animation-input-array" count="27"><param name="TIME" type="float"/></accessor></technique_common></source><source id="Spine-Matrix-animation-output-transform"><float_array id="Spine-Matrix-animation-output-transform-array" count="432">

0.993228 -0.043661 0.107666 0.000200 0.083882 0.910678 -0.404510 10.849300 -0.080388 0.410802 0.908174 -0.097300 0.000000 0.000000 0.000000 1.000000
0.989956 0.000720 0.141375 0.000200 0.055440 0.917915 -0.392885 10.849300 -0.130053 0.396776 0.908655 -0.097300 0.000000 0.000000 0.000000 1.000000
0.983873 0.045607 0.172959 0.000200 0.024532 0.923406 -0.383039 10.849300 -0.177180 0.381105 0.907395 -0.097300 0.000000 0.000000 0.000000 1.000000
0.976315 0.088464 0.197444 0.000200 -0.008282 0.927200 -0.374476 10.849300 -0.216197 0.363971 0.905971 -0.097300 0.000000 0.000000 0.000000 1.000000
0.969168 0.115453 0.217679 0.000200 -0.038819 0.943943 -0.327819 10.849300 -0.243324 0.309262 0.919321 -0.097300 0.000000 0.000000 0.000000 1.000000
0.964180 0.145211 0.221971 0.000200 -0.075948 0.952936 -0.293505 10.849300 -0.254145 0.266133 0.929830 -0.097300 0.000000 0.000000 0.000000 1.000000
0.958842 0.178296 0.220983 0.000200 -0.113058 0.953649 -0.278877 10.849300 -0.260463 0.242415 0.934556 -0.097300 0.000000 0.000000 0.000000 1.000000
0.951379 0.212113 0.223353 0.000200 -0.145857 0.948895 -0.279863 10.849300 -0.271302 0.233678 0.933697 -0.097300 0.000000 0.000000 0.000000 1.000000
0.945672 0.234088 0.225625 0.000200 -0.162734 0.941590 -0.294833 10.849300 -0.281463 0.242099 0.928529 -0.097300 0.000000 0.000000 0.000000 1.000000
0.946128 0.236221 0.221452 0.000200 -0.160025 0.935700 -0.314415 10.849300 -0.281484 0.262040 0.923094 -0.097300 0.000000 0.000000 0.000000 1.000000
0.952839 0.223149 0.205674 0.000200 -0.146991 0.932283 -0.330518 10.849300 -0.265501 0.284698 0.921117 -0.097300 0.000000 0.000000 0.000000 1.000000
0.966419 0.203132 0.157391 0.000200 -0.138989 0.928355 -0.344731 10.849300 -0.216141 0.311279 0.925413 -0.097300 0.000000 0.000000 0.000000 1.000000
0.983865 0.158386 0.083211 0.000200 -0.119129 0.926936 -0.355805 10.849300 -0.133486 0.340151 0.930848 -0.097300 0.000000 0.000000 0.000000 1.000000
0.993341 0.114888 0.008684 0.000200 -0.103501 0.922917 -0.370827 10.849300 -0.050618 0.367458 0.928661 -0.097300 0.000000 0.000000 0.000000 1.000000
0.996438 0.071074 -0.045382 0.000200 -0.083196 0.916432 -0.391447 10.849300 0.013768 0.393828 0.919081 -0.097300 0.000000 0.000000 0.000000 1.000000
0.997364 0.024998 -0.068120 0.000200 -0.050786 0.911002 -0.409263 10.849300 0.051826 0.411644 0.909870 -0.097300 0.000000 0.000000 0.000000 1.000000
0.996910 -0.007785 -0.078169 0.000200 -0.024804 0.912978 -0.407254 10.849300 0.074537 0.407934 0.909964 -0.097300 0.000000 0.000000 0.000000 1.000000
0.995336 -0.036300 -0.089376 0.000200 -0.002006 0.918510 -0.395392 10.849300 0.096446 0.393728 0.914154 -0.097300 0.000000 0.000000 0.000000 1.000000
0.993234 -0.069516 -0.093021 0.000200 0.028985 0.924081 -0.381095 10.849300 0.112451 0.375821 0.919844 -0.097300 0.000000 0.000000 0.000000 1.000000
0.990113 -0.105056 -0.092948 0.000200 0.063830 0.927487 -0.368367 10.849300 0.124907 0.358792 0.925022 -0.097300 0.000000 0.000000 0.000000 1.000000
0.986852 -0.136342 -0.086803 0.000200 0.096397 0.927566 -0.361012 10.849300 0.129737 0.347898 0.928513 -0.097300 0.000000 0.000000 0.000000 1.000000
0.985470 -0.154783 -0.069944 0.000200 0.118962 0.922894 -0.366217 10.849300 0.121235 0.352575 0.927897 -0.097300 0.000000 0.000000 0.000000 1.000000
0.988270 -0.149417 -0.031570 0.000200 0.124736 0.909036 -0.397611 10.849300 0.088108 0.389010 0.917011 -0.097300 0.000000 0.000000 0.000000 1.000000
0.991376 -0.130697 0.009581 0.000200 0.122415 0.897487 -0.423711 10.849300 0.046779 0.421230 0.905747 -0.097300 0.000000 0.000000 0.000000 1.000000
0.992712 -0.110576 0.047912 0.000200 0.120456 0.898600 -0.421910 10.849300 0.003599 0.424607 0.905371 -0.097300 0.000000 0.000000 0.000000 1.000000
0.993518 -0.080941 0.079818 0.000200 0.106739 0.905777 -0.410091 10.849300 -0.039105 0.415953 0.908545 -0.097300 0.000000 0.000000 0.000000 1.000000
0.993222 -0.043658 0.107720 0.000200 0.083901 0.910676 -0.404511 10.849300 -0.080437 0.410808 0.908167 -0.097300 0.000000 0.000000 0.000000 1.000000</float_array><technique_common><accessor source="#Spine-Matrix-animation-output-transform-array" count="27" stride="16"><param type="float4x4"/></accessor></technique_common></source><source id="Spine-Interpolations"><Name_array id="Spine-Interpolations-array" count="27">
 LINEAR LINEAR LINEAR LINEAR LINEAR LINEAR LINEAR LINEAR LINEAR LINEAR LINEAR
LINEAR LINEAR LINEAR LINEAR LINEAR LINEAR LINEAR LINEAR LINEAR LINEAR LINEAR LINEAR
LINEAR LINEAR LINEAR LINEAR</Name_array><technique_common><accessor source="#Spine-Interpolations-array" count="27"><param type="name"/></accessor></technique_common></source><sampler id="Spine-Matrix-animation-transform"><input semantic="INPUT" source="#Spine-Matrix-animation-input"/><input semantic="OUTPUT" source="#Spine-Matrix-animation-output-transform"/><input semantic="INTERPOLATION" source="#Spine-Interpolations"/></sampler><channel source="#Spine-Matrix-animation-transform" target="Spine/matrix"/></animation>
    <animation id="Spine1-anim" name="Spine1"><source id="Spine1-Matrix-animation-input"><float_array id="Spine1-Matrix-animation-input-array" count="27">

0.000000 0.033333 0.066667 0.100000 0.133333 0.166667 0.200000 0.233333 0.266667 0.300000 0.333333 0.366667 0.400000 0.433333 0.466667 0.500000
0.533333 0.566667 0.600000 0.633333 0.666667 0.700000 0.733333 0.766667 0.800000 0.833333 0.866667</float_array><technique_common><accessor source="#Spine1-Matrix-animation-input-array" count="27"><param name="TIME" type="float"/></accessor></technique_common></source><source id="Spine1-Matrix-animation-output-transform"><float_array id="Spine1-Matrix-animation-output-transform-array" count="432">

0.996040 -0.088384 -0.009621 0.000000 0.081987 0.954992 -0.285077 12.657500 0.034384 0.283159 0.958456 -0.113600 0.000000 0.000000 0.000000 1.000000
0.997623 -0.068823 0.003507 0.000000 0.067160 0.959604 -0.273222 12.657500 0.015439 0.272807 0.961945 -0.113600 0.000000 0.000000 0.000000 1.000000
0.998805 -0.046607 0.014727 -0.000000 0.048836 0.964052 -0.261187 12.657500 -0.002024 0.261594 0.965176 -0.113600 0.000000 0.000000 0.000000 1.000000
0.999414 -0.023467 0.024921 -0.000000 0.028964 0.967745 -0.250260 12.657500 -0.018244 0.250835 0.967858 -0.113600 0.000000 0.000000 0.000000 1.000000
0.999341 -0.005411 0.035900 -0.000000 0.013391 0.974049 -0.225941 12.657500 -0.033746 0.226272 0.973479 -0.113600 0.000000 0.000000 0.000000 1.000000
0.998826 0.004601 0.048229 -0.000000 0.005274 0.979238 -0.202647 12.657500 -0.048160 0.202663 0.978063 -0.113600 0.000000 0.000000 0.000000 1.000000
0.998158 0.011492 0.059566 0.000000 -0.000167 0.982411 -0.186732 12.657500 -0.060664 0.186378 0.980604 -0.113600 0.000000 0.000000 0.000000 1.000000
0.997463 0.023451 0.067215 0.000000 -0.010701 0.982848 -0.184108 12.657500 -0.070380 0.182921 0.980605 -0.113600 0.000000 0.000000 0.000000 1.000000
0.996955 0.036479 0.068925 -0.000000 -0.022419 0.980605 -0.194706 12.657500 -0.074691 0.192568 0.978437 -0.113600 0.000000 0.000000 0.000000 1.000000
0.996987 0.044358 0.063642 0.000000 -0.030136 0.977418 -0.209154 12.657500 -0.071482 0.206606 0.975810 -0.113600 0.000000 0.000000 0.000000 1.000000
0.997497 0.048939 0.051030 0.000000 -0.036405 0.974214 -0.222668 12.657500 -0.060611 0.220253 0.973558 -0.113600 0.000000 0.000000 0.000000 1.000000
0.998411 0.046859 0.031303 -0.000000 -0.038167 0.970966 -0.236152 12.657500 -0.041460 0.234582 0.971212 -0.113600 0.000000 0.000000 0.000000 1.000000
0.999527 0.029793 0.007582 0.000000 -0.026965 0.968069 -0.249231 12.657500 -0.014765 0.248908 0.968414 -0.113600 0.000000 0.000000 0.000000 1.000000
0.999851 0.007317 -0.015656 0.000000 -0.011174 0.964823 -0.262665 12.657500 0.013183 0.262800 0.964760 -0.113600 0.000000 0.000000 0.000000 1.000000
0.999208 -0.017956 -0.035518 -0.000000 0.007458 0.961109 -0.276070 12.657500 0.039094 0.275586 0.960481 -0.113600 0.000000 0.000000 0.000000 1.000000
0.997775 -0.039985 -0.053348 0.000000 0.023073 0.957843 -0.286365 12.657500 0.062550 0.284497 0.956634 -0.113600 0.000000 0.000000 0.000000 1.000000
0.995972 -0.053700 -0.071805 -0.000000 0.030781 0.956925 -0.288699 12.657500 0.084215 0.285326 0.954723 -0.113600 0.000000 0.000000 0.000000 1.000000
0.993930 -0.061993 -0.090882 -0.000000 0.033922 0.958557 -0.282874 12.657500 0.104652 0.278074 0.954842 -0.113600 0.000000 0.000000 0.000000 1.000000
0.991863 -0.064174 -0.109956 0.000000 0.032393 0.962451 -0.269515 12.657500 0.123123 0.263760 0.956698 -0.113600 0.000000 0.000000 0.000000 1.000000
0.990076 -0.064876 -0.124665 0.000000 0.032165 0.968133 -0.248363 12.657500 0.136805 0.241888 0.960612 -0.113600 0.000000 0.000000 0.000000 1.000000
0.989291 -0.068858 -0.128692 0.000000 0.036983 0.971206 -0.235355 12.657500 0.141193 0.228075 0.963352 -0.113600 0.000000 0.000000 0.000000 1.000000
0.989693 -0.077817 -0.120218 0.000000 0.046842 0.969210 -0.241738 12.657500 0.135328 0.233615 0.962866 -0.113600 0.000000 0.000000 0.000000 1.000000
0.991124 -0.086862 -0.100639 0.000000 0.056410 0.960280 -0.273276 12.657500 0.120379 0.265174 0.956657 -0.113600 0.000000 0.000000 0.000000 1.000000
0.992458 -0.096668 -0.075380 0.000000 0.070690 0.953702 -0.292328 12.657500 0.100149 0.284795 0.953343 -0.113600 0.000000 0.000000 0.000000 1.000000
0.993384 -0.104206 -0.048254 0.000000 0.085293 0.950881 -0.297575 12.657500 0.076893 0.291491 0.953478 -0.113600 0.000000 0.000000 0.000000 1.000000
0.994371 -0.102933 -0.025109 0.000000 0.091195 0.952147 -0.291719 12.657500 0.053935 0.287787 0.956174 -0.113600 0.000000 0.000000 0.000000 1.000000
0.996043 -0.088353 -0.009628 0.000000 0.081956 0.954991 -0.285087 12.657500 0.034383 0.283169 0.958453 -0.113600 0.000000 0.000000 0.000000 1.000000</float_array><technique_common><accessor source="#Spine1-Matrix-animation-output-transform-array" count="27" stride="16"><param type="float4x4"/></accessor></technique_common></source><source id="Spine1-Interpolations"><Name_array id="Spine1-Interpolations-array" count="27">
 LINEAR LINEAR LINEAR LINEAR LINEAR LINEAR LINEAR LINEAR LINEAR LINEAR LINEAR
LINEAR LINEAR LINEAR LINEAR LINEAR LINEAR LINEAR LINEAR LINEAR LINEAR LINEAR LINEAR
LINEAR LINEAR LINEAR LINEAR</Name_array><technique_common><accessor source="#Spine1-Interpolations-array" count="27"><param type="name"/></accessor></technique_common></source><sampler id="Spine1-Matrix-animation-transform"><input semantic="INPUT" source="#Spine1-Matrix-animation-input"/><input semantic="OUTPUT" source="#Spine1-Matrix-animation-output-transform"/><input semantic="INTERPOLATION" source="#Spine1-Interpolations"/></sampler><channel source="#Spine1-Matrix-animation-transform" target="Spine1/matrix"/></animation>
    <animation id="Spine2-anim" name="Spine2"><source id="Spine2-Matrix-animation-input"><float_array id="Spine2-Matrix-animation-input-array" count="27">

0.000000 0.033333 0.066667 0.100000 0.133333 0.166667 0.200000 0.233333 0.266667 0.300000 0.333333 0.366667 0.400000 0.433333 0.466667 0.500000
0.533333 0.566667 0.600000 0.633333 0.666667 0.700000 0.733333 0.766667 0.800000 0.833333 0.866667</float_array><technique_common><accessor source="#Spine2-Matrix-animation-input-array" count="27"><param name="TIME" type="float"/></accessor></technique_common></source><source id="Spine2-Matrix-animation-output-transform"><float_array id="Spine2-Matrix-animation-output-transform-array" count="432">

0.996854 -0.079062 -0.005599 0.000000 0.074124 0.954945 -0.287376 14.465700 0.028067 0.286056 0.957802 -0.129800 0.000000 0.000000 0.000000 1.000000
0.998075 -0.061744 0.005880 -0.000000 0.060972 0.959366 -0.275499 14.465700 0.011370 0.275327 0.961284 -0.129800 0.000000 0.000000 0.000000 1.000000
0.999002 -0.042024 0.015129 -0.000000 0.044525 0.963795 -0.262900 14.465700 -0.003533 0.263311 0.964705 -0.129800 0.000000 0.000000 0.000000 1.000000
0.999496 -0.021459 0.023382 0.000000 0.026651 0.967556 -0.251247 14.465700 -0.017232 0.251743 0.967641 -0.129800 0.000000 0.000000 0.000000 1.000000
0.999418 -0.005045 0.033751 0.000000 0.012565 0.973931 -0.226496 14.465700 -0.031728 0.226788 0.973427 -0.129800 0.000000 0.000000 0.000000 1.000000
0.998889 0.004030 0.046951 -0.000000 0.005595 0.979150 -0.203061 14.465700 -0.046791 0.203098 0.978040 -0.129800 0.000000 0.000000 0.000000 1.000000
0.998182 0.010373 0.059369 0.000000 0.000910 0.982371 -0.186942 14.465700 -0.060261 0.186656 0.980575 -0.129800 0.000000 0.000000 0.000000 1.000000
0.997506 0.022000 0.067066 -0.000000 -0.009281 0.982818 -0.184346 14.465700 -0.069969 0.183264 0.980571 -0.129800 0.000000 0.000000 0.000000 1.000000
0.997018 0.035179 0.068683 0.000000 -0.021175 0.980600 -0.194874 14.465700 -0.074205 0.192838 0.978421 -0.129800 0.000000 0.000000 0.000000 1.000000
0.996976 0.044378 0.063799 0.000000 -0.030143 0.977477 -0.208879 14.465700 -0.071631 0.206324 0.975858 -0.129800 0.000000 0.000000 0.000000 1.000000
0.997392 0.051476 0.050595 -0.000000 -0.039024 0.974276 -0.221955 14.465700 -0.060719 0.219402 0.973743 -0.129800 0.000000 0.000000 0.000000 1.000000
0.998204 0.051730 0.030211 0.000000 -0.043206 0.971015 -0.235082 14.465700 -0.041497 0.233354 0.971506 -0.129800 0.000000 0.000000 0.000000 1.000000
0.999285 0.036811 0.008613 -0.000000 -0.033519 0.968059 -0.248473 14.465700 -0.017484 0.248007 0.968601 -0.129800 0.000000 0.000000 0.000000 1.000000
0.999786 0.016764 -0.012090 -0.000000 -0.019350 0.964749 -0.262458 14.465700 0.007264 0.262636 0.964868 -0.129800 0.000000 0.000000 0.000000 1.000000
0.999541 -0.005828 -0.029714 -0.000000 -0.002616 0.961011 -0.276498 14.465700 0.030167 0.276449 0.960555 -0.129800 0.000000 0.000000 0.000000 1.000000
0.998596 -0.025650 -0.046352 0.000000 0.011245 0.957663 -0.287672 14.465700 0.051769 0.286747 0.956607 -0.129800 0.000000 0.000000 0.000000 1.000000
0.997125 -0.038061 -0.065525 0.000000 0.017418 0.956674 -0.290639 14.465700 0.073748 0.288662 0.954587 -0.129800 0.000000 0.000000 0.000000 1.000000
0.995251 -0.045323 -0.086151 0.000000 0.018950 0.958275 -0.285219 14.465700 0.095483 0.282232 0.954583 -0.129800 0.000000 0.000000 0.000000 1.000000
0.993068 -0.047017 -0.107725 0.000000 0.016072 0.962219 -0.271803 14.465700 0.116434 0.268188 0.956305 -0.129800 0.000000 0.000000 0.000000 1.000000
0.991061 -0.048303 -0.124360 -0.000000 0.015760 0.968015 -0.250397 14.465700 0.132477 0.246199 0.960123 -0.129800 0.000000 0.000000 0.000000 1.000000
0.990110 -0.053098 -0.129858 0.000000 0.020979 0.971241 -0.237174 14.465700 0.138717 0.232104 0.962749 -0.129800 0.000000 0.000000 0.000000 1.000000
0.990468 -0.062103 -0.122946 -0.000000 0.030555 0.969414 -0.243523 14.465700 0.134309 0.237445 0.962071 -0.129800 0.000000 0.000000 0.000000 1.000000
0.991786 -0.070869 -0.106483 -0.000000 0.039135 0.960683 -0.274875 14.465700 0.121777 0.268450 0.955565 -0.129800 0.000000 0.000000 0.000000 1.000000
0.993341 -0.082486 -0.080438 -0.000000 0.055362 0.954008 -0.294625 14.465700 0.101041 0.288210 0.952221 -0.129800 0.000000 0.000000 0.000000 1.000000
0.994574 -0.091519 -0.049459 0.000000 0.072638 0.951298 -0.299592 14.465700 0.074469 0.294374 0.952784 -0.129800 0.000000 0.000000 0.000000 1.000000
0.995546 -0.091645 -0.022131 -0.000000 0.081145 0.952427 -0.293767 14.465700 0.048000 0.290662 0.955621 -0.129800 0.000000 0.000000 0.000000 1.000000
0.996856 -0.079035 -0.005615 0.000000 0.074093 0.954945 -0.287384 14.465700 0.028076 0.286064 0.957799 -0.129800 0.000000 0.000000 0.000000 1.000000</float_array><technique_common><accessor source="#Spine2-Matrix-animation-output-transform-array" count="27" stride="16"><param type="float4x4"/></accessor></technique_common></source><source id="Spine2-Interpolations"><Name_array id="Spine2-Interpolations-array" count="27">
 LINEAR LINEAR LINEAR LINEAR LINEAR LINEAR LINEAR LINEAR LINEAR LINEAR LINEAR
LINEAR LINEAR LINEAR LINEAR LINEAR LINEAR LINEAR LINEAR LINEAR LINEAR LINEAR LINEAR
LINEAR LINEAR LINEAR LINEAR</Name_array><technique_common><accessor source="#Spine2-Interpolations-array" count="27"><param type="name"/></accessor></technique_common></source><sampler id="Spine2-Matrix-animation-transform"><input semantic="INPUT" source="#Spine2-Matrix-animation-input"/><input semantic="OUTPUT" source="#Spine2-Matrix-animation-output-transform"/><input semantic="INTERPOLATION" source="#Spine2-Interpolations"/></sampler><channel source="#Spine2-Matrix-animation-transform" target="Spine2/matrix"/></animation>
    <animation id="Neck-anim" name="Neck"><source id="Neck-Matrix-animation-input"><float_array id="Neck-Matrix-animation-input-array" count="27">

0.000000 0.033333 0.066667 0.100000 0.133333 0.166667 0.200000 0.233333 0.266667 0.300000 0.333333 0.366667 0.400000 0.433333 0.466667 0.500000
0.533333 0.566667 0.600000 0.633333 0.666667 0.700000 0.733333 0.766667 0.800000 0.833333 0.866667</float_array><technique_common><accessor source="#Neck-Matrix-animation-input-array" count="27"><param name="TIME" type="float"/></accessor></technique_common></source><source id="Neck-Matrix-animation-output-transform"><float_array id="Neck-Matrix-animation-output-transform-array" count="432">

0.920601 0.177157 0.348008 0.000000 -0.381618 0.597182 0.705508 17.773800 -0.082838 -0.782297 0.617373 1.014400 0.000000 0.000000 0.000000 1.000000
0.937304 0.158555 0.310359 -0.000000 -0.336843 0.640668 0.689987 17.773800 -0.089436 -0.751269 0.653908 1.014400 0.000000 0.000000 0.000000 1.000000
0.954773 0.122274 0.271029 0.000000 -0.285115 0.635132 0.717855 17.773800 -0.084365 -0.762664 0.641270 1.014400 0.000000 0.000000 0.000000 1.000000
0.973655 0.076739 0.214727 0.000000 -0.215721 0.615161 0.758315 17.773800 -0.073900 -0.784658 0.615509 1.014400 0.000000 0.000000 0.000000 1.000000
0.987155 0.041359 0.154321 -0.000000 -0.141284 0.676963 0.722329 17.773800 -0.074595 -0.734854 0.674111 1.014400 0.000000 0.000000 0.000000 1.000000
0.994983 0.002394 0.100020 -0.000000 -0.064428 0.780165 0.622247 17.773800 -0.076543 -0.625569 0.776405 1.014400 0.000000 0.000000 0.000000 1.000000
0.997298 -0.057932 0.045183 0.000000 0.024253 0.840118 0.541862 17.773800 -0.069350 -0.539301 0.839252 1.014400 0.000000 0.000000 0.000000 1.000000
0.991807 -0.127707 0.002990 0.000000 0.107944 0.850378 0.514981 17.773800 -0.068309 -0.510439 0.857196 1.014400 0.000000 0.000000 0.000000 1.000000
0.982219 -0.186814 -0.018622 -0.000000 0.168229 0.831770 0.529015 17.773800 -0.083338 -0.522742 0.848408 1.014400 0.000000 0.000000 0.000000 1.000000
0.975315 -0.220181 -0.016776 0.000000 0.192433 0.810221 0.553634 17.773800 -0.108307 -0.543196 0.832591 1.014400 0.000000 0.000000 0.000000 1.000000
0.976233 -0.216401 -0.011833 0.000000 0.172100 0.740877 0.649217 17.773800 -0.131724 -0.635823 0.760511 1.014400 0.000000 0.000000 0.000000 1.000000
0.978074 -0.207372 -0.019188 -0.000000 0.142871 0.601099 0.786300 17.773800 -0.151522 -0.771801 0.617547 1.014400 0.000000 0.000000 0.000000 1.000000
0.973717 -0.227224 -0.015657 -0.000000 0.144024 0.561012 0.815183 17.773800 -0.176445 -0.796012 0.578992 1.014400 0.000000 0.000000 0.000000 1.000000
0.971041 -0.237428 0.026594 0.000000 0.128375 0.612408 0.780049 17.773800 -0.201492 -0.754045 0.625154 1.014400 0.000000 0.000000 0.000000 1.000000
0.974346 -0.203291 0.096556 -0.000000 0.053739 0.626775 0.777345 17.773800 -0.218546 -0.752214 0.621620 1.014400 0.000000 0.000000 0.000000 1.000000
0.970815 -0.150268 0.186916 0.000000 -0.053260 0.624824 0.778947 17.773800 -0.233840 -0.766168 0.598586 1.014400 0.000000 0.000000 0.000000 1.000000
0.954645 -0.088120 0.284409 -0.000000 -0.158782 0.657378 0.736642 17.773800 -0.251877 -0.748391 0.613571 1.014400 0.000000 0.000000 0.000000 1.000000
0.932472 -0.013225 0.361001 -0.000000 -0.240885 0.721954 0.648658 17.773800 -0.269204 -0.691815 0.670016 1.014400 0.000000 0.000000 0.000000 1.000000
0.914478 0.071011 0.398357 -0.000000 -0.297550 0.785181 0.543098 17.773800 -0.274216 -0.615182 0.739160 1.014400 0.000000 0.000000 0.000000 1.000000
0.904061 0.149608 0.400364 -0.000000 -0.339269 0.820914 0.459345 17.773800 -0.259943 -0.551107 0.792913 1.014400 0.000000 0.000000 0.000000 1.000000
0.902187 0.196178 0.384152 0.000000 -0.363299 0.825701 0.431546 17.773800 -0.232535 -0.528897 0.816208 1.014400 0.000000 0.000000 0.000000 1.000000
0.910237 0.193305 0.366199 0.000000 -0.362583 0.799211 0.479370 17.773800 -0.200006 -0.569118 0.797560 1.014400 0.000000 0.000000 0.000000 1.000000
0.920345 0.160799 0.356524 0.000000 -0.353453 0.732221 0.582171 17.773800 -0.167442 -0.661813 0.730731 1.014400 0.000000 0.000000 0.000000 1.000000
0.920440 0.150266 0.360846 -0.000000 -0.364585 0.662926 0.653917 17.773800 -0.140953 -0.733451 0.664968 1.014400 0.000000 0.000000 0.000000 1.000000
0.913992 0.168278 0.369189 -0.000000 -0.386342 0.638899 0.665243 17.773800 -0.123928 -0.750660 0.648962 1.014400 0.000000 0.000000 0.000000 1.000000
0.911476 0.183438 0.368186 0.000000 -0.396825 0.627879 0.669550 17.773800 -0.108355 -0.756385 0.645090 1.014400 0.000000 0.000000 0.000000 1.000000
0.921503 0.168852 0.349744 -0.000000 -0.377653 0.599684 0.705519 17.773800 -0.090607 -0.782220 0.616378 1.014400 0.000000 0.000000 0.000000 1.000000</float_array><technique_common><accessor source="#Neck-Matrix-animation-output-transform-array" count="27" stride="16"><param type="float4x4"/></accessor></technique_common></source><source id="Neck-Interpolations"><Name_array id="Neck-Interpolations-array" count="27">
 LINEAR LINEAR LINEAR LINEAR LINEAR LINEAR LINEAR LINEAR LINEAR LINEAR LINEAR
LINEAR LINEAR LINEAR LINEAR LINEAR LINEAR LINEAR LINEAR LINEAR LINEAR LINEAR LINEAR
LINEAR LINEAR LINEAR LINEAR</Name_array><technique_common><accessor source="#Neck-Interpolations-array" count="27"><param type="name"/></accessor></technique_common></source><sampler id="Neck-Matrix-animation-transform"><input semantic="INPUT" source="#Neck-Matrix-animation-input"/><input semantic="OUTPUT" source="#Neck-Matrix-animation-output-transform"/><input semantic="INTERPOLATION" source="#Neck-Interpolations"/></sampler><channel source="#Neck-Matrix-animation-transform" target="Neck/matrix"/></animation>
    <animation id="Head-anim" name="Head"><source id="Head-Matrix-animation-input"><float_array id="Head-Matrix-animation-input-array" count="27">

0.000000 0.033333 0.066667 0.100000 0.133333 0.166667 0.200000 0.233333 0.266667 0.300000 0.333333 0.366667 0.400000 0.433333 0.466667 0.500000
0.533333 0.566667 0.600000 0.633333 0.666667 0.700000 0.733333 0.766667 0.800000 0.833333 0.866667</float_array><technique_common><accessor source="#Head-Matrix-animation-input-array" count="27"><param name="TIME" type="float"/></accessor></technique_common></source><source id="Head-Matrix-animation-output-transform"><float_array id="Head-Matrix-animation-output-transform-array" count="432">

0.953975 -0.149244 -0.260112 -0.000000 0.176103 0.980860 0.083078 10.855400 0.242735 -0.125060 0.961998 4.482600 0.000000 0.000000 0.000000 1.000000
0.953903 -0.116512 -0.276576 0.000000 0.157268 0.978960 0.130012 10.855400 0.255609 -0.167515 0.952157 4.482600 0.000000 0.000000 0.000000 1.000000
0.953251 -0.090968 -0.288162 -0.000000 0.131424 0.983505 0.124278 10.855400 0.272104 -0.156339 0.949483 4.482600 0.000000 0.000000 0.000000 1.000000
0.955551 -0.065010 -0.287568 0.000000 0.099281 0.989373 0.106232 10.855400 0.277605 -0.130060 0.951851 4.482600 0.000000 0.000000 0.000000 1.000000
0.958568 -0.021691 -0.284038 0.000000 0.072435 0.982883 0.169393 10.855400 0.275502 -0.182948 0.943731 4.482600 0.000000 0.000000 0.000000 1.000000
0.963333 0.042666 -0.264893 0.000000 0.036443 0.957319 0.286726 10.855400 0.265821 -0.285866 0.920663 4.482600 0.000000 0.000000 0.000000 1.000000
0.969112 0.108586 -0.221431 0.000000 -0.017833 0.926358 0.376222 10.855400 0.245977 -0.360653 0.899681 4.482600 0.000000 0.000000 0.000000 1.000000
0.972099 0.157212 -0.174091 0.000000 -0.071547 0.905524 0.418218 10.855400 0.223393 -0.394094 0.891508 4.482600 0.000000 0.000000 0.000000 1.000000
0.972342 0.193041 -0.131481 0.000000 -0.120071 0.895990 0.427532 10.855400 0.200337 -0.399921 0.894387 4.482600 0.000000 0.000000 0.000000 1.000000
0.970328 0.216646 -0.107371 0.000000 -0.152792 0.893555 0.422153 10.855400 0.187399 -0.393222 0.900143 4.482600 0.000000 0.000000 0.000000 1.000000
0.969214 0.213367 -0.122879 0.000000 -0.162294 0.928907 0.332855 10.855400 0.185164 -0.302665 0.934938 4.482600 0.000000 0.000000 0.000000 1.000000
0.970612 0.195438 -0.140415 -0.000000 -0.175069 0.973788 0.145218 10.855400 0.165116 -0.116368 0.979385 4.482600 0.000000 0.000000 0.000000 1.000000
0.972844 0.197577 -0.120575 0.000000 -0.191156 0.979549 0.062799 10.855400 0.130517 -0.038045 0.990716 4.482600 0.000000 0.000000 0.000000 1.000000
0.976334 0.192897 -0.097788 0.000000 -0.183724 0.978327 0.095509 10.855400 0.114092 -0.075283 0.990614 4.482600 0.000000 0.000000 0.000000 1.000000
0.982092 0.158404 -0.101994 0.000000 -0.147694 0.983423 0.105196 10.855400 0.116967 -0.088248 0.989207 4.482600 0.000000 0.000000 0.000000 1.000000
0.987915 0.105288 -0.113747 0.000000 -0.092318 0.989201 0.113839 10.855400 0.124505 -0.101962 0.986966 4.482600 0.000000 0.000000 0.000000 1.000000
0.991100 0.053069 -0.122084 -0.000000 -0.030627 0.983401 0.178842 10.855400 0.129549 -0.173511 0.976274 4.482600 0.000000 0.000000 0.000000 1.000000
0.992013 0.013436 -0.125417 -0.000000 0.023360 0.957538 0.287360 10.855400 0.123952 -0.287995 0.949576 4.482600 0.000000 0.000000 0.000000 1.000000
0.991125 -0.026897 -0.130181 0.000000 0.076300 0.917035 0.391439 10.855400 0.108852 -0.397898 0.910949 4.482600 0.000000 0.000000 0.000000 1.000000
0.987199 -0.070765 -0.142934 0.000000 0.128690 0.882812 0.451754 10.855400 0.094216 -0.464365 0.880618 4.482600 0.000000 0.000000 0.000000 1.000000
0.983271 -0.096529 -0.154469 0.000000 0.157783 0.875089 0.457520 10.855400 0.091010 -0.474238 0.875680 4.482600 0.000000 0.000000 0.000000 1.000000
0.982339 -0.093550 -0.162046 0.000000 0.155003 0.891964 0.424704 10.855400 0.104808 -0.442321 0.890712 4.482600 0.000000 0.000000 0.000000 1.000000
0.981502 -0.081223 -0.173371 0.000000 0.140526 0.920641 0.364244 10.855400 0.130027 -0.381869 0.915024 4.482600 0.000000 0.000000 0.000000 1.000000
0.976420 -0.086811 -0.197656 0.000000 0.142758 0.946461 0.289537 10.855400 0.161939 -0.310927 0.936536 4.482600 0.000000 0.000000 0.000000 1.000000
0.966884 -0.111274 -0.229680 0.000000 0.160996 0.964223 0.210605 10.855400 0.198028 -0.240608 0.950207 4.482600 0.000000 0.000000 0.000000 1.000000
0.956751 -0.137250 -0.256496 0.000000 0.176330 0.974881 0.136071 10.855400 0.231377 -0.175414 0.956919 4.482600 0.000000 0.000000 0.000000 1.000000
0.955032 -0.140592 -0.261050 0.000000 0.167636 0.982240 0.084283 10.855400 0.244564 -0.124254 0.961639 4.482600 0.000000 0.000000 0.000000 1.000000</float_array><technique_common><accessor source="#Head-Matrix-animation-output-transform-array" count="27" stride="16"><param type="float4x4"/></accessor></technique_common></source><source id="Head-Interpolations"><Name_array id="Head-Interpolations-array" count="27">
 LINEAR LINEAR LINEAR LINEAR LINEAR LINEAR LINEAR LINEAR LINEAR LINEAR LINEAR
LINEAR LINEAR LINEAR LINEAR LINEAR LINEAR LINEAR LINEAR LINEAR LINEAR LINEAR LINEAR
LINEAR LINEAR LINEAR LINEAR</Name_array><technique_common><accessor source="#Head-Interpolations-array" count="27"><param type="name"/></accessor></technique_common></source><sampler id="Head-Matrix-animation-transform"><input semantic="INPUT" source="#Head-Matrix-animation-input"/><input semantic="OUTPUT" source="#Head-Matrix-animation-output-transform"/><input semantic="INTERPOLATION" source="#Head-Interpolations"/></sampler><channel source="#Head-Matrix-animation-transform" target="Head/matrix"/></animation>
    <animation id="LeftShoulder-anim" name="LeftShoulder"><source id="LeftShoulder-Matrix-animation-input"><float_array id="LeftShoulder-Matrix-animation-input-array" count="27">

0.000000 0.033333 0.066667 0.100000 0.133333 0.166667 0.200000 0.233333 0.266667 0.300000 0.333333 0.366667 0.400000 0.433333 0.466667 0.500000
0.533333 0.566667 0.600000 0.633333 0.666667 0.700000 0.733333 0.766667 0.800000 0.833333 0.866667</float_array><technique_common><accessor source="#LeftShoulder-Matrix-animation-input-array" count="27"><param name="TIME" type="float"/></accessor></technique_common></source><source id="LeftShoulder-Matrix-animation-output-transform"><float_array id="LeftShoulder-Matrix-animation-output-transform-array" count="432">

0.986294 0.163973 -0.018371 13.858900 -0.164682 0.985174 -0.048093 13.349500 0.010213 0.050459 0.998674 -0.525900 0.000000 0.000000 0.000000 1.000000
0.988564 0.140285 -0.055334 13.858900 -0.143308 0.988145 -0.055063 13.349500 0.046953 0.062363 0.996948 -0.525900 0.000000 0.000000 0.000000 1.000000
0.990606 0.108620 -0.083078 13.858900 -0.114090 0.991394 -0.064197 13.349500 0.075390 0.073072 0.994473 -0.525900 0.000000 0.000000 0.000000 1.000000
0.992239 0.067449 -0.104467 13.858900 -0.075593 0.994233 -0.076069 13.349500 0.098733 0.083376 0.991615 -0.525900 0.000000 0.000000 0.000000 1.000000
0.992408 0.016938 -0.121816 13.858900 -0.028107 0.995494 -0.090566 13.349500 0.119733 0.093302 0.988412 -0.525900 0.000000 0.000000 0.000000 1.000000
0.990093 -0.042064 -0.133968 13.858900 0.027777 0.993895 -0.106778 13.349500 0.137642 0.101999 0.985216 -0.525900 0.000000 0.000000 0.000000 1.000000
0.985237 -0.105117 -0.135121 13.858900 0.088918 0.988687 -0.120797 13.349500 0.146290 0.106999 0.983438 -0.525900 0.000000 0.000000 0.000000 1.000000
0.979010 -0.165850 -0.118462 13.858900 0.150725 0.980392 -0.126939 13.349500 0.137192 0.106419 0.984811 -0.525900 0.000000 0.000000 0.000000 1.000000
0.972783 -0.216570 -0.082400 13.858900 0.205917 0.971037 -0.121181 13.349500 0.106257 0.100915 0.989204 -0.525900 0.000000 0.000000 0.000000 1.000000
0.967558 -0.250626 -0.031894 13.858900 0.246141 0.963565 -0.104672 13.349500 0.056966 0.093426 0.993995 -0.525900 0.000000 0.000000 0.000000 1.000000
0.964067 -0.264517 0.024619 13.858900 0.265655 0.960469 -0.083223 13.349500 -0.001632 0.086772 0.996227 -0.525900 0.000000 0.000000 0.000000 1.000000
0.963053 -0.257785 0.077952 13.858900 0.262832 0.962762 -0.063314 13.349500 -0.058728 0.081463 0.994945 -0.525900 0.000000 0.000000 0.000000 1.000000
0.965316 -0.231476 0.120761 13.858900 0.238587 0.969935 -0.047984 13.349500 -0.106024 0.075131 0.991521 -0.525900 0.000000 0.000000 0.000000 1.000000
0.970521 -0.187797 0.151065 13.858900 0.195160 0.980134 -0.035350 13.349500 -0.141425 0.063790 0.987892 -0.525900 0.000000 0.000000 0.000000 1.000000
0.976089 -0.131419 0.173145 13.858900 0.137103 0.990329 -0.021238 13.349500 -0.168679 0.044469 0.984667 -0.525900 0.000000 0.000000 0.000000 1.000000
0.978603 -0.069802 0.193557 13.858900 0.071901 0.997404 -0.003831 13.349500 -0.192787 0.017665 0.981082 -0.525900 0.000000 0.000000 0.000000 1.000000
0.976539 -0.010908 0.215066 13.858900 0.008058 0.999868 0.014125 13.349500 -0.215191 -0.012060 0.976497 -0.525900 0.000000 0.000000 0.000000 1.000000
0.971627 0.039298 0.233229 13.858900 -0.046791 0.998548 0.026679 13.349500 -0.231842 -0.036835 0.972056 -0.525900 0.000000 0.000000 0.000000 1.000000
0.966388 0.082597 0.243457 13.858900 -0.092838 0.995202 0.030875 13.349500 -0.239739 -0.052440 0.969420 -0.525900 0.000000 0.000000 0.000000 1.000000
0.963710 0.119516 0.238705 13.858900 -0.128710 0.991410 0.023248 13.349500 -0.233876 -0.053128 0.970814 -0.525900 0.000000 0.000000 0.000000 1.000000
0.963402 0.153057 0.220068 13.858900 -0.158335 0.987364 0.006439 13.349500 -0.216302 -0.041048 0.975463 -0.525900 0.000000 0.000000 0.000000 1.000000
0.964587 0.181056 0.191810 13.858900 -0.181778 0.983240 -0.013974 13.349500 -0.191125 -0.021388 0.981333 -0.525900 0.000000 0.000000 0.000000 1.000000
0.967179 0.198658 0.158429 13.858900 -0.196153 0.980069 -0.031452 13.349500 -0.161520 -0.000657 0.986869 -0.525900 0.000000 0.000000 0.000000 1.000000
0.971558 0.203399 0.121258 13.858900 -0.199721 0.978957 -0.041887 13.349500 -0.127226 0.016478 0.991737 -0.525900 0.000000 0.000000 0.000000 1.000000
0.977225 0.196905 0.079114 13.858900 -0.193773 0.979988 -0.045560 13.349500 -0.086501 0.029192 0.995824 -0.525900 0.000000 0.000000 0.000000 1.000000
0.982632 0.182752 0.032185 13.858900 -0.181186 0.982360 -0.046259 13.349500 -0.040071 0.039624 0.998411 -0.525900 0.000000 0.000000 0.000000 1.000000
0.986294 0.163973 -0.018372 13.858900 -0.164682 0.985173 -0.048093 13.349500 0.010213 0.050460 0.998674 -0.525900 0.000000 0.000000 0.000000 1.000000</float_array><technique_common><accessor source="#LeftShoulder-Matrix-animation-output-transform-array" count="27" stride="16"><param type="float4x4"/></accessor></technique_common></source><source id="LeftShoulder-Interpolations"><Name_array id="LeftShoulder-Interpolations-array" count="27">
 LINEAR LINEAR LINEAR LINEAR LINEAR LINEAR LINEAR LINEAR LINEAR LINEAR LINEAR
LINEAR LINEAR LINEAR LINEAR LINEAR LINEAR LINEAR LINEAR LINEAR LINEAR LINEAR LINEAR
