<?xml version="1.0" encoding="utf-8"?>
<COLLADA xmlns="http://www.collada.org/2005/11/COLLADASchema" version="1.4.1">
  <asset><contributor><author>Mixamo</author><authoring_tool>COLLADA Mixamo exporter</authoring_tool><comments></comments></contributor><created>2018-10-30T15:30:32Z</created><modified>2018-10-30T15:30:32Z</modified><revision></revision><title></title><unit meter="0.010000"/><up_axis>Y_UP</up_axis></asset>
  <library_animations>
    <animation id="Hips-anim" name="Hips"><source id="Hips-Matrix-animation-input"><float_array id="Hips-Matrix-animation-input-array" count="130">

0.000000 0.033333 0.066667 0.100000 0.133333 0.166667 0.200000 0.233333 0.266667 0.300000 0.333333 0.366667 0.400000 0.433333 0.466667 0.500000
0.533333 0.566667 0.600000 0.633333 0.666667 0.700000 0.733333 0.766667 0.800000 0.833333 0.866667 0.900000 0.933333 0.966667 1.000000 1.033333
1.066667 1.100000 1.133333 1.166667 1.200000 1.233333 1.266667 1.300000 1.333333 1.366667 1.400000 1.433333 1.466667 1.500000 1.533333 1.566667
1.600000 1.633333 1.666667 1.700000 1.733333 1.766667 1.800000 1.833333 1.866667 1.900000 1.933333 1.966667 2.000000 2.033333 2.066667 2.100000
2.133333 2.166667 2.200000 2.233333 2.266667 2.300000 2.333333 2.366667 2.400000 2.433333 2.466667 2.500000 2.533333 2.566667 2.600000 2.633333
2.666667 2.700000 2.733333 2.766667 2.800000 2.833333 2.866667 2.900000 2.933333 2.966667 3.000000 3.033333 3.066667 3.100000 3.133333 3.166667
3.200000 3.233333 3.266667 3.300000 3.333333 3.366667 3.400000 3.433333 3.466667 3.500000 3.533333 3.566667 3.600000 3.633333 3.666667 3.700000
3.733333 3.766667 3.800000 3.833333 3.866667 3.900000 3.933333 3.966667 4.000000 4.033333 4.066667 4.100000 4.133333 4.166667 4.200000 4.233333
4.266667 4.300000</float_array><technique_common><accessor source="#Hips-Matrix-animation-input-array" count="130"><param name="TIME" type="float"/></accessor></technique_common></source><source id="Hips-Matrix-animation-output-transform"><float_array id="Hips-Matrix-animation-output-transform-array" count="2080">

0.521885 -0.061950 -0.850763 -0.636708 0.073133 0.996937 -0.027732 107.043182 0.849875 -0.047746 0.524817 0.316296 0.000000 0.000000 0.000000 1.000000
0.526884 -0.069087 -0.847125 -0.659118 0.070681 0.996800 -0.037332 106.510559 0.846993 -0.040206 0.530081 0.187780 0.000000 0.000000 0.000000 1.000000
0.539328 -0.077931 -0.838482 -0.674645 0.069366 0.996436 -0.047994 105.199974 0.839234 -0.032277 0.542812 -0.177567 0.000000 0.000000 0.000000 1.000000
0.554830 -0.085895 -0.827518 -0.722181 0.070763 0.995924 -0.055931 103.562904 0.828949 -0.027525 0.558647 -0.613587 0.000000 0.000000 0.000000 1.000000
0.571575 -0.089575 -0.815646 -0.893364 0.078136 0.995448 -0.054566 101.836136 0.816821 -0.032543 0.575972 -1.038371 0.000000 0.000000 0.000000 1.000000
0.595891 -0.084502 -0.798607 -1.280699 0.093763 0.994968 -0.035317 99.984131 0.797572 -0.053835 0.600816 -1.459086 0.000000 0.000000 0.000000 1.000000
0.621521 -0.068575 -0.780390 -1.814457 0.107691 0.994183 -0.001595 98.366348 0.775960 -0.083049 0.625291 -1.745785 0.000000 0.000000 0.000000 1.000000
0.633999 -0.047934 -0.771847 -2.453066 0.117506 0.992459 0.034886 97.261505 0.764354 -0.112814 0.634851 -1.841791 0.000000 0.000000 0.000000 1.000000
0.629525 -0.028035 -0.776474 -3.245536 0.127663 0.989499 0.067776 96.863228 0.766420 -0.141793 0.626494 -1.753553 0.000000 0.000000 0.000000 1.000000
0.619292 -0.008050 -0.785119 -4.162666 0.140264 0.984996 0.100540 97.291550 0.772530 -0.172388 0.611129 -1.655044 0.000000 0.000000 0.000000 1.000000
0.616010 0.007992 -0.787698 -5.157807 0.152840 0.979734 0.129466 98.471069 0.772769 -0.200144 0.602305 -1.685614 0.000000 0.000000 0.000000 1.000000
0.622988 0.014749 -0.782093 -6.234410 0.160365 0.976178 0.146151 100.088547 0.765617 -0.216470 0.605782 -1.843928 0.000000 0.000000 0.000000 1.000000
0.638308 0.016869 -0.769596 -7.279382 0.160699 0.974812 0.154652 101.918701 0.752820 -0.222389 0.619520 -2.003304 0.000000 0.000000 0.000000 1.000000
0.659579 0.018133 -0.751416 -8.207314 0.157318 0.974236 0.161601 103.865494 0.734987 -0.224800 0.639733 -2.031784 0.000000 0.000000 0.000000 1.000000
0.682381 0.019552 -0.730735 -8.957098 0.155111 0.973006 0.170882 105.786285 0.714351 -0.229952 0.660928 -1.888892 0.000000 0.000000 0.000000 1.000000
0.702000 0.021130 -0.711863 -9.441897 0.155080 0.971038 0.181754 107.578224 0.695087 -0.237987 0.678392 -1.654816 0.000000 0.000000 0.000000 1.000000
0.717679 0.020479 -0.696073 -9.616973 0.154814 0.969861 0.188154 109.186646 0.678947 -0.242796 0.692879 -1.359394 0.000000 0.000000 0.000000 1.000000
0.732768 0.016100 -0.680288 -9.528529 0.152438 0.970429 0.187164 110.542656 0.663185 -0.240849 0.708645 -0.942149 0.000000 0.000000 0.000000 1.000000
0.748749 0.009051 -0.662792 -9.276927 0.148887 0.972060 0.181471 111.562485 0.645916 -0.234558 0.726481 -0.374842 0.000000 0.000000 0.000000 1.000000
0.763910 0.002714 -0.645317 -8.925615 0.144466 0.973892 0.175112 112.214371 0.628944 -0.226996 0.743574 0.295530 0.000000 0.000000 0.000000 1.000000
0.779099 0.000173 -0.626900 -8.493346 0.136978 0.975790 0.170503 112.452026 0.611752 -0.218711 0.760213 1.045590 0.000000 0.000000 0.000000 1.000000
0.797627 0.000038 -0.603151 -8.023572 0.126655 0.977693 0.167554 112.265854 0.589703 -0.210038 0.779830 1.845952 0.000000 0.000000 0.000000 1.000000
0.822861 0.001111 -0.568242 -7.539691 0.112577 0.979858 0.164937 111.708252 0.556980 -0.199691 0.806162 2.660514 0.000000 0.000000 0.000000 1.000000
0.857801 0.011004 -0.513864 -7.067603 0.089005 0.981486 0.169595 110.844063 0.506217 -0.191215 0.840941 3.532450 0.000000 0.000000 0.000000 1.000000
0.898537 0.036273 -0.437396 -6.683725 0.061205 0.976486 0.206712 109.619690 0.434609 -0.212509 0.875188 4.499392 0.000000 0.000000 0.000000 1.000000
0.935986 0.049858 -0.348490 -6.515296 0.045727 0.964315 0.260777 107.930611 0.349056 -0.260019 0.900306 5.407983 0.000000 0.000000 0.000000 1.000000
0.965754 0.038206 -0.256632 -6.620043 0.044295 0.950300 0.308169 105.940376 0.255651 -0.308983 0.916063 6.272389 0.000000 0.000000 0.000000 1.000000
0.985659 0.015946 -0.167994 -6.899089 0.040391 0.944294 0.326615 104.035629 0.163844 -0.328716 0.930108 7.431649 0.000000 0.000000 0.000000 1.000000
0.995319 0.001045 -0.096637 -7.060986 0.029359 0.949414 0.312652 102.523117 0.092075 -0.314026 0.944939 9.220853 0.000000 0.000000 0.000000 1.000000
0.998042 -0.003837 -0.062432 -6.969839 0.020717 0.962058 0.272058 101.330681 0.059020 -0.272819 0.960253 11.645733 0.000000 0.000000 0.000000 1.000000
0.998264 -0.005508 -0.058632 -6.856007 0.016752 0.981045 0.193056 100.047722 0.056457 -0.193703 0.979434 14.337756 0.000000 0.000000 0.000000 1.000000
0.999033 -0.008478 -0.043143 -6.842880 0.010454 0.998897 0.045786 98.619049 0.042708 -0.046193 0.998019 17.189396 0.000000 0.000000 0.000000 1.000000
0.999999 0.000591 -0.001239 -6.728035 -0.000763 0.989624 -0.143678 97.511940 0.001142 0.143679 0.989624 20.228041 0.000000 0.000000 0.000000 1.000000
0.999438 0.021176 0.025986 -6.535139 -0.012932 0.958757 -0.283932 96.844307 -0.030927 0.283436 0.958492 22.899574 0.000000 0.000000 0.000000 1.000000
0.999371 0.030016 0.018896 -6.523706 -0.022436 0.947607 -0.318651 96.390747 -0.027471 0.318026 0.947684 24.317301 0.000000 0.000000 0.000000 1.000000
0.999659 0.026086 0.001364 -6.620615 -0.024212 0.944913 -0.326425 95.987183 -0.009804 0.326281 0.945222 25.038958 0.000000 0.000000 0.000000 1.000000
0.999810 0.018014 -0.007416 -6.689138 -0.019463 0.939794 -0.341187 95.629639 0.000824 0.341267 0.939966 25.499853 0.000000 0.000000 0.000000 1.000000
0.999814 0.011281 -0.015666 -6.783422 -0.016066 0.936155 -0.351220 95.255966 0.010703 0.351406 0.936162 25.726810 0.000000 0.000000 0.000000 1.000000
0.999564 0.005776 -0.028971 -6.938456 -0.015670 0.935023 -0.354242 94.954994 0.025042 0.354541 0.934705 25.795574 0.000000 0.000000 0.000000 1.000000
0.999170 0.002301 -0.040663 -7.140756 -0.016305 0.937504 -0.347591 94.827148 0.037322 0.347966 0.936764 25.783157 0.000000 0.000000 0.000000 1.000000
0.998904 0.000099 -0.046800 -7.361787 -0.015871 0.941459 -0.336753 94.793503 0.044027 0.337127 0.940429 25.722944 0.000000 0.000000 0.000000 1.000000
0.998642 -0.001956 -0.052065 -7.577415 -0.015044 0.945905 -0.324096 94.825432 0.049883 0.324439 0.944590 25.566763 0.000000 0.000000 0.000000 1.000000
0.998197 -0.002749 -0.059953 -7.775943 -0.015950 0.950873 -0.309170 94.935852 0.057858 0.309569 0.949115 25.287090 0.000000 0.000000 0.000000 1.000000
0.997813 -0.004528 -0.065952 -7.930089 -0.015358 0.954476 -0.297893 95.089027 0.064299 0.298255 0.952318 24.927763 0.000000 0.000000 0.000000 1.000000
0.997828 -0.005720 -0.065620 -7.987286 -0.013706 0.956384 -0.291791 95.271561 0.064427 0.292057 0.954228 24.548235 0.000000 0.000000 0.000000 1.000000
0.998153 -0.001607 -0.060725 -7.937403 -0.015961 0.957589 -0.287695 95.459961 0.058612 0.288133 0.955795 24.177217 0.000000 0.000000 0.000000 1.000000
0.998367 0.001292 -0.057119 -7.839786 -0.017790 0.957074 -0.289297 95.650017 0.054293 0.289840 0.955534 23.820503 0.000000 0.000000 0.000000 1.000000
0.998365 -0.000752 -0.057161 -7.739400 -0.016209 0.955155 -0.295661 95.901421 0.054820 0.296104 0.953581 23.500671 0.000000 0.000000 0.000000 1.000000
0.998364 -0.000976 -0.057170 -7.613254 -0.016273 0.953656 -0.300459 96.140709 0.054814 0.300898 0.952080 23.227507 0.000000 0.000000 0.000000 1.000000
0.998328 -0.001313 -0.057795 -7.453989 -0.016434 0.952051 -0.305497 96.271751 0.055425 0.305936 0.950437 22.984406 0.000000 0.000000 0.000000 1.000000
0.998037 -0.007461 -0.062180 -7.327638 -0.012306 0.950160 -0.311520 96.388321 0.061405 0.311673 0.948203 22.772823 0.000000 0.000000 0.000000 1.000000
0.997802 -0.011266 -0.065302 -7.230228 -0.009824 0.949404 -0.313903 96.546745 0.065534 0.313854 0.947207 22.637405 0.000000 0.000000 0.000000 1.000000
0.998074 -0.006039 -0.061744 -7.102714 -0.013747 0.948980 -0.315035 96.662361 0.060496 0.315277 0.947069 22.605675 0.000000 0.000000 0.000000 1.000000
0.998383 -0.001714 -0.056812 -7.001481 -0.016495 0.947791 -0.318465 96.717369 0.054392 0.318887 0.946231 22.599609 0.000000 0.000000 0.000000 1.000000
0.998384 -0.004201 -0.056675 -6.974794 -0.014146 0.947504 -0.319429 96.758179 0.055042 0.319715 0.945914 22.538761 0.000000 0.000000 0.000000 1.000000
0.998501 -0.004110 -0.054579 -6.981890 -0.013445 0.948208 -0.317365 96.767181 0.053057 0.317623 0.946731 22.470514 0.000000 0.000000 0.000000 1.000000
0.999069 0.000829 -0.043140 -7.036934 -0.014613 0.947237 -0.320200 96.706993 0.040599 0.320533 0.946367 22.464018 0.000000 0.000000 0.000000 1.000000
0.999474 0.004080 -0.032164 -7.151595 -0.014347 0.945284 -0.325932 96.619980 0.029074 0.326222 0.944846 22.484863 0.000000 0.000000 0.000000 1.000000
0.999566 0.009348 -0.027933 -7.286819 -0.017947 0.945237 -0.325892 96.499207 0.023357 0.326252 0.944994 22.485548 0.000000 0.000000 0.000000 1.000000
0.999610 0.016420 -0.022568 -7.426112 -0.022869 0.945420 -0.325051 96.281548 0.015999 0.325441 0.945427 22.512386 0.000000 0.000000 0.000000 1.000000
0.999646 0.015180 -0.021864 -7.555644 -0.021518 0.944370 -0.328181 96.033646 0.015666 0.328536 0.944362 22.586489 0.000000 0.000000 0.000000 1.000000
0.999368 0.010429 -0.033973 -7.606371 -0.020973 0.944820 -0.326919 95.902641 0.028689 0.327425 0.944442 22.710215 0.000000 0.000000 0.000000 1.000000
0.999034 0.014137 -0.041609 -7.549030 -0.026804 0.946351 -0.322026 95.904831 0.034824 0.322830 0.945816 22.953299 0.000000 0.000000 0.000000 1.000000
0.999226 0.022444 -0.032308 -7.476252 -0.031640 0.946559 -0.320976 95.956139 0.023377 0.321749 0.946536 23.267233 0.000000 0.000000 0.000000 1.000000
0.999435 0.026193 -0.021067 -7.440516 -0.031589 0.946126 -0.322254 96.008606 0.011491 0.322737 0.946419 23.460567 0.000000 0.000000 0.000000 1.000000
0.999501 0.026378 -0.017397 -7.384521 -0.030602 0.945259 -0.324884 96.033630 0.007875 0.325254 0.945594 23.450178 0.000000 0.000000 0.000000 1.000000
0.999515 0.028349 -0.012855 -7.278068 -0.031004 0.943461 -0.330030 96.021530 0.002773 0.330268 0.943883 23.331924 0.000000 0.000000 0.000000 1.000000
0.999541 0.029343 -0.007496 -7.145931 -0.030163 0.942247 -0.333559 96.000443 -0.002724 0.333632 0.942699 23.234680 0.000000 0.000000 0.000000 1.000000
0.999622 0.025567 -0.010078 -6.991803 -0.027464 0.942714 -0.332469 96.030296 0.001001 0.332621 0.943060 23.270868 0.000000 0.000000 0.000000 1.000000
0.999603 0.024693 -0.013557 -6.832006 -0.027776 0.944171 -0.328282 96.151512 0.004694 0.328528 0.944482 23.510429 0.000000 0.000000 0.000000 1.000000
0.999506 0.030813 -0.006112 -6.738155 -0.031121 0.944797 -0.326175 96.205139 -0.004276 0.326204 0.945290 23.806686 0.000000 0.000000 0.000000 1.000000
0.999363 0.035029 0.006755 -6.744565 -0.030853 0.943737 -0.329255 96.002037 -0.017908 0.328837 0.944217 23.903479 0.000000 0.000000 0.000000 1.000000
0.999235 0.035418 0.016598 -6.785381 -0.027843 0.942116 -0.334130 95.590378 -0.027472 0.333412 0.942381 23.777243 0.000000 0.000000 0.000000 1.000000
0.998823 0.040039 0.027376 -6.820053 -0.028442 0.940683 -0.338093 95.125572 -0.039289 0.336916 0.940715 23.641586 0.000000 0.000000 0.000000 1.000000
0.998169 0.046711 0.038427 -6.855273 -0.030837 0.939532 -0.341071 94.774918 -0.052035 0.339262 0.939252 23.713736 0.000000 0.000000 0.000000 1.000000
0.998033 0.048714 0.039447 -6.879972 -0.032394 0.939599 -0.340742 94.662674 -0.053664 0.338794 0.939329 23.992846 0.000000 0.000000 0.000000 1.000000
0.998158 0.050571 0.033504 -6.864910 -0.036337 0.940689 -0.337320 94.708427 -0.048575 0.335481 0.940794 24.313765 0.000000 0.000000 0.000000 1.000000
0.997785 0.056304 0.035415 -6.803000 -0.041157 0.940867 -0.336267 94.716690 -0.052254 0.334065 0.941101 24.527851 0.000000 0.000000 0.000000 1.000000
0.997179 0.061168 0.043497 -6.707942 -0.042764 0.939273 -0.340495 94.619446 -0.061683 0.337674 0.939240 24.575472 0.000000 0.000000 0.000000 1.000000
0.997016 0.061326 0.046882 -6.603554 -0.041237 0.936541 -0.348123 94.523788 -0.065255 0.345151 0.936276 24.508095 0.000000 0.000000 0.000000 1.000000
0.996904 0.060060 0.050743 -6.499009 -0.038169 0.933899 -0.355494 94.562119 -0.068740 0.352457 0.933300 24.452669 0.000000 0.000000 0.000000 1.000000
0.995866 0.063816 0.064637 -6.358610 -0.036390 0.932317 -0.359807 94.697296 -0.083224 0.355968 0.930785 24.474800 0.000000 0.000000 0.000000 1.000000
0.993925 0.072728 0.082611 -6.150063 -0.038234 0.931983 -0.360480 94.792747 -0.103209 0.355131 0.929102 24.524250 0.000000 0.000000 0.000000 1.000000
0.992902 0.078086 0.089712 -5.866210 -0.040709 0.931855 -0.360539 94.790466 -0.111752 0.354328 0.928420 24.512632 0.000000 0.000000 0.000000 1.000000
0.993658 0.075518 0.083308 -5.544580 -0.040133 0.930291 -0.364620 94.711739 -0.105036 0.358964 0.927422 24.400196 0.000000 0.000000 0.000000 1.000000
0.994190 0.072386 0.079664 -5.264980 -0.037885 0.928066 -0.370484 94.596123 -0.100752 0.365313 0.925416 24.254051 0.000000 0.000000 0.000000 1.000000
0.993420 0.073525 0.087816 -5.072414 -0.035655 0.927171 -0.372937 94.470375 -0.108840 0.367352 0.923692 24.140722 0.000000 0.000000 0.000000 1.000000
0.992718 0.074701 0.094507 -4.929839 -0.034380 0.927578 -0.372044 94.382347 -0.115455 0.366086 0.923391 24.062801 0.000000 0.000000 0.000000 1.000000
0.992992 0.075326 0.091068 -4.752748 -0.036323 0.927784 -0.371344 94.330963 -0.112463 0.365434 0.924018 24.014027 0.000000 0.000000 0.000000 1.000000
0.992887 0.079531 0.088598 -4.490759 -0.041100 0.927371 -0.371880 94.226479 -0.111739 0.365593 0.924043 23.976027 0.000000 0.000000 0.000000 1.000000
0.992017 0.086413 0.091844 -4.197343 -0.046295 0.927014 -0.372157 93.996536 -0.117300 0.364934 0.923615 23.895620 0.000000 0.000000 0.000000 1.000000
0.991919 0.089148 0.090274 -3.949906 -0.049109 0.925848 -0.374690 93.670815 -0.116983 0.367229 0.922745 23.773209 0.000000 0.000000 0.000000 1.000000
0.992719 0.087076 0.083223 -3.760543 -0.048944 0.922932 -0.381838 93.309311 -0.110058 0.374985 0.920475 23.679323 0.000000 0.000000 0.000000 1.000000
0.992679 0.087663 0.083082 -3.579556 -0.048545 0.919473 -0.390145 92.923134 -0.110593 0.383256 0.916997 23.663940 0.000000 0.000000 0.000000 1.000000
0.991711 0.091856 0.089843 -3.354871 -0.049049 0.916918 -0.396049 92.548347 -0.118758 0.388360 0.913823 23.731220 0.000000 0.000000 0.000000 1.000000
0.991535 0.093701 0.089885 -3.064590 -0.050665 0.916588 -0.396610 92.277466 -0.119550 0.388699 0.913576 23.846338 0.000000 0.000000 0.000000 1.000000
0.992447 0.093211 0.079753 -2.714041 -0.055064 0.919436 -0.389365 92.127594 -0.109620 0.382032 0.917624 23.945082 0.000000 0.000000 0.000000 1.000000
0.993607 0.092125 0.065254 -2.314610 -0.061320 0.925718 -0.373210 92.041733 -0.094789 0.366822 0.925449 23.980579 0.000000 0.000000 0.000000 1.000000
0.995318 0.086821 0.042468 -1.895635 -0.067002 0.936494 -0.344224 92.071831 -0.069657 0.339767 0.937927 23.951420 0.000000 0.000000 0.000000 1.000000
0.997044 0.076824 0.001169 -1.490759 -0.073025 0.952250 -0.296459 92.364517 -0.023888 0.295497 0.955045 23.845367 0.000000 0.000000 0.000000 1.000000
0.996090 0.063605 -0.061310 -1.094913 -0.076238 0.969534 -0.232792 92.929840 0.044635 0.236556 0.970592 23.586325 0.000000 0.000000 0.000000 1.000000
0.988654 0.046383 -0.142873 -0.706647 -0.069585 0.984342 -0.161954 93.726273 0.133124 0.170059 0.976401 23.115057 0.000000 0.000000 0.000000 1.000000
0.969282 0.028062 -0.244347 -0.334616 -0.051211 0.994723 -0.088907 94.834732 0.240563 0.098689 0.965603 22.491417 0.000000 0.000000 0.000000 1.000000
0.930323 0.015647 -0.366407 -0.009043 -0.023901 0.999552 -0.018002 96.195053 0.365962 0.025505 0.930280 21.792982 0.000000 0.000000 0.000000 1.000000
0.866400 0.015630 -0.499106 0.200422 0.006780 0.999050 0.043055 97.547112 0.499304 -0.040687 0.865471 20.996477 0.000000 0.000000 0.000000 1.000000
0.782745 0.031314 -0.621554 0.216607 0.032160 0.995364 0.090647 98.745392 0.621511 -0.090942 0.778109 20.060713 0.000000 0.000000 0.000000 1.000000
0.695257 0.056565 -0.716532 -0.010978 0.046456 0.991278 0.123331 99.701218 0.717258 -0.119034 0.686565 18.946836 0.000000 0.000000 0.000000 1.000000
0.613247 0.077180 -0.786112 -0.450242 0.053035 0.988946 0.138467 100.305573 0.788109 -0.126606 0.602375 17.542967 0.000000 0.000000 0.000000 1.000000
0.536182 0.084684 -0.839844 -0.963740 0.058792 0.988792 0.137238 100.621101 0.842053 -0.122961 0.525193 15.834138 0.000000 0.000000 0.000000 1.000000
0.469398 0.089954 -0.878393 -1.342892 0.060960 0.989122 0.133870 100.931900 0.880880 -0.116385 0.458809 13.978129 0.000000 0.000000 0.000000 1.000000
0.413250 0.097567 -0.905376 -1.596963 0.058735 0.989317 0.133422 101.345375 0.908722 -0.108314 0.403104 12.147037 0.000000 0.000000 0.000000 1.000000
0.372961 0.102586 -0.922159 -1.787045 0.057231 0.989433 0.133217 101.901100 0.926080 -0.102461 0.363148 10.461955 0.000000 0.000000 0.000000 1.000000
0.344231 0.097934 -0.933763 -2.009483 0.059540 0.990266 0.125810 102.539200 0.936995 -0.098904 0.335049 8.898114 0.000000 0.000000 0.000000 1.000000
0.320497 0.087445 -0.943205 -2.283319 0.062544 0.991604 0.113184 103.197556 0.945183 -0.095266 0.312337 7.442796 0.000000 0.000000 0.000000 1.000000
0.303772 0.077059 -0.949623 -2.570508 0.065171 0.992709 0.101403 103.814125 0.950513 -0.092691 0.296535 6.089507 0.000000 0.000000 0.000000 1.000000
0.299726 0.067071 -0.951665 -2.814242 0.067681 0.993517 0.091337 104.387718 0.951622 -0.091785 0.293243 4.863240 0.000000 0.000000 0.000000 1.000000
0.305918 0.056113 -0.950403 -3.019980 0.070968 0.994140 0.081539 104.917099 0.949409 -0.092393 0.300144 3.753851 0.000000 0.000000 0.000000 1.000000
0.314658 0.045421 -0.948118 -3.215737 0.074103 0.994630 0.072243 105.395210 0.946308 -0.092990 0.309603 2.756655 0.000000 0.000000 0.000000 1.000000
0.320882 0.035466 -0.946455 -3.377935 0.077182 0.994996 0.063453 105.788475 0.943969 -0.093410 0.316539 1.933993 0.000000 0.000000 0.000000 1.000000
0.326970 0.025355 -0.944695 -3.472816 0.081414 0.995168 0.054888 106.086945 0.941521 -0.094858 0.323325 1.301872 0.000000 0.000000 0.000000 1.000000
0.338310 0.015505 -0.940907 -3.512831 0.084655 0.995309 0.046840 106.365761 0.937219 -0.095499 0.335411 0.801812 0.000000 0.000000 0.000000 1.000000
0.355597 0.005574 -0.934623 -3.491261 0.085768 0.995568 0.038570 106.625473 0.930696 -0.093876 0.353543 0.435428 0.000000 0.000000 0.000000 1.000000
0.375595 -0.005244 -0.926769 -3.377969 0.085825 0.995884 0.029148 106.859398 0.922802 -0.090488 0.374499 0.214505 0.000000 0.000000 0.000000 1.000000
0.395969 -0.015851 -0.918127 -3.164763 0.084434 0.996244 0.019214 107.053871 0.914374 -0.085130 0.395820 0.104328 0.000000 0.000000 0.000000 1.000000
0.420212 -0.026712 -0.907033 -2.747680 0.082186 0.996579 0.008726 107.114243 0.903697 -0.078212 0.420969 0.103059 0.000000 0.000000 0.000000 1.000000
0.447934 -0.037503 -0.893280 -2.217956 0.079690 0.996818 -0.001890 107.132889 0.890508 -0.070339 0.449497 0.133667 0.000000 0.000000 0.000000 1.000000
0.475401 -0.047245 -0.878500 -1.657299 0.077323 0.996937 -0.011770 107.126045 0.876365 -0.062333 0.477598 0.183507 0.000000 0.000000 0.000000 1.000000
0.499077 -0.055057 -0.864807 -1.149488 0.075321 0.996959 -0.020003 107.103477 0.863278 -0.055155 0.501706 0.240674 0.000000 0.000000 0.000000 1.000000
0.515641 -0.060170 -0.854690 -0.780155 0.073831 0.996941 -0.025642 107.074287 0.853618 -0.049881 0.518506 0.291081 0.000000 0.000000 0.000000 1.000000
0.521885 -0.061950 -0.850763 -0.636710 0.073133 0.996937 -0.027732 107.043159 0.849875 -0.047746 0.524817 0.316295 0.000000 0.000000 0.000000 1.000000</float_array><technique_common><accessor source="#Hips-Matrix-animation-output-transform-array" count="130" stride="16"><param type="float4x4"/></accessor></technique_common></source><source id="Hips-Interpolations"><Name_array id="Hips-Interpolations-array" count="130">
 LINEAR LINEAR LINEAR LINEAR LINEAR LINEAR LINEAR LINEAR LINEAR LINEAR LINEAR
LINEAR LINEAR LINEAR LINEAR LINEAR LINEAR LINEAR LINEAR LINEAR LINEAR LINEAR LINEAR
LINEAR LINEAR LINEAR LINEAR LINEAR LINEAR LINEAR LINEAR LINEAR LINEAR LINEAR LINEAR
LINEAR LINEAR LINEAR LINEAR LINEAR LINEAR LINEAR LINEAR LINEAR LINEAR LINEAR LINEAR
LINEAR LINEAR LINEAR LINEAR LINEAR LINEAR LINEAR LINEAR LINEAR LINEAR LINEAR LINEAR
LINEAR LINEAR LINEAR LINEAR LINEAR LINEAR LINEAR LINEAR LINEAR LINEAR LINEAR LINEAR
LINEAR LINEAR LINEAR LINEAR LINEAR LINEAR LINEAR LINEAR LINEAR LINEAR LINEAR LINEAR
LINEAR LINEAR LINEAR LINEAR LINEAR LINEAR LINEAR LINEAR LINEAR LINEAR LINEAR LINEAR
LINEAR LINEAR LINEAR LINEAR LINEAR LINEAR LINEAR LINEAR LINEAR LINEAR LINEAR LINEAR
LINEAR LINEAR LINEAR LINEAR LINEAR LINEAR LINEAR LINEAR LINEAR LINEAR LINEAR LINEAR
LINEAR LINEAR LINEAR LINEAR LINEAR LINEAR LINEAR LINEAR LINEAR LINEAR LINEAR</Name_array><technique_common><accessor source="#Hips-Interpolations-array" count="130"><param type="name"/></accessor></technique_common></source><sampler id="Hips-Matrix-animation-transform"><input semantic="INPUT" source="#Hips-Matrix-animation-input"/><input semantic="OUTPUT" source="#Hips-Matrix-animation-output-transform"/><input semantic="INTERPOLATION" source="#Hips-Interpolations"/></sampler><channel source="#Hips-Matrix-animation-transform" target="Hips/matrix"/></animation>
    <animation id="Spine-anim" name="Spine"><source id="Spine-Matrix-animation-input"><float_array id="Spine-Matrix-animation-input-array" count="130">

0.000000 0.033333 0.066667 0.100000 0.133333 0.166667 0.200000 0.233333 0.266667 0.300000 0.333333 0.366667 0.400000 0.433333 0.466667 0.500000
0.533333 0.566667 0.600000 0.633333 0.666667 0.700000 0.733333 0.766667 0.800000 0.833333 0.866667 0.900000 0.933333 0.966667 1.000000 1.033333
1.066667 1.100000 1.133333 1.166667 1.200000 1.233333 1.266667 1.300000 1.333333 1.366667 1.400000 1.433333 1.466667 1.500000 1.533333 1.566667
1.600000 1.633333 1.666667 1.700000 1.733333 1.766667 1.800000 1.833333 1.866667 1.900000 1.933333 1.966667 2.000000 2.033333 2.066667 2.100000
2.133333 2.166667 2.200000 2.233333 2.266667 2.300000 2.333333 2.366667 2.400000 2.433333 2.466667 2.500000 2.533333 2.566667 2.600000 2.633333
2.666667 2.700000 2.733333 2.766667 2.800000 2.833333 2.866667 2.900000 2.933333 2.966667 3.000000 3.033333 3.066667 3.100000 3.133333 3.166667
3.200000 3.233333 3.266667 3.300000 3.333333 3.366667 3.400000 3.433333 3.466667 3.500000 3.533333 3.566667 3.600000 3.633333 3.666667 3.700000
3.733333 3.766667 3.800000 3.833333 3.866667 3.900000 3.933333 3.966667 4.000000 4.033333 4.066667 4.100000 4.133333 4.166667 4.200000 4.233333
4.266667 4.300000</float_array><technique_common><accessor source="#Spine-Matrix-animation-input-array" count="130"><param name="TIME" type="float"/></accessor></technique_common></source><source id="Spine-Matrix-animation-output-transform"><float_array id="Spine-Matrix-animation-output-transform-array" count="2080">

0.998642 0.052053 0.001941 0.000200 -0.050687 0.979672 -0.194097 10.849300 -0.012005 0.193735 0.980980 -0.097300 0.000000 0.000000 0.000000 1.000000
0.998658 0.051776 0.001170 0.000200 -0.050571 0.979797 -0.193494 10.849300 -0.011165 0.193175 0.981101 -0.097300 0.000000 0.000000 0.000000 1.000000
0.998678 0.051394 -0.000703 0.000200 -0.050571 0.980053 -0.192196 10.849300 -0.009189 0.191977 0.981356 -0.097300 0.000000 0.000000 0.000000 1.000000
0.998681 0.051265 -0.003002 0.000200 -0.050896 0.980312 -0.190782 10.849300 -0.006838 0.190683 0.981628 -0.097300 0.000000 0.000000 0.000000 1.000000
0.998645 0.051793 -0.005107 0.000200 -0.051819 0.980402 -0.190071 10.849300 -0.004838 0.190078 0.981757 -0.097300 0.000000 0.000000 0.000000 1.000000
0.998629 0.051861 -0.007115 0.000200 -0.052264 0.980202 -0.190980 10.849300 -0.002930 0.191090 0.981568 -0.097300 0.000000 0.000000 0.000000 1.000000
0.998805 0.048468 -0.006266 0.000200 -0.048766 0.980012 -0.192867 10.849300 -0.003207 0.192942 0.981205 -0.097300 0.000000 0.000000 0.000000 1.000000
0.999110 0.042163 -0.000795 0.000200 -0.041531 0.980500 -0.192081 10.849300 -0.007320 0.191943 0.981379 -0.097300 0.000000 0.000000 0.000000 1.000000
0.999363 0.035077 0.006543 0.000200 -0.033240 0.981842 -0.186764 10.849300 -0.012975 0.186428 0.982383 -0.097300 0.000000 0.000000 0.000000 1.000000
0.999534 0.028165 0.011801 0.000200 -0.025579 0.983292 -0.180231 10.849300 -0.016680 0.179845 0.983554 -0.097300 0.000000 0.000000 0.000000 1.000000
0.999663 0.021541 0.014474 0.000200 -0.018708 0.984687 -0.173326 10.849300 -0.017986 0.172997 0.984758 -0.097300 0.000000 0.000000 0.000000 1.000000
0.999783 0.014593 0.014899 0.000200 -0.011964 0.986492 -0.163372 10.849300 -0.017082 0.163158 0.986452 -0.097300 0.000000 0.000000 0.000000 1.000000
0.999865 0.007035 0.014822 0.000200 -0.004704 0.988404 -0.151775 10.849300 -0.015718 0.151685 0.988304 -0.097300 0.000000 0.000000 0.000000 1.000000
0.999891 -0.000472 0.014766 0.000200 0.002543 0.990069 -0.140558 10.849300 -0.014553 0.140580 0.989962 -0.097300 0.000000 0.000000 0.000000 1.000000
0.999869 -0.006328 0.014912 0.000200 0.008238 0.991255 -0.131703 10.849300 -0.013949 0.131809 0.991177 -0.097300 0.000000 0.000000 0.000000 1.000000
0.999821 -0.010479 0.015728 0.000200 0.012388 0.991870 -0.126650 10.849300 -0.014273 0.126823 0.991823 -0.097300 0.000000 0.000000 0.000000 1.000000
0.999734 -0.015094 0.017446 0.000200 0.017137 0.992185 -0.123595 10.849300 -0.015444 0.123861 0.992179 -0.097300 0.000000 0.000000 0.000000 1.000000
0.999573 -0.021451 0.019833 0.000200 0.023680 0.992489 -0.120021 10.849300 -0.017110 0.120439 0.992573 -0.097300 0.000000 0.000000 0.000000 1.000000
0.999412 -0.027215 0.020852 0.000200 0.029448 0.992864 -0.115558 10.849300 -0.017558 0.116104 0.993082 -0.097300 0.000000 0.000000 0.000000 1.000000
0.999292 -0.031038 0.021262 0.000200 0.033230 0.993158 -0.111954 10.849300 -0.017642 0.112582 0.993486 -0.097300 0.000000 0.000000 0.000000 1.000000
0.999179 -0.034143 0.021792 0.000200 0.036338 0.993278 -0.109903 10.849300 -0.017893 0.110605 0.993703 -0.097300 0.000000 0.000000 0.000000 1.000000
0.999111 -0.035886 0.022120 0.000200 0.038089 0.993324 -0.108887 10.849300 -0.018065 0.109633 0.993808 -0.097300 0.000000 0.000000 0.000000 1.000000
0.999113 -0.036148 0.021599 0.000200 0.038280 0.993395 -0.108167 10.849300 -0.017546 0.108898 0.993898 -0.097300 0.000000 0.000000 0.000000 1.000000
0.999092 -0.037900 0.019460 0.000200 0.039781 0.993389 -0.107687 10.849300 -0.015250 0.108364 0.993994 -0.097300 0.000000 0.000000 0.000000 1.000000
0.999049 -0.040022 0.017300 0.000200 0.041693 0.993003 -0.110486 10.849300 -0.012758 0.111102 0.993727 -0.097300 0.000000 0.000000 0.000000 1.000000
0.999233 -0.035398 0.016752 0.000200 0.037151 0.992134 -0.119541 10.849300 -0.012389 0.120072 0.992688 -0.097300 0.000000 0.000000 0.000000 1.000000
0.999617 -0.023581 0.014509 0.000200 0.025286 0.990992 -0.131510 10.849300 -0.011277 0.131827 0.991209 -0.097300 0.000000 0.000000 0.000000 1.000000
0.999871 -0.012848 0.009675 0.000200 0.014067 0.990223 -0.138781 10.849300 -0.007797 0.138899 0.990276 -0.097300 0.000000 0.000000 0.000000 1.000000
0.999932 -0.009309 0.006966 0.000200 0.010224 0.989309 -0.145479 10.849300 -0.005538 0.145540 0.989337 -0.097300 0.000000 0.000000 0.000000 1.000000
0.999913 -0.008157 0.010411 0.000200 0.009786 0.985833 -0.167446 10.849300 -0.008898 0.167533 0.985826 -0.097300 0.000000 0.000000 0.000000 1.000000
0.999844 -0.004562 0.017061 0.000200 0.007855 0.980123 -0.198234 10.849300 -0.015818 0.198338 0.980006 -0.097300 0.000000 0.000000 0.000000 1.000000
0.999794 -0.000352 0.020317 0.000200 0.004837 0.975228 -0.221149 10.849300 -0.019736 0.221202 0.975028 -0.097300 0.000000 0.000000 0.000000 1.000000
0.999804 0.003624 0.019483 0.000200 0.000946 0.973287 -0.229591 10.849300 -0.019795 0.229564 0.973092 -0.097300 0.000000 0.000000 0.000000 1.000000
0.999830 0.003757 0.018053 0.000200 0.000555 0.972449 -0.233115 10.849300 -0.018432 0.233086 0.972281 -0.097300 0.000000 0.000000 0.000000 1.000000
0.999815 0.000239 0.019216 0.000200 0.004352 0.971126 -0.238528 10.849300 -0.018718 0.238567 0.970946 -0.097300 0.000000 0.000000 0.000000 1.000000
0.999753 -0.001057 0.022221 0.000200 0.006387 0.970455 -0.241197 10.849300 -0.021310 0.241279 0.970222 -0.097300 0.000000 0.000000 0.000000 1.000000
0.999739 -0.000090 0.022842 0.000200 0.005505 0.971466 -0.237116 10.849300 -0.022169 0.237180 0.971213 -0.097300 0.000000 0.000000 0.000000 1.000000
0.999758 -0.000220 0.022017 0.000200 0.005346 0.972452 -0.233040 10.849300 -0.021360 0.233101 0.972218 -0.097300 0.000000 0.000000 0.000000 1.000000
0.999753 -0.001223 0.022175 0.000200 0.006335 0.972706 -0.231953 10.849300 -0.021286 0.232037 0.972474 -0.097300 0.000000 0.000000 0.000000 1.000000
0.999752 -0.002034 0.022198 0.000200 0.007135 0.972636 -0.232225 10.849300 -0.021119 0.232326 0.972409 -0.097300 0.000000 0.000000 0.000000 1.000000
0.999774 -0.002307 0.021136 0.000200 0.007126 0.972954 -0.230891 10.849300 -0.020032 0.230989 0.972750 -0.097300 0.000000 0.000000 0.000000 1.000000
0.999793 -0.002212 0.020214 0.000200 0.006788 0.973347 -0.229238 10.849300 -0.019168 0.229328 0.973160 -0.097300 0.000000 0.000000 0.000000 1.000000
0.999788 -0.002593 0.020435 0.000200 0.007215 0.973288 -0.229473 10.849300 -0.019294 0.229571 0.973101 -0.097300 0.000000 0.000000 0.000000 1.000000
0.999762 -0.002425 0.021664 0.000200 0.007334 0.973286 -0.229479 10.849300 -0.020529 0.229584 0.973072 -0.097300 0.000000 0.000000 0.000000 1.000000
0.999723 -0.002066 0.023452 0.000200 0.007383 0.973408 -0.228959 10.849300 -0.022355 0.229069 0.973153 -0.097300 0.000000 0.000000 0.000000 1.000000
0.999707 -0.003110 0.023998 0.000200 0.008545 0.973182 -0.229879 10.849300 -0.022639 0.230017 0.972923 -0.097300 0.000000 0.000000 0.000000 1.000000
0.999729 -0.003726 0.022998 0.000200 0.008927 0.973056 -0.230398 10.849300 -0.021519 0.230540 0.972825 -0.097300 0.000000 0.000000 0.000000 1.000000
0.999726 -0.003296 0.023174 0.000200 0.008533 0.973231 -0.229670 10.849300 -0.021797 0.229805 0.972993 -0.097300 0.000000 0.000000 0.000000 1.000000
0.999699 -0.003718 0.024240 0.000200 0.009194 0.973160 -0.229947 10.849300 -0.022735 0.230101 0.972901 -0.097300 0.000000 0.000000 0.000000 1.000000
0.999718 -0.004074 0.023375 0.000200 0.009351 0.973060 -0.230363 10.849300 -0.021807 0.230516 0.972824 -0.097300 0.000000 0.000000 0.000000 1.000000
0.999739 -0.002841 0.022648 0.000200 0.007979 0.973124 -0.230143 10.849300 -0.021386 0.230263 0.972893 -0.097300 0.000000 0.000000 0.000000 1.000000
0.999687 -0.002610 0.024882 0.000200 0.008282 0.973000 -0.230658 10.849300 -0.023608 0.230792 0.972717 -0.097300 0.000000 0.000000 0.000000 1.000000
0.999660 -0.004849 0.025638 0.000200 0.010639 0.972944 -0.230795 10.849300 -0.023825 0.230989 0.972665 -0.097300 0.000000 0.000000 0.000000 1.000000
0.999727 -0.006581 0.022440 0.000200 0.011558 0.973244 -0.229481 10.849300 -0.020329 0.229678 0.973054 -0.097300 0.000000 0.000000 0.000000 1.000000
0.999741 -0.007177 0.021593 0.000200 0.011939 0.973288 -0.229278 10.849300 -0.019371 0.229477 0.973121 -0.097300 0.000000 0.000000 0.000000 1.000000
0.999685 -0.007981 0.023804 0.000200 0.013255 0.972992 -0.230459 10.849300 -0.021322 0.230702 0.972791 -0.097300 0.000000 0.000000 0.000000 1.000000
0.999722 -0.007436 0.022387 0.000200 0.012385 0.973151 -0.229833 10.849300 -0.020077 0.230047 0.972973 -0.097300 0.000000 0.000000 0.000000 1.000000
0.999798 -0.005244 0.019413 0.000200 0.009536 0.973592 -0.228095 10.849300 -0.017704 0.228234 0.973445 -0.097300 0.000000 0.000000 0.000000 1.000000
0.999798 -0.004757 0.019530 0.000200 0.009097 0.973478 -0.228601 10.849300 -0.017925 0.228733 0.973324 -0.097300 0.000000 0.000000 0.000000 1.000000
0.999807 -0.004616 0.019110 0.000200 0.008877 0.973310 -0.229323 10.849300 -0.017541 0.229448 0.973163 -0.097300 0.000000 0.000000 0.000000 1.000000
0.999845 -0.002481 0.017420 0.000200 0.006388 0.973643 -0.227990 10.849300 -0.016395 0.228066 0.973508 -0.097300 0.000000 0.000000 0.000000 1.000000
0.999808 -0.003278 0.019309 0.000200 0.007588 0.973724 -0.227605 10.849300 -0.018056 0.227708 0.973562 -0.097300 0.000000 0.000000 0.000000 1.000000
0.999719 -0.007660 0.022431 0.000200 0.012572 0.973620 -0.227828 10.849300 -0.020094 0.228046 0.973443 -0.097300 0.000000 0.000000 0.000000 1.000000
0.999741 -0.009682 0.020618 0.000200 0.014106 0.973877 -0.226639 10.849300 -0.017885 0.226871 0.973760 -0.097300 0.000000 0.000000 0.000000 1.000000
0.999824 -0.009017 0.016442 0.000200 0.012501 0.974038 -0.226040 10.849300 -0.013978 0.226206 0.973979 -0.097300 0.000000 0.000000 0.000000 1.000000
0.999832 -0.009409 0.015714 0.000200 0.012729 0.973860 -0.226793 10.849300 -0.013170 0.226955 0.973816 -0.097300 0.000000 0.000000 0.000000 1.000000
0.999805 -0.011167 0.016276 0.000200 0.014582 0.973608 -0.227760 10.849300 -0.013303 0.227953 0.973581 -0.097300 0.000000 0.000000 0.000000 1.000000
0.999817 -0.012146 0.014787 0.000200 0.015210 0.973327 -0.228917 10.849300 -0.011612 0.229100 0.973334 -0.097300 0.000000 0.000000 0.000000 1.000000
0.999808 -0.012851 0.014764 0.000200 0.015899 0.973146 -0.229641 10.849300 -0.011416 0.229832 0.973163 -0.097300 0.000000 0.000000 0.000000 1.000000
0.999736 -0.015280 0.017157 0.000200 0.018810 0.973148 -0.229409 10.849300 -0.013191 0.229671 0.973179 -0.097300 0.000000 0.000000 0.000000 1.000000
0.999706 -0.017492 0.016784 0.000200 0.020866 0.973337 -0.228430 10.849300 -0.012341 0.228713 0.973416 -0.097300 0.000000 0.000000 0.000000 1.000000
0.999774 -0.016402 0.013504 0.000200 0.019047 0.973541 -0.227717 10.849300 -0.009411 0.227923 0.973634 -0.097300 0.000000 0.000000 0.000000 1.000000
0.999827 -0.013811 0.012453 0.000200 0.016290 0.973463 -0.228263 10.849300 -0.008970 0.228426 0.973520 -0.097300 0.000000 0.000000 0.000000 1.000000
0.999835 -0.012643 0.013005 0.000200 0.015286 0.973294 -0.229055 10.849300 -0.009762 0.229216 0.973327 -0.097300 0.000000 0.000000 0.000000 1.000000
0.999859 -0.011929 0.011829 0.000200 0.014314 0.973517 -0.228166 10.849300 -0.008794 0.228303 0.973550 -0.097300 0.000000 0.000000 0.000000 1.000000
0.999871 -0.011633 0.011072 0.000200 0.013839 0.973917 -0.226481 10.849300 -0.008149 0.226605 0.973953 -0.097300 0.000000 0.000000 0.000000 1.000000
0.999833 -0.013178 0.012693 0.000200 0.015705 0.974026 -0.225892 10.849300 -0.009387 0.226054 0.974070 -0.097300 0.000000 0.000000 0.000000 1.000000
0.999805 -0.014645 0.013277 0.000200 0.017270 0.973912 -0.226268 10.849300 -0.009617 0.226453 0.973975 -0.097300 0.000000 0.000000 0.000000 1.000000
0.999826 -0.014581 0.011623 0.000200 0.016836 0.973861 -0.226521 10.849300 -0.008016 0.226677 0.973937 -0.097300 0.000000 0.000000 0.000000 1.000000
0.999847 -0.013825 0.010748 0.000200 0.015896 0.974027 -0.225874 10.849300 -0.007346 0.226010 0.974097 -0.097300 0.000000 0.000000 0.000000 1.000000
0.999865 -0.012292 0.010935 0.000200 0.014433 0.974398 -0.224366 10.849300 -0.007897 0.224493 0.974444 -0.097300 0.000000 0.000000 0.000000 1.000000
0.999898 -0.010360 0.009859 0.000200 0.012301 0.974676 -0.223283 10.849300 -0.007296 0.223381 0.974704 -0.097300 0.000000 0.000000 0.000000 1.000000
0.999927 -0.010045 0.006696 0.000200 0.011291 0.974468 -0.224242 10.849300 -0.004272 0.224302 0.974510 -0.097300 0.000000 0.000000 0.000000 1.000000
0.999924 -0.011659 0.004093 0.000200 0.012283 0.974076 -0.225889 10.849300 -0.001353 0.225922 0.974144 -0.097300 0.000000 0.000000 0.000000 1.000000
0.999889 -0.013959 0.005222 0.000200 0.014779 0.973905 -0.226476 10.849300 -0.001925 0.226528 0.974003 -0.097300 0.000000 0.000000 0.000000 1.000000
0.999859 -0.014743 0.008030 0.000200 0.016176 0.973999 -0.225976 10.849300 -0.004489 0.226074 0.974100 -0.097300 0.000000 0.000000 0.000000 1.000000
0.999887 -0.013082 0.007463 0.000200 0.014430 0.974034 -0.225942 10.849300 -0.004313 0.226024 0.974112 -0.097300 0.000000 0.000000 0.000000 1.000000
0.999929 -0.011009 0.004518 0.000200 0.011747 0.973902 -0.226663 10.849300 -0.001905 0.226700 0.973963 -0.097300 0.000000 0.000000 0.000000 1.000000
0.999924 -0.011491 0.004484 0.000200 0.012210 0.973726 -0.227396 10.849300 -0.001754 0.227433 0.973792 -0.097300 0.000000 0.000000 0.000000 1.000000
0.999873 -0.014392 0.006839 0.000200 0.015573 0.973438 -0.228421 10.849300 -0.003370 0.228499 0.973538 -0.097300 0.000000 0.000000 0.000000 1.000000
0.999821 -0.017498 0.007238 0.000200 0.018695 0.972891 -0.230506 10.849300 -0.003009 0.230600 0.973044 -0.097300 0.000000 0.000000 0.000000 1.000000
0.999794 -0.019232 0.006475 0.000200 0.020211 0.972276 -0.232962 10.849300 -0.001815 0.233045 0.972464 -0.097300 0.000000 0.000000 0.000000 1.000000
0.999780 -0.019364 0.008110 0.000200 0.020725 0.971954 -0.234255 10.849300 -0.003347 0.234372 0.972141 -0.097300 0.000000 0.000000 0.000000 1.000000
0.999773 -0.018484 0.010628 0.000200 0.020462 0.971885 -0.234565 10.849300 -0.005994 0.234729 0.972042 -0.097300 0.000000 0.000000 0.000000 1.000000
0.999794 -0.017334 0.010526 0.000200 0.019320 0.971919 -0.234522 10.849300 -0.006166 0.234677 0.972054 -0.097300 0.000000 0.000000 0.000000 1.000000
0.999793 -0.017544 0.010344 0.000200 0.019483 0.971864 -0.234737 10.849300 -0.005935 0.234890 0.972004 -0.097300 0.000000 0.000000 0.000000 1.000000
0.999707 -0.020209 0.013301 0.000200 0.022777 0.971524 -0.235843 10.849300 -0.008157 0.236077 0.971700 -0.097300 0.000000 0.000000 0.000000 1.000000
0.999561 -0.024404 0.016793 0.000200 0.027689 0.971141 -0.236893 10.849300 -0.010527 0.237254 0.971391 -0.097300 0.000000 0.000000 0.000000 1.000000
0.999380 -0.029503 0.019212 0.000200 0.033225 0.970822 -0.237488 10.849300 -0.011645 0.237979 0.971200 -0.097300 0.000000 0.000000 0.000000 1.000000
0.999089 -0.035860 0.023127 0.000200 0.040335 0.970531 -0.237577 10.849300 -0.013926 0.238293 0.971093 -0.097300 0.000000 0.000000 0.000000 1.000000
0.998697 -0.042441 0.028355 0.000200 0.047957 0.970417 -0.236625 10.849300 -0.017474 0.237677 0.971187 -0.097300 0.000000 0.000000 0.000000 1.000000
