<?xml version="1.0" encoding="utf-8"?>
<COLLADA xmlns="http://www.collada.org/2005/11/COLLADASchema" version="1.4.1">
  <asset><contributor><author>Mixamo</author><authoring_tool>COLLADA Mixamo exporter</authoring_tool><comments></comments></contributor><created>2018-10-30T16:24:44Z</created><modified>2018-10-30T16:24:44Z</modified><revision></revision><title></title><unit meter="0.010000"/><up_axis>Y_UP</up_axis></asset>
  <library_animations>
    <animation id="Hips-anim" name="Hips"><source id="Hips-Matrix-animation-input"><float_array id="Hips-Matrix-animation-input-array" count="56">

0.000000 0.033333 0.066667 0.100000 0.133333 0.166667 0.200000 0.233333 0.266667 0.300000 0.333333 0.366667 0.400000 0.433333 0.466667 0.500000
0.533333 0.566667 0.600000 0.633333 0.666667 0.700000 0.733333 0.766667 0.800000 0.833333 0.866667 0.900000 0.933333 0.966667 1.000000 1.033333
1.066667 1.100000 1.133333 1.166667 1.200000 1.233333 1.266667 1.300000 1.333333 1.366667 1.400000 1.433333 1.466667 1.500000 1.533333 1.566667
1.600000 1.633333 1.666667 1.700000 1.733333 1.766667 1.800000 1.833333</float_array><technique_common><accessor source="#Hips-Matrix-animation-input-array" count="56"><param name="TIME" type="float"/></accessor></technique_common></source><source id="Hips-Matrix-animation-output-transform"><float_array id="Hips-Matrix-animation-output-transform-array" count="896">

0.635007 -0.130461 -0.761411 -0.706141 0.045459 0.990239 -0.131756 102.139549 0.771168 0.049054 0.634739 0.531686 0.000000 0.000000 0.000000 1.000000
0.635223 -0.128191 -0.761616 -0.727850 0.045048 0.990600 -0.129160 102.110077 0.771014 0.047736 0.635026 0.510086 0.000000 0.000000 0.000000 1.000000
0.634076 -0.126011 -0.762935 -0.753076 0.044630 0.990952 -0.126579 102.149612 0.771982 0.046211 0.633962 0.511919 0.000000 0.000000 0.000000 1.000000
0.631399 -0.125059 -0.765307 -0.779071 0.044490 0.991127 -0.125255 102.315300 0.774181 0.045037 0.631361 0.550279 0.000000 0.000000 0.000000 1.000000
0.627689 -0.125171 -0.768335 -0.799226 0.044242 0.991129 -0.125323 102.599426 0.777206 0.044671 0.627659 0.614186 0.000000 0.000000 0.000000 1.000000
0.623406 -0.126356 -0.771621 -0.805676 0.044007 0.990962 -0.126720 102.991272 0.780659 0.045041 0.623332 0.713178 0.000000 0.000000 0.000000 1.000000
0.617975 -0.127958 -0.775715 -0.815705 0.043801 0.990737 -0.128534 103.475098 0.784976 0.045454 0.617856 0.853899 0.000000 0.000000 0.000000 1.000000
0.611935 -0.129470 -0.780239 -0.822593 0.043258 0.990513 -0.130435 104.006569 0.789724 0.046066 0.611730 1.032189 0.000000 0.000000 0.000000 1.000000
0.606369 -0.130490 -0.784404 -0.825109 0.042443 0.990349 -0.131940 104.568558 0.794050 0.046712 0.606055 1.232140 0.000000 0.000000 0.000000 1.000000
0.602109 -0.131674 -0.787482 -0.819714 0.042078 0.990170 -0.133392 105.118233 0.797305 0.047180 0.601730 1.447868 0.000000 0.000000 0.000000 1.000000
0.598980 -0.133356 -0.789582 -0.806753 0.042274 0.989926 -0.135124 105.605194 0.799648 0.047558 0.598583 1.653202 0.000000 0.000000 0.000000 1.000000
0.596042 -0.136525 -0.791261 -0.763448 0.043344 0.989473 -0.138075 106.008049 0.801782 0.048002 0.595685 1.831914 0.000000 0.000000 0.000000 1.000000
0.593366 -0.138180 -0.792983 -0.727616 0.043303 0.989208 -0.139971 106.350235 0.803767 0.048716 0.592947 2.008417 0.000000 0.000000 0.000000 1.000000
0.591229 -0.140122 -0.794238 -0.683394 0.043463 0.988896 -0.142111 106.608009 0.805332 0.049500 0.590754 2.168668 0.000000 0.000000 0.000000 1.000000
0.589316 -0.141506 -0.795414 -0.651850 0.043952 0.988699 -0.143328 106.807388 0.806706 0.049506 0.588875 2.326612 0.000000 0.000000 0.000000 1.000000
0.587580 -0.142200 -0.796573 -0.625583 0.044683 0.988637 -0.143527 106.953979 0.807931 0.048740 0.587257 2.473872 0.000000 0.000000 0.000000 1.000000
0.586004 -0.141946 -0.797779 -0.600857 0.045350 0.988739 -0.142612 107.064713 0.809038 0.047392 0.585842 2.591376 0.000000 0.000000 0.000000 1.000000
0.584480 -0.142503 -0.798797 -0.594068 0.046498 0.988722 -0.142363 107.167236 0.810075 0.046066 0.584514 2.692798 0.000000 0.000000 0.000000 1.000000
0.583300 -0.144231 -0.799349 -0.587455 0.047868 0.988502 -0.143431 107.264801 0.810845 0.045400 0.583497 2.754870 0.000000 0.000000 0.000000 1.000000
0.584075 -0.145423 -0.798567 -0.594191 0.049543 0.988373 -0.143752 107.369827 0.810186 0.044398 0.584488 2.801503 0.000000 0.000000 0.000000 1.000000
0.585598 -0.146232 -0.797303 -0.599740 0.050927 0.988287 -0.143855 107.482376 0.809001 0.043637 0.586186 2.820612 0.000000 0.000000 0.000000 1.000000
0.586996 -0.146976 -0.796137 -0.605062 0.051726 0.988182 -0.144292 107.585403 0.807936 0.043518 0.587661 2.795592 0.000000 0.000000 0.000000 1.000000
0.589411 -0.147122 -0.794323 -0.604837 0.052347 0.988166 -0.144182 107.681931 0.806135 0.043402 0.590137 2.746983 0.000000 0.000000 0.000000 1.000000
0.592507 -0.146641 -0.792106 -0.612001 0.052407 0.988226 -0.143746 107.745773 0.803859 0.043658 0.593215 2.670514 0.000000 0.000000 0.000000 1.000000
0.595791 -0.145496 -0.789851 -0.627369 0.052196 0.988389 -0.142696 107.774559 0.801442 0.043791 0.596468 2.587422 0.000000 0.000000 0.000000 1.000000
0.599247 -0.143895 -0.787526 -0.647187 0.052006 0.988633 -0.141067 107.760254 0.798873 0.043578 0.599918 2.516494 0.000000 0.000000 0.000000 1.000000
0.602127 -0.141939 -0.785682 -0.679843 0.051615 0.988932 -0.139101 107.705452 0.796730 0.043203 0.602789 2.454273 0.000000 0.000000 0.000000 1.000000
0.604845 -0.140057 -0.783930 -0.718881 0.051793 0.989247 -0.136777 107.594772 0.794657 0.042127 0.605595 2.397327 0.000000 0.000000 0.000000 1.000000
0.607383 -0.137984 -0.782334 -0.752449 0.052107 0.989599 -0.134085 107.421341 0.792698 0.040676 0.608255 2.318637 0.000000 0.000000 0.000000 1.000000
0.609608 -0.136470 -0.780867 -0.782362 0.052819 0.989873 -0.131763 107.169937 0.790941 0.039079 0.610643 2.212414 0.000000 0.000000 0.000000 1.000000
0.611951 -0.136263 -0.779069 -0.805175 0.054292 0.989960 -0.130504 106.861420 0.789030 0.037565 0.613205 2.077358 0.000000 0.000000 0.000000 1.000000
0.615509 -0.137213 -0.776094 -0.818732 0.056046 0.989856 -0.130556 106.520599 0.786135 0.036861 0.616955 1.926966 0.000000 0.000000 0.000000 1.000000
0.619687 -0.137189 -0.772766 -0.839825 0.057255 0.989883 -0.129821 106.161011 0.782758 0.036204 0.621273 1.783016 0.000000 0.000000 0.000000 1.000000
0.623122 -0.137112 -0.770013 -0.881044 0.058882 0.989944 -0.128624 105.802170 0.779905 0.034809 0.624929 1.654715 0.000000 0.000000 0.000000 1.000000
0.625782 -0.137785 -0.767732 -0.927280 0.060777 0.989895 -0.128118 105.438545 0.777627 0.033514 0.627832 1.537129 0.000000 0.000000 0.000000 1.000000
0.627798 -0.137395 -0.766154 -0.974601 0.062142 0.990003 -0.126617 105.117508 0.775892 0.031879 0.630060 1.441784 0.000000 0.000000 0.000000 1.000000
0.629392 -0.137396 -0.764846 -1.018960 0.064135 0.990072 -0.125078 104.826988 0.774437 0.029670 0.631955 1.373620 0.000000 0.000000 0.000000 1.000000
0.629738 -0.137329 -0.764572 -1.046308 0.065161 0.990119 -0.124171 104.580528 0.774069 0.028375 0.632464 1.298174 0.000000 0.000000 0.000000 1.000000
0.631197 -0.137114 -0.763407 -1.087696 0.066143 0.990181 -0.123156 104.339226 0.772797 0.027241 0.634068 1.256199 0.000000 0.000000 0.000000 1.000000
0.632866 -0.136850 -0.762071 -1.122976 0.066969 0.990242 -0.122210 104.121292 0.771360 0.026307 0.635855 1.222460 0.000000 0.000000 0.000000 1.000000
0.632077 -0.136354 -0.762815 -1.163772 0.066093 0.990296 -0.122251 103.924774 0.772082 0.026856 0.634955 1.149393 0.000000 0.000000 0.000000 1.000000
0.634089 -0.135843 -0.761235 -1.189047 0.066089 0.990367 -0.121681 103.757446 0.770431 0.026847 0.636958 1.097739 0.000000 0.000000 0.000000 1.000000
0.634491 -0.134997 -0.761050 -1.205514 0.064568 0.990445 -0.121857 103.597527 0.770228 0.028178 0.637145 1.021170 0.000000 0.000000 0.000000 1.000000
0.634051 -0.134957 -0.761424 -1.195433 0.062742 0.990385 -0.123292 103.446175 0.770742 0.030400 0.636422 0.932556 0.000000 0.000000 0.000000 1.000000
0.634139 -0.134871 -0.761365 -1.171243 0.060988 0.990327 -0.124633 103.299454 0.770810 0.032601 0.636231 0.846075 0.000000 0.000000 0.000000 1.000000
0.634333 -0.134324 -0.761301 -1.120287 0.058592 0.990310 -0.125910 103.138763 0.770837 0.035263 0.636056 0.753514 0.000000 0.000000 0.000000 1.000000
0.634348 -0.133931 -0.761357 -1.073949 0.056324 0.990267 -0.127271 102.969254 0.770993 0.037851 0.635718 0.669438 0.000000 0.000000 0.000000 1.000000
0.633745 -0.133365 -0.761959 -1.015215 0.054212 0.990261 -0.128234 102.795532 0.771640 0.039961 0.634803 0.590339 0.000000 0.000000 0.000000 1.000000
0.632823 -0.132058 -0.762952 -0.958486 0.052020 0.990374 -0.128274 102.652122 0.772547 0.041486 0.633601 0.533228 0.000000 0.000000 0.000000 1.000000
0.631882 -0.130947 -0.763923 -0.897852 0.049813 0.990448 -0.128574 102.526596 0.773462 0.043190 0.632369 0.488327 0.000000 0.000000 0.000000 1.000000
0.631824 -0.130986 -0.763964 -0.830772 0.048651 0.990376 -0.129570 102.417488 0.773583 0.044698 0.632116 0.464862 0.000000 0.000000 0.000000 1.000000
0.632330 -0.131328 -0.763487 -0.763835 0.048006 0.990275 -0.130579 102.328796 0.773211 0.045917 0.632485 0.463905 0.000000 0.000000 0.000000 1.000000
0.632665 -0.131339 -0.763207 -0.715239 0.047299 0.990227 -0.131197 102.256149 0.772979 0.046905 0.632695 0.466839 0.000000 0.000000 0.000000 1.000000
0.633020 -0.131359 -0.762909 -0.689951 0.046693 0.990183 -0.131749 102.198364 0.772726 0.047777 0.632939 0.479259 0.000000 0.000000 0.000000 1.000000
0.633586 -0.131267 -0.762455 -0.684809 0.046147 0.990159 -0.132122 102.150963 0.772295 0.048526 0.633408 0.498298 0.000000 0.000000 0.000000 1.000000
0.635007 -0.130461 -0.761411 -0.706142 0.045459 0.990239 -0.131756 102.139511 0.771168 0.049053 0.634740 0.531677 0.000000 0.000000 0.000000 1.000000</float_array><technique_common><accessor source="#Hips-Matrix-animation-output-transform-array" count="56" stride="16"><param type="float4x4"/></accessor></technique_common></source><source id="Hips-Interpolations"><Name_array id="Hips-Interpolations-array" count="56">
 LINEAR LINEAR LINEAR LINEAR LINEAR LINEAR LINEAR LINEAR LINEAR LINEAR LINEAR
LINEAR LINEAR LINEAR LINEAR LINEAR LINEAR LINEAR LINEAR LINEAR LINEAR LINEAR LINEAR
LINEAR LINEAR LINEAR LINEAR LINEAR LINEAR LINEAR LINEAR LINEAR LINEAR LINEAR LINEAR
LINEAR LINEAR LINEAR LINEAR LINEAR LINEAR LINEAR LINEAR LINEAR LINEAR LINEAR LINEAR
LINEAR LINEAR LINEAR LINEAR LINEAR LINEAR LINEAR LINEAR LINEAR</Name_array><technique_common><accessor source="#Hips-Interpolations-array" count="56"><param type="name"/></accessor></technique_common></source><sampler id="Hips-Matrix-animation-transform"><input semantic="INPUT" source="#Hips-Matrix-animation-input"/><input semantic="OUTPUT" source="#Hips-Matrix-animation-output-transform"/><input semantic="INTERPOLATION" source="#Hips-Interpolations"/></sampler><channel source="#Hips-Matrix-animation-transform" target="Hips/matrix"/></animation>
    <animation id="Spine-anim" name="Spine"><source id="Spine-Matrix-animation-input"><float_array id="Spine-Matrix-animation-input-array" count="56">

0.000000 0.033333 0.066667 0.100000 0.133333 0.166667 0.200000 0.233333 0.266667 0.300000 0.333333 0.366667 0.400000 0.433333 0.466667 0.500000
0.533333 0.566667 0.600000 0.633333 0.666667 0.700000 0.733333 0.766667 0.800000 0.833333 0.866667 0.900000 0.933333 0.966667 1.000000 1.033333
1.066667 1.100000 1.133333 1.166667 1.200000 1.233333 1.266667 1.300000 1.333333 1.366667 1.400000 1.433333 1.466667 1.500000 1.533333 1.566667
1.600000 1.633333 1.666667 1.700000 1.733333 1.766667 1.800000 1.833333</float_array><technique_common><accessor source="#Spine-Matrix-animation-input-array" count="56"><param name="TIME" type="float"/></accessor></technique_common></source><source id="Spine-Matrix-animation-output-transform"><float_array id="Spine-Matrix-animation-output-transform-array" count="896">

0.997890 0.041135 0.050237 0.000200 -0.030864 0.981226 -0.190377 10.849300 -0.057125 0.188425 0.980425 -0.097300 0.000000 0.000000 0.000000 1.000000
0.997867 0.041181 0.050650 0.000200 -0.030778 0.981054 -0.191275 10.849300 -0.057567 0.189308 0.980229 -0.097300 0.000000 0.000000 0.000000 1.000000
0.997848 0.041453 0.050811 0.000200 -0.030996 0.980981 -0.191613 10.849300 -0.057787 0.189625 0.980155 -0.097300 0.000000 0.000000 0.000000 1.000000
0.997830 0.041849 0.050827 0.000200 -0.031421 0.981098 -0.190945 10.849300 -0.057857 0.188934 0.980284 -0.097300 0.000000 0.000000 0.000000 1.000000
0.997823 0.042276 0.050614 0.000200 -0.031982 0.981412 -0.189227 10.849300 -0.057673 0.187196 0.980628 -0.097300 0.000000 0.000000 0.000000 1.000000
0.997837 0.042614 0.050047 0.000200 -0.032564 0.981863 -0.186775 10.849300 -0.057098 0.184742 0.981127 -0.097300 0.000000 0.000000 0.000000 1.000000
0.997826 0.043200 0.049769 0.000200 -0.033361 0.982388 -0.183848 10.849300 -0.056835 0.181788 0.981694 -0.097300 0.000000 0.000000 0.000000 1.000000
0.997812 0.043719 0.049596 0.000200 -0.034071 0.982900 -0.180962 10.849300 -0.056659 0.178876 0.982239 -0.097300 0.000000 0.000000 0.000000 1.000000
0.997807 0.043983 0.049463 0.000200 -0.034514 0.983390 -0.178195 10.849300 -0.056479 0.176097 0.982751 -0.097300 0.000000 0.000000 0.000000 1.000000
0.997817 0.044051 0.049200 0.000200 -0.034774 0.983844 -0.175620 10.849300 -0.056142 0.173526 0.983228 -0.097300 0.000000 0.000000 0.000000 1.000000
0.997841 0.044127 0.048640 0.000200 -0.035078 0.984246 -0.173290 10.849300 -0.055521 0.171209 0.983669 -0.097300 0.000000 0.000000 0.000000 1.000000
0.997860 0.043971 0.048399 0.000200 -0.035117 0.984712 -0.170611 10.849300 -0.055161 0.168546 0.984149 -0.097300 0.000000 0.000000 0.000000 1.000000
0.997888 0.043311 0.048403 0.000200 -0.034590 0.985118 -0.168362 10.849300 -0.054974 0.166333 0.984536 -0.097300 0.000000 0.000000 0.000000 1.000000
0.997913 0.042750 0.048391 0.000200 -0.034146 0.985463 -0.166421 10.849300 -0.054802 0.164421 0.984867 -0.097300 0.000000 0.000000 0.000000 1.000000
0.997926 0.042488 0.048353 0.000200 -0.033990 0.985760 -0.164686 10.849300 -0.054662 0.162701 0.985160 -0.097300 0.000000 0.000000 0.000000 1.000000
0.997937 0.042174 0.048401 0.000200 -0.033756 0.986016 -0.163194 10.849300 -0.054607 0.161224 0.985406 -0.097300 0.000000 0.000000 0.000000 1.000000
0.997949 0.041682 0.048586 0.000200 -0.033297 0.986203 -0.162157 10.849300 -0.054675 0.160207 0.985568 -0.097300 0.000000 0.000000 0.000000 1.000000
0.997947 0.041473 0.048801 0.000200 -0.033161 0.986518 -0.160258 10.849300 -0.054790 0.158311 0.985868 -0.097300 0.000000 0.000000 0.000000 1.000000
0.997941 0.041453 0.048943 0.000200 -0.033243 0.986874 -0.158035 10.849300 -0.054851 0.156083 0.986220 -0.097300 0.000000 0.000000 0.000000 1.000000
0.997942 0.041453 0.048922 0.000200 -0.033360 0.987198 -0.155971 10.849300 -0.054761 0.154018 0.986549 -0.097300 0.000000 0.000000 0.000000 1.000000
0.997944 0.041362 0.048960 0.000200 -0.033363 0.987475 -0.154209 10.849300 -0.054725 0.152258 0.986824 -0.097300 0.000000 0.000000 0.000000 1.000000
0.997931 0.041290 0.049285 0.000200 -0.033333 0.987731 -0.152568 10.849300 -0.054980 0.150609 0.987063 -0.097300 0.000000 0.000000 0.000000 1.000000
0.997928 0.041140 0.049470 0.000200 -0.033232 0.987941 -0.151224 10.849300 -0.055095 0.149267 0.987261 -0.097300 0.000000 0.000000 0.000000 1.000000
0.997929 0.040982 0.049581 0.000200 -0.033127 0.988132 -0.149994 10.849300 -0.055140 0.148040 0.987443 -0.097300 0.000000 0.000000 0.000000 1.000000
0.997930 0.040839 0.049688 0.000200 -0.033033 0.988306 -0.148862 10.849300 -0.055186 0.146913 0.987609 -0.097300 0.000000 0.000000 0.000000 1.000000
0.997928 0.040662 0.049864 0.000200 -0.032882 0.988446 -0.147965 10.849300 -0.055304 0.146019 0.987735 -0.097300 0.000000 0.000000 0.000000 1.000000
0.997922 0.040296 0.050284 0.000200 -0.032521 0.988623 -0.146858 10.849300 -0.055630 0.144917 0.987879 -0.097300 0.000000 0.000000 0.000000 1.000000
0.997918 0.039979 0.050600 0.000200 -0.032194 0.988720 -0.146274 10.849300 -0.055878 0.144340 0.987949 -0.097300 0.000000 0.000000 0.000000 1.000000
0.997915 0.039758 0.050844 0.000200 -0.031918 0.988673 -0.146655 10.849300 -0.056099 0.144727 0.987880 -0.097300 0.000000 0.000000 0.000000 1.000000
0.997904 0.039822 0.051000 0.000200 -0.031882 0.988475 -0.147990 10.849300 -0.056305 0.146054 0.987673 -0.097300 0.000000 0.000000 0.000000 1.000000
0.997889 0.040274 0.050947 0.000200 -0.032230 0.988178 -0.149883 10.849300 -0.056381 0.147924 0.987390 -0.097300 0.000000 0.000000 0.000000 1.000000
0.997899 0.040672 0.050433 0.000200 -0.032564 0.987800 -0.152287 10.849300 -0.056011 0.150325 0.987049 -0.097300 0.000000 0.000000 0.000000 1.000000
0.997928 0.040603 0.049910 0.000200 -0.032394 0.987305 -0.155496 10.849300 -0.055590 0.153557 0.986575 -0.097300 0.000000 0.000000 0.000000 1.000000
0.997929 0.040838 0.049699 0.000200 -0.032482 0.986802 -0.158641 10.849300 -0.055522 0.156698 0.986085 -0.097300 0.000000 0.000000 0.000000 1.000000
0.997912 0.041393 0.049571 0.000200 -0.032891 0.986326 -0.161488 10.849300 -0.055578 0.159521 0.985629 -0.097300 0.000000 0.000000 0.000000 1.000000
0.997926 0.041512 0.049191 0.000200 -0.032900 0.985829 -0.164495 10.849300 -0.055322 0.162536 0.985151 -0.097300 0.000000 0.000000 0.000000 1.000000
0.997888 0.042277 0.049311 0.000200 -0.033487 0.985363 -0.167148 10.849300 -0.055656 0.165144 0.984698 -0.097300 0.000000 0.000000 0.000000 1.000000
0.997879 0.042653 0.049182 0.000200 -0.033752 0.984968 -0.169405 10.849300 -0.055668 0.167386 0.984319 -0.097300 0.000000 0.000000 0.000000 1.000000
0.997886 0.042876 0.048829 0.000200 -0.033914 0.984602 -0.171490 10.849300 -0.055430 0.169472 0.983975 -0.097300 0.000000 0.000000 0.000000 1.000000
0.997886 0.043056 0.048685 0.000200 -0.034011 0.984272 -0.173357 10.849300 -0.055383 0.171335 0.983655 -0.097300 0.000000 0.000000 0.000000 1.000000
0.997867 0.043207 0.048926 0.000200 -0.034037 0.984018 -0.174788 10.849300 -0.055696 0.172750 0.983390 -0.097300 0.000000 0.000000 0.000000 1.000000
0.997915 0.043197 0.047954 0.000200 -0.034083 0.983656 -0.176802 10.849300 -0.054808 0.174799 0.983077 -0.097300 0.000000 0.000000 0.000000 1.000000
0.997920 0.043086 0.047961 0.000200 -0.033886 0.983380 -0.178367 10.849300 -0.054849 0.176371 0.982794 -0.097300 0.000000 0.000000 0.000000 1.000000
0.997916 0.042946 0.048158 0.000200 -0.033643 0.983161 -0.179620 10.849300 -0.055061 0.177625 0.982557 -0.097300 0.000000 0.000000 0.000000 1.000000
0.997929 0.042709 0.048100 0.000200 -0.033348 0.982936 -0.180899 10.849300 -0.055005 0.178921 0.982325 -0.097300 0.000000 0.000000 0.000000 1.000000
0.997956 0.042135 0.048048 0.000200 -0.032704 0.982668 -0.182465 10.849300 -0.054903 0.180521 0.982038 -0.097300 0.000000 0.000000 0.000000 1.000000
0.997963 0.041981 0.048034 0.000200 -0.032496 0.982478 -0.183525 10.849300 -0.054897 0.181590 0.981841 -0.097300 0.000000 0.000000 0.000000 1.000000
0.997959 0.041801 0.048275 0.000200 -0.032193 0.982214 -0.184983 10.849300 -0.055149 0.183051 0.981555 -0.097300 0.000000 0.000000 0.000000 1.000000
0.997953 0.041478 0.048682 0.000200 -0.031712 0.981933 -0.186551 10.849300 -0.055540 0.184625 0.981238 -0.097300 0.000000 0.000000 0.000000 1.000000
0.997949 0.041167 0.049027 0.000200 -0.031271 0.981709 -0.187800 10.849300 -0.055861 0.185881 0.980983 -0.097300 0.000000 0.000000 0.000000 1.000000
0.997947 0.041076 0.049136 0.000200 -0.031125 0.981593 -0.188430 10.849300 -0.055972 0.186514 0.980857 -0.097300 0.000000 0.000000 0.000000 1.000000
0.997933 0.041128 0.049385 0.000200 -0.031094 0.981475 -0.189049 10.849300 -0.056245 0.187122 0.980725 -0.097300 0.000000 0.000000 0.000000 1.000000
0.997924 0.041168 0.049535 0.000200 -0.031070 0.981359 -0.189654 10.849300 -0.056419 0.187722 0.980601 -0.097300 0.000000 0.000000 0.000000 1.000000
0.997917 0.041188 0.049648 0.000200 -0.031043 0.981272 -0.190108 10.849300 -0.056549 0.188171 0.980507 -0.097300 0.000000 0.000000 0.000000 1.000000
0.997907 0.041205 0.049841 0.000200 -0.031010 0.981229 -0.190338 10.849300 -0.056748 0.188394 0.980453 -0.097300 0.000000 0.000000 0.000000 1.000000
0.997890 0.041136 0.050237 0.000200 -0.030865 0.981226 -0.190377 10.849300 -0.057125 0.188425 0.980425 -0.097300 0.000000 0.000000 0.000000 1.000000</float_array><technique_common><accessor source="#Spine-Matrix-animation-output-transform-array" count="56" stride="16"><param type="float4x4"/></accessor></technique_common></source><source id="Spine-Interpolations"><Name_array id="Spine-Interpolations-array" count="56">
 LINEAR LINEAR LINEAR LINEAR LINEAR LINEAR LINEAR LINEAR LINEAR LINEAR LINEAR
LINEAR LINEAR LINEAR LINEAR LINEAR LINEAR LINEAR LINEAR LINEAR LINEAR LINEAR LINEAR
LINEAR LINEAR LINEAR LINEAR LINEAR LINEAR LINEAR LINEAR LINEAR LINEAR LINEAR LINEAR
LINEAR LINEAR LINEAR LINEAR LINEAR LINEAR LINEAR LINEAR LINEAR LINEAR LINEAR LINEAR
LINEAR LINEAR LINEAR LINEAR LINEAR LINEAR LINEAR LINEAR LINEAR</Name_array><technique_common><accessor source="#Spine-Interpolations-array" count="56"><param type="name"/></accessor></technique_common></source><sampler id="Spine-Matrix-animation-transform"><input semantic="INPUT" source="#Spine-Matrix-animation-input"/><input semantic="OUTPUT" source="#Spine-Matrix-animation-output-transform"/><input semantic="INTERPOLATION" source="#Spine-Interpolations"/></sampler><channel source="#Spine-Matrix-animation-transform" target="Spine/matrix"/></animation>
    <animation id="Spine1-anim" name="Spine1"><source id="Spine1-Matrix-animation-input"><float_array id="Spine1-Matrix-animation-input-array" count="56">

0.000000 0.033333 0.066667 0.100000 0.133333 0.166667 0.200000 0.233333 0.266667 0.300000 0.333333 0.366667 0.400000 0.433333 0.466667 0.500000
0.533333 0.566667 0.600000 0.633333 0.666667 0.700000 0.733333 0.766667 0.800000 0.833333 0.866667 0.900000 0.933333 0.966667 1.000000 1.033333
1.066667 1.100000 1.133333 1.166667 1.200000 1.233333 1.266667 1.300000 1.333333 1.366667 1.400000 1.433333 1.466667 1.500000 1.533333 1.566667
1.600000 1.633333 1.666667 1.700000 1.733333 1.766667 1.800000 1.833333</float_array><technique_common><accessor source="#Spine1-Matrix-animation-input-array" count="56"><param name="TIME" type="float"/></accessor></technique_common></source><source id="Spine1-Matrix-animation-output-transform"><float_array id="Spine1-Matrix-animation-output-transform-array" count="896">

0.992503 0.074360 0.097001 0.000000 -0.064009 0.992328 -0.105775 12.657500 -0.104123 0.098773 0.989648 -0.113600 0.000000 0.000000 0.000000 1.000000
0.992449 0.074546 0.097403 0.000000 -0.063996 0.992167 -0.107281 12.657500 -0.104637 0.100238 0.989446 -0.113600 0.000000 0.000000 0.000000 1.000000
0.992461 0.075009 0.096924 -0.000000 -0.064510 0.992136 -0.107259 12.657500 -0.104207 0.100198 0.989495 -0.113600 0.000000 0.000000 0.000000 1.000000
0.992408 0.075917 0.096760 -0.000000 -0.065600 0.992235 -0.105674 12.657500 -0.104031 0.098524 0.989682 -0.113600 0.000000 0.000000 0.000000 1.000000
0.992298 0.076790 0.097198 0.000000 -0.066707 0.992437 -0.103048 12.657500 -0.104376 0.095771 0.989916 -0.113600 0.000000 0.000000 0.000000 1.000000
0.992199 0.077970 0.097269 0.000000 -0.068336 0.992765 -0.098727 12.657500 -0.104263 0.091310 0.990349 -0.113600 0.000000 0.000000 0.000000 1.000000
0.992098 0.079205 0.097307 -0.000000 -0.070102 0.993134 -0.093653 12.657500 -0.104057 0.086092 0.990838 -0.113600 0.000000 0.000000 0.000000 1.000000
0.991974 0.080672 0.097359 0.000000 -0.072142 0.993490 -0.088163 12.657500 -0.103837 0.080432 0.991337 -0.113600 0.000000 0.000000 0.000000 1.000000
0.991908 0.081584 0.097275 0.000000 -0.073594 0.993822 -0.083074 12.657500 -0.103452 0.075243 0.991784 -0.113600 0.000000 0.000000 0.000000 1.000000
0.991925 0.081935 0.096802 -0.000000 -0.074484 0.994149 -0.078231 12.657500 -0.102646 0.070390 0.992224 -0.113600 0.000000 0.000000 0.000000 1.000000
0.991984 0.081958 0.096184 -0.000000 -0.075011 0.994452 -0.073750 12.657500 -0.101695 0.065944 0.992628 -0.113600 0.000000 0.000000 0.000000 1.000000
0.992011 0.082478 0.095458 0.000000 -0.076161 0.994772 -0.068026 12.657500 -0.100569 0.060213 0.993106 -0.113600 0.000000 0.000000 0.000000 1.000000
0.992063 0.082319 0.095046 0.000000 -0.076521 0.995068 -0.063123 12.657500 -0.099773 0.055349 0.993470 -0.113600 0.000000 0.000000 0.000000 1.000000
0.992129 0.082009 0.094624 0.000000 -0.076699 0.995339 -0.058456 12.657500 -0.098977 0.050738 0.993795 -0.113600 0.000000 0.000000 0.000000 1.000000
0.992201 0.081318 0.094466 0.000000 -0.076349 0.995559 -0.055082 12.657500 -0.098525 0.047440 0.994003 -0.113600 0.000000 0.000000 0.000000 1.000000
0.992255 0.080540 0.094572 0.000000 -0.075834 0.995745 -0.052350 12.657500 -0.098386 0.044773 0.994141 -0.113600 0.000000 0.000000 0.000000 1.000000
0.992282 0.079689 0.095006 -0.000000 -0.075303 0.995961 -0.048895 12.657500 -0.098519 0.041363 0.994275 -0.113600 0.000000 0.000000 0.000000 1.000000
0.992292 0.079056 0.095429 0.000000 -0.075013 0.996156 -0.045243 12.657500 -0.098639 0.037736 0.994408 -0.113600 0.000000 0.000000 0.000000 1.000000
0.992272 0.078638 0.095983 0.000000 -0.075037 0.996355 -0.040568 12.657500 -0.098824 0.033052 0.994556 -0.113600 0.000000 0.000000 0.000000 1.000000
0.992308 0.078207 0.095963 0.000000 -0.075004 0.996513 -0.036549 12.657500 -0.098487 0.029070 0.994714 -0.113600 0.000000 0.000000 0.000000 1.000000
0.992337 0.077681 0.096091 0.000000 -0.074866 0.996662 -0.032564 12.657500 -0.098300 0.025120 0.994840 -0.113600 0.000000 0.000000 0.000000 1.000000
0.992380 0.076883 0.096281 -0.000000 -0.074447 0.996813 -0.028650 12.657500 -0.098177 0.021264 0.994942 -0.113600 0.000000 0.000000 0.000000 1.000000
0.992418 0.076168 0.096460 -0.000000 -0.074048 0.996932 -0.025375 12.657500 -0.098097 0.018040 0.995013 -0.113600 0.000000 0.000000 0.000000 1.000000
0.992459 0.075338 0.096690 0.000000 -0.073494 0.997042 -0.022493 12.657500 -0.098098 0.015217 0.995060 -0.113600 0.000000 0.000000 0.000000 1.000000
0.992481 0.074521 0.097093 0.000000 -0.072883 0.997134 -0.020310 12.657500 -0.098329 0.013081 0.995068 -0.113600 0.000000 0.000000 0.000000 1.000000
0.992512 0.073812 0.097326 0.000000 -0.072339 0.997207 -0.018579 12.657500 -0.098426 0.011399 0.995079 -0.113600 0.000000 0.000000 0.000000 1.000000
0.992503 0.073325 0.097779 0.000000 -0.071920 0.997251 -0.017818 12.657500 -0.098816 0.010653 0.995049 -0.113600 0.000000 0.000000 0.000000 1.000000
0.992469 0.073249 0.098186 0.000000 -0.071810 0.997254 -0.018120 12.657500 -0.099244 0.010933 0.995003 -0.113600 0.000000 0.000000 0.000000 1.000000
0.992421 0.073422 0.098539 0.000000 -0.071808 0.997221 -0.019839 12.657500 -0.099721 0.012612 0.994935 -0.113600 0.000000 0.000000 0.000000 1.000000
0.992367 0.073735 0.098852 -0.000000 -0.071866 0.997164 -0.022344 12.657500 -0.100220 0.015069 0.994851 -0.113600 0.000000 0.000000 0.000000 1.000000
0.992339 0.074070 0.098877 0.000000 -0.071862 0.997083 -0.025710 12.657500 -0.100493 0.018408 0.994768 -0.113600 0.000000 0.000000 0.000000 1.000000
0.992395 0.074017 0.098355 0.000000 -0.071489 0.997020 -0.028995 12.657500 -0.100208 0.021744 0.994729 -0.113600 0.000000 0.000000 0.000000 1.000000
0.992521 0.073502 0.097462 -0.000000 -0.070595 0.996960 -0.032959 12.657500 -0.099589 0.025832 0.994693 -0.113600 0.000000 0.000000 0.000000 1.000000
0.992623 0.073333 0.096555 0.000000 -0.069951 0.996828 -0.037956 12.657500 -0.099032 0.030922 0.994604 -0.113600 0.000000 0.000000 0.000000 1.000000
0.992690 0.073284 0.095897 0.000000 -0.069455 0.996672 -0.042681 12.657500 -0.098706 0.035709 0.994476 -0.113600 0.000000 0.000000 0.000000 1.000000
0.992698 0.072882 0.096119 0.000000 -0.068467 0.996475 -0.048467 12.657500 -0.099312 0.041532 0.994189 -0.113600 0.000000 0.000000 0.000000 1.000000
0.992705 0.073193 0.095812 0.000000 -0.068249 0.996211 -0.053898 12.657500 -0.099394 0.046966 0.993939 -0.113600 0.000000 0.000000 0.000000 1.000000
0.992631 0.073995 0.095956 0.000000 -0.068541 0.995905 -0.058946 12.657500 -0.099925 0.051935 0.993639 -0.113600 0.000000 0.000000 0.000000 1.000000
0.992644 0.074603 0.095353 -0.000000 -0.068774 0.995639 -0.063028 12.657500 -0.099639 0.056007 0.993446 -0.113600 0.000000 0.000000 0.000000 1.000000
0.992700 0.074961 0.094485 -0.000000 -0.068772 0.995371 -0.067141 12.657500 -0.099080 0.060153 0.993260 -0.113600 0.000000 0.000000 0.000000 1.000000
0.992656 0.074898 0.094997 0.000000 -0.068287 0.995133 -0.071037 12.657500 -0.099855 0.064029 0.992940 -0.113600 0.000000 0.000000 0.000000 1.000000
0.992713 0.075297 0.094079 -0.000000 -0.068392 0.994867 -0.074585 12.657500 -0.099212 0.067608 0.992767 -0.113600 0.000000 0.000000 0.000000 1.000000
0.992763 0.075060 0.093746 -0.000000 -0.067852 0.994654 -0.077846 12.657500 -0.099088 0.070922 0.992548 -0.113600 0.000000 0.000000 0.000000 1.000000
0.992795 0.074650 0.093733 -0.000000 -0.067176 0.994487 -0.080512 12.657500 -0.099226 0.073635 0.992337 -0.113600 0.000000 0.000000 0.000000 1.000000
0.992844 0.074160 0.093604 0.000000 -0.066401 0.994297 -0.083450 12.657500 -0.099259 0.076637 0.992106 -0.113600 0.000000 0.000000 0.000000 1.000000
0.992882 0.073510 0.093715 -0.000000 -0.065490 0.994144 -0.085956 12.657500 -0.099485 0.079207 0.991882 -0.113600 0.000000 0.000000 0.000000 1.000000
0.992922 0.072710 0.093913 0.000000 -0.064410 0.993985 -0.088579 12.657500 -0.099788 0.081903 0.991632 -0.113600 0.000000 0.000000 0.000000 1.000000
0.992932 0.072245 0.094159 0.000000 -0.063648 0.993786 -0.091311 12.657500 -0.100171 0.084673 0.991361 -0.113600 0.000000 0.000000 0.000000 1.000000
0.992890 0.072117 0.094700 0.000000 -0.063160 0.993530 -0.094391 12.657500 -0.100894 0.087738 0.991021 -0.113600 0.000000 0.000000 0.000000 1.000000
0.992814 0.072058 0.095539 -0.000000 -0.062766 0.993309 -0.096940 12.657500 -0.101885 0.090247 0.990694 -0.113600 0.000000 0.000000 0.000000 1.000000
0.992781 0.072022 0.095906 -0.000000 -0.062455 0.993098 -0.099275 12.657500 -0.102394 0.092569 0.990427 -0.113600 0.000000 0.000000 0.000000 1.000000
0.992792 0.072141 0.095711 0.000000 -0.062416 0.992928 -0.100983 12.657500 -0.102319 0.094282 0.990274 -0.113600 0.000000 0.000000 0.000000 1.000000
0.992734 0.072651 0.095917 0.000000 -0.062742 0.992746 -0.102565 12.657500 -0.102673 0.095802 0.990091 -0.113600 0.000000 0.000000 0.000000 1.000000
0.992662 0.073270 0.096193 0.000000 -0.063194 0.992576 -0.103921 12.657500 -0.103093 0.097079 0.989923 -0.113600 0.000000 0.000000 0.000000 1.000000
0.992585 0.073851 0.096548 0.000000 -0.063621 0.992430 -0.105051 12.657500 -0.103575 0.098130 0.989769 -0.113600 0.000000 0.000000 0.000000 1.000000
0.992503 0.074360 0.097001 0.000000 -0.064009 0.992328 -0.105775 12.657500 -0.104123 0.098773 0.989648 -0.113600 0.000000 0.000000 0.000000 1.000000</float_array><technique_common><accessor source="#Spine1-Matrix-animation-output-transform-array" count="56" stride="16"><param type="float4x4"/></accessor></technique_common></source><source id="Spine1-Interpolations"><Name_array id="Spine1-Interpolations-array" count="56">
 LINEAR LINEAR LINEAR LINEAR LINEAR LINEAR LINEAR LINEAR LINEAR LINEAR LINEAR
LINEAR LINEAR LINEAR LINEAR LINEAR LINEAR LINEAR LINEAR LINEAR LINEAR LINEAR LINEAR
LINEAR LINEAR LINEAR LINEAR LINEAR LINEAR LINEAR LINEAR LINEAR LINEAR LINEAR LINEAR
LINEAR LINEAR LINEAR LINEAR LINEAR LINEAR LINEAR LINEAR LINEAR LINEAR LINEAR LINEAR
LINEAR LINEAR LINEAR LINEAR LINEAR LINEAR LINEAR LINEAR LINEAR</Name_array><technique_common><accessor source="#Spine1-Interpolations-array" count="56"><param type="name"/></accessor></technique_common></source><sampler id="Spine1-Matrix-animation-transform"><input semantic="INPUT" source="#Spine1-Matrix-animation-input"/><input semantic="OUTPUT" source="#Spine1-Matrix-animation-output-transform"/><input semantic="INTERPOLATION" source="#Spine1-Interpolations"/></sampler><channel source="#Spine1-Matrix-animation-transform" target="Spine1/matrix"/></animation>
    <animation id="Spine2-anim" name="Spine2"><source id="Spine2-Matrix-animation-input"><float_array id="Spine2-Matrix-animation-input-array" count="56">

0.000000 0.033333 0.066667 0.100000 0.133333 0.166667 0.200000 0.233333 0.266667 0.300000 0.333333 0.366667 0.400000 0.433333 0.466667 0.500000
0.533333 0.566667 0.600000 0.633333 0.666667 0.700000 0.733333 0.766667 0.800000 0.833333 0.866667 0.900000 0.933333 0.966667 1.000000 1.033333
1.066667 1.100000 1.133333 1.166667 1.200000 1.233333 1.266667 1.300000 1.333333 1.366667 1.400000 1.433333 1.466667 1.500000 1.533333 1.566667
1.600000 1.633333 1.666667 1.700000 1.733333 1.766667 1.800000 1.833333</float_array><technique_common><accessor source="#Spine2-Matrix-animation-input-array" count="56"><param name="TIME" type="float"/></accessor></technique_common></source><source id="Spine2-Matrix-animation-output-transform"><float_array id="Spine2-Matrix-animation-output-transform-array" count="896">

0.992503 0.052817 0.110223 -0.000000 -0.063968 0.992907 0.100215 14.465700 -0.104148 -0.106514 0.988842 -0.129800 0.000000 0.000000 0.000000 1.000000
0.992451 0.052903 0.110645 0.000000 -0.063939 0.993061 0.098699 14.465700 -0.104656 -0.105028 0.988947 -0.129800 0.000000 0.000000 0.000000 1.000000
0.992466 0.053437 0.110252 -0.000000 -0.064432 0.993030 0.098696 14.465700 -0.104210 -0.105056 0.988991 -0.129800 0.000000 0.000000 0.000000 1.000000
0.992414 0.054365 0.110264 0.000000 -0.065525 0.992802 0.100257 14.465700 -0.104020 -0.106721 0.988833 -0.129800 0.000000 0.000000 0.000000 1.000000
0.992299 0.055133 0.110918 0.000000 -0.066644 0.992456 0.102907 14.465700 -0.104408 -0.109507 0.988487 -0.129800 0.000000 0.000000 0.000000 1.000000
0.992196 0.056338 0.111231 0.000000 -0.068339 0.991885 0.107212 14.465700 -0.104288 -0.113977 0.987995 -0.129800 0.000000 0.000000 0.000000 1.000000
0.992091 0.057508 0.111574 0.000000 -0.070086 0.991200 0.112298 14.465700 -0.104134 -0.119229 0.987391 -0.129800 0.000000 0.000000 0.000000 1.000000
0.991970 0.058925 0.111911 -0.000000 -0.072118 0.990421 0.117754 14.465700 -0.103900 -0.124879 0.986717 -0.129800 0.000000 0.000000 0.000000 1.000000
0.991901 0.059792 0.112056 -0.000000 -0.073534 0.989702 0.122816 14.465700 -0.103559 -0.130061 0.986083 -0.129800 0.000000 0.000000 0.000000 1.000000
0.991919 0.060192 0.111690 -0.000000 -0.074389 0.989026 0.127645 14.465700 -0.102781 -0.134922 0.985511 -0.129800 0.000000 0.000000 0.000000 1.000000
0.991971 0.060344 0.111136 0.000000 -0.074933 0.988393 0.132156 14.465700 -0.101871 -0.139422 0.984979 -0.129800 0.000000 0.000000 0.000000 1.000000
0.992005 0.061008 0.110474 -0.000000 -0.076075 0.987540 0.137759 14.465700 -0.100693 -0.145062 0.984286 -0.129800 0.000000 0.000000 0.000000 1.000000
0.992065 0.060945 0.109966 0.000000 -0.076422 0.986836 0.142529 14.465700 -0.099832 -0.149801 0.983663 -0.129800 0.000000 0.000000 0.000000 1.000000
0.992134 0.060776 0.109438 0.000000 -0.076635 0.986150 0.147091 14.465700 -0.098982 -0.154321 0.983050 -0.129800 0.000000 0.000000 0.000000 1.000000
0.992203 0.060118 0.109175 0.000000 -0.076280 0.985665 0.150484 14.465700 -0.098563 -0.157638 0.982566 -0.129800 0.000000 0.000000 0.000000 1.000000
0.992249 0.059309 0.109200 0.000000 -0.075756 0.985281 0.153237 14.465700 -0.098504 -0.160322 0.982137 -0.129800 0.000000 0.000000 0.000000 1.000000
0.992266 0.058526 0.109465 0.000000 -0.075367 0.984772 0.156663 14.465700 -0.098629 -0.163702 0.981567 -0.129800 0.000000 0.000000 0.000000 1.000000
0.992285 0.057787 0.109686 -0.000000 -0.075039 0.984208 0.160327 14.465700 -0.098689 -0.167321 0.980951 -0.129800 0.000000 0.000000 0.000000 1.000000
0.992265 0.057257 0.110149 0.000000 -0.075061 0.983438 0.164974 14.465700 -0.098878 -0.171965 0.980128 -0.129800 0.000000 0.000000 0.000000 1.000000
0.992299 0.056831 0.110056 -0.000000 -0.075023 0.982766 0.168946 14.465700 -0.098557 -0.175902 0.979462 -0.129800 0.000000 0.000000 0.000000 1.000000
0.992330 0.056330 0.110036 -0.000000 -0.074921 0.982085 0.172907 14.465700 -0.098325 -0.179825 0.978772 -0.129800 0.000000 0.000000 0.000000 1.000000
0.992365 0.055546 0.110120 0.000000 -0.074551 0.981421 0.176789 14.465700 -0.098254 -0.183649 0.978069 -0.129800 0.000000 0.000000 0.000000 1.000000
0.992393 0.054847 0.110218 -0.000000 -0.074203 0.980861 0.180013 14.465700 -0.098236 -0.186822 0.977470 -0.129800 0.000000 0.000000 0.000000 1.000000
0.992431 0.054019 0.110281 0.000000 -0.073685 0.980370 0.182880 14.465700 -0.098238 -0.189621 0.976930 -0.129800 0.000000 0.000000 0.000000 1.000000
0.992473 0.053133 0.110333 0.000000 -0.073039 0.980009 0.185062 14.465700 -0.098295 -0.191727 0.976514 -0.129800 0.000000 0.000000 0.000000 1.000000
0.992500 0.052377 0.110459 0.000000 -0.072490 0.979724 0.186779 14.465700 -0.098437 -0.193385 0.976172 -0.129800 0.000000 0.000000 0.000000 1.000000
0.992497 0.051656 0.110818 -0.000000 -0.071922 0.979628 0.187501 14.465700 -0.098874 -0.194065 0.975993 -0.129800 0.000000 0.000000 0.000000 1.000000
0.992466 0.051405 0.111212 -0.000000 -0.071716 0.979711 0.187145 14.465700 -0.099336 -0.193711 0.976017 -0.129800 0.000000 0.000000 0.000000 1.000000
0.992435 0.051205 0.111586 -0.000000 -0.071416 0.980058 0.185437 14.465700 -0.099865 -0.192003 0.976300 -0.129800 0.000000 0.000000 0.000000 1.000000
0.992383 0.051434 0.111940 -0.000000 -0.071454 0.980526 0.182929 14.465700 -0.100351 -0.189534 0.976733 -0.129800 0.000000 0.000000 0.000000 1.000000
0.992344 0.051991 0.112032 0.000000 -0.071678 0.981128 0.179584 14.465700 -0.100581 -0.186239 0.977342 -0.129800 0.000000 0.000000 0.000000 1.000000
0.992389 0.052237 0.111509 0.000000 -0.071497 0.981718 0.176404 14.465700 -0.100256 -0.183034 0.977981 -0.129800 0.000000 0.000000 0.000000 1.000000
0.992507 0.052180 0.110487 -0.000000 -0.070853 0.982461 0.172483 14.465700 -0.099549 -0.179019 0.978796 -0.129800 0.000000 0.000000 0.000000 1.000000
0.992616 0.052111 0.109539 0.000000 -0.070119 0.983361 0.167587 14.465700 -0.098983 -0.174030 0.979753 -0.129800 0.000000 0.000000 0.000000 1.000000
0.992689 0.052067 0.108889 0.000000 -0.069498 0.984178 0.162984 14.465700 -0.098680 -0.169360 0.980602 -0.129800 0.000000 0.000000 0.000000 1.000000
0.992671 0.052030 0.109074 0.000000 -0.068920 0.985142 0.157309 14.465700 -0.099269 -0.163674 0.981507 -0.129800 0.000000 0.000000 0.000000 1.000000
0.992667 0.052484 0.108891 0.000000 -0.068802 0.985986 0.151978 14.465700 -0.099389 -0.158356 0.982367 -0.129800 0.000000 0.000000 0.000000 1.000000
0.992601 0.053079 0.109206 -0.000000 -0.068937 0.986734 0.146985 14.465700 -0.099955 -0.153426 0.983092 -0.129800 0.000000 0.000000 0.000000 1.000000
0.992614 0.053819 0.108725 -0.000000 -0.069185 0.987315 0.142908 14.465700 -0.099654 -0.149375 0.983746 -0.129800 0.000000 0.000000 0.000000 1.000000
0.992671 0.054289 0.107968 -0.000000 -0.069128 0.987900 0.138832 14.465700 -0.099124 -0.145278 0.984413 -0.129800 0.000000 0.000000 0.000000 1.000000
0.992626 0.054029 0.108513 0.000000 -0.068561 0.988470 0.135007 14.465700 -0.099967 -0.141451 0.984885 -0.129800 0.000000 0.000000 0.000000 1.000000
0.992679 0.054744 0.107667 -0.000000 -0.068796 0.988931 0.131462 14.465700 -0.099279 -0.137906 0.985457 -0.129800 0.000000 0.000000 0.000000 1.000000
0.992730 0.054547 0.107294 -0.000000 -0.068221 0.989398 0.128212 14.465700 -0.099163 -0.134599 0.985926 -0.129800 0.000000 0.000000 0.000000 1.000000
0.992763 0.054104 0.107211 -0.000000 -0.067502 0.989786 0.125568 14.465700 -0.099322 -0.131896 0.986275 -0.129800 0.000000 0.000000 0.000000 1.000000
0.992810 0.053617 0.107022 0.000000 -0.066698 0.990205 0.122657 14.465700 -0.099397 -0.128913 0.986662 -0.129800 0.000000 0.000000 0.000000 1.000000
0.992842 0.053041 0.107013 0.000000 -0.065868 0.990571 0.120130 14.465700 -0.099632 -0.126319 0.986974 -0.129800 0.000000 0.000000 0.000000 1.000000
0.992885 0.052190 0.107030 -0.000000 -0.064763 0.990949 0.117587 14.465700 -0.099924 -0.123682 0.987278 -0.129800 0.000000 0.000000 0.000000 1.000000
